County,FIPS,Age,Total,Total_Male,Total_Female,NH_White_Total,NH_White_Male,NH_White_Female,NH_Black_Total,NH_Black_Male,NH_Black_Female,NH_Asian_Total,NH_Asian_Male,NH_Asian_Female,NH_Other_Total,NH_Other_Male,NH_Other_Female,Hispanic_Total,Hispanic_Male,Hispanic_Female
STATE OF TEXAS,000,All Ages,29001602,14405398,14596204,12034112,5967896,6066216,3439413,1665112,1774301,1429669,701052,728617,651510,323801,327709,11446898,5747537,5699361
STATE OF TEXAS,000,< 1 Year,384846,196530,188316,113635,58311,55324,46075,23394,22681,13707,7084,6623,17129,8826,8303,194300,98915,95385
STATE OF TEXAS,000,1 Years,387805,197925,189880,114868,58855,56013,46287,23517,22770,14563,7495,7068,17148,8843,8305,194939,99215,95724
STATE OF TEXAS,000,2 Years,398550,203357,195193,118949,60961,57988,47342,24002,23340,15481,7963,7518,17522,8972,8550,199256,101459,97797
STATE OF TEXAS,000,3 Years,412252,210306,201946,124659,63788,60871,48525,24610,23915,17339,8911,8428,17636,9021,8615,204093,103976,100117
STATE OF TEXAS,000,4 Years,423298,216099,207199,129591,66378,63213,49192,24869,24323,18849,9688,9161,17634,8993,8641,208032,106171,101861
STATE OF TEXAS,000,5 Years,424276,216700,207576,130967,67063,63904,48838,24768,24070,19594,10104,9490,17250,8832,8418,207627,105933,101694
STATE OF TEXAS,000,6 Years,419610,214288,205322,130176,66662,63514,47912,24344,23568,19309,9999,9310,16524,8479,8045,205689,104804,100885
STATE OF TEXAS,000,7 Years,414259,211340,202919,128867,65986,62881,47003,23891,23112,18645,9685,8960,15710,8069,7641,204034,103709,100325
STATE OF TEXAS,000,8 Years,416417,212123,204294,129351,66180,63171,47259,23968,23291,18513,9565,8948,15081,7752,7329,206213,104658,101555
STATE OF TEXAS,000,9 Years,399870,202922,196948,124243,63864,60379,45534,22821,22713,16776,8579,8197,13753,6969,6784,199564,100689,98875
STATE OF TEXAS,000,10 Years,408825,207680,201145,127691,65348,62343,47673,24008,23665,17437,8906,8531,13904,7056,6848,202120,102362,99758
STATE OF TEXAS,000,11 Years,415705,211676,204029,129710,66485,63225,48909,24757,24152,18189,9316,8873,13803,7053,6750,205094,104065,101029
STATE OF TEXAS,000,12 Years,416544,212419,204125,130556,67092,63464,49436,25221,24215,17907,9108,8799,13269,6841,6428,205376,104157,101219
STATE OF TEXAS,000,13 Years,412310,210332,201978,130185,67222,62963,49138,24776,24362,17819,9052,8767,12799,6599,6200,202369,102683,99686
STATE OF TEXAS,000,14 Years,410183,209350,200833,130267,67139,63128,48685,24507,24178,17881,9142,8739,12464,6358,6106,200886,102204,98682
STATE OF TEXAS,000,15 Years,408409,208672,199737,131265,67748,63517,48606,24593,24013,18068,9155,8913,12057,6226,5831,198413,100950,97463
STATE OF TEXAS,000,16 Years,407371,207990,199381,132487,68429,64058,48658,24686,23972,18350,9332,9018,11674,5937,5737,196202,99606,96596
STATE OF TEXAS,000,17 Years,408958,209789,199169,134003,69406,64597,49722,25433,24289,18359,9438,8921,11397,5815,5582,195477,99697,95780
STATE OF TEXAS,000,18 Years,421505,216248,205257,140273,72636,67637,51681,26499,25182,19788,10223,9565,11411,5867,5544,198352,101023,97329
STATE OF TEXAS,000,19 Years,427336,219735,207601,144676,75278,69398,53033,27114,25919,19817,10226,9591,11336,5793,5543,198474,101324,97150
STATE OF TEXAS,000,20 Years,412711,212802,199909,141280,73458,67822,51777,26673,25104,18751,9662,9089,11160,5723,5437,189743,97286,92457
STATE OF TEXAS,000,21 Years,411677,212249,199428,142450,74261,68189,52078,26819,25259,19796,10159,9637,11075,5593,5482,186278,95417,90861
STATE OF TEXAS,000,22 Years,413912,212682,201230,145282,75420,69862,52755,26974,25781,20921,10573,10348,11038,5533,5505,183916,94182,89734
STATE OF TEXAS,000,23 Years,416717,213977,202740,147066,76122,70944,53673,27622,26051,21706,11016,10690,10981,5463,5518,183291,93754,89537
STATE OF TEXAS,000,24 Years,423566,217146,206420,151247,77992,73255,56047,28718,27329,22483,11307,11176,10892,5476,5416,182897,93653,89244
STATE OF TEXAS,000,25 Years,430720,220817,209903,154633,79524,75109,58182,29884,28298,23462,11709,11753,10817,5438,5379,183626,94262,89364
STATE OF TEXAS,000,26 Years,435581,223327,212254,157318,81035,76283,60374,30938,29436,23213,11511,11702,10503,5284,5219,184173,94559,89614
STATE OF TEXAS,000,27 Years,437302,224322,212980,159663,82283,77380,60368,30863,29505,23176,11623,11553,10092,4971,5121,184003,94582,89421
STATE OF TEXAS,000,28 Years,432956,220891,212065,159929,81889,78040,60075,30147,29928,22885,11388,11497,9971,4906,5065,180096,92561,87535
STATE OF TEXAS,000,29 Years,426703,217242,209461,159956,81476,78480,58502,29086,29416,23562,11607,11955,9494,4698,4796,175189,90375,84814
STATE OF TEXAS,000,30 Years,414238,210991,203247,156883,79445,77438,55594,27603,27991,24638,12315,12323,8798,4352,4446,168325,87276,81049
STATE OF TEXAS,000,31 Years,407087,207567,199520,155596,78630,76966,52922,26069,26853,24351,12236,12115,8320,3986,4334,165898,86646,79252
STATE OF TEXAS,000,32 Years,406478,206860,199618,157228,79156,78072,51596,25348,26248,24191,12202,11989,8094,3742,4352,165369,86412,78957
STATE OF TEXAS,000,33 Years,408709,207557,201152,159606,80133,79473,51366,25248,26118,24759,12391,12368,7768,3772,3996,165210,86013,79197
STATE OF TEXAS,000,34 Years,408720,207523,201197,160853,81053,79800,50647,24972,25675,25016,12702,12314,7601,3664,3937,164603,85132,79471
STATE OF TEXAS,000,35 Years,402262,203387,198875,157553,79307,78246,49442,24146,25296,25729,12699,13030,7500,3730,3770,162038,83505,78533
STATE OF TEXAS,000,36 Years,407274,205746,201528,159210,80256,78954,49894,24301,25593,25979,12661,13318,7555,3737,3818,164636,84791,79845
STATE OF TEXAS,000,37 Years,404651,203663,200988,158481,79627,78854,49388,24023,25365,25224,12107,13117,7456,3607,3849,164102,84299,79803
STATE OF TEXAS,000,38 Years,403238,202277,200961,158033,79683,78350,49846,24071,25775,24264,11466,12798,7228,3535,3693,163867,83522,80345
STATE OF TEXAS,000,39 Years,402482,202419,200063,156963,79357,77606,50550,24330,26220,24030,11524,12506,7078,3445,3633,163861,83763,80098
STATE OF TEXAS,000,40 Years,380797,191033,189764,148686,75182,73504,47931,23031,24900,23301,11116,12185,6731,3256,3475,154148,78448,75700
STATE OF TEXAS,000,41 Years,372819,186337,186482,145608,73223,72385,45629,21851,23778,22594,10813,11781,6453,3099,3354,152535,77351,75184
STATE OF TEXAS,000,42 Years,367620,183524,184096,142569,71794,70775,44421,21264,23157,22386,10729,11657,6220,3045,3175,152024,76692,75332
STATE OF TEXAS,000,43 Years,364655,181696,182959,140199,70850,69349,43444,20548,22896,23102,11067,12035,6042,2970,3072,151868,76261,75607
STATE OF TEXAS,000,44 Years,367356,182959,184397,142590,71930,70660,43177,20567,22610,23274,11135,12139,6113,2957,3156,152202,76370,75832
STATE OF TEXAS,000,45 Years,359219,177725,181494,140061,70285,69776,42994,20432,22562,23273,11151,12122,5750,2710,3040,147141,73147,73994
STATE OF TEXAS,000,46 Years,361040,178652,182388,142693,71930,70763,43933,20753,23180,23418,11251,12167,5712,2708,3004,145284,72010,73274
STATE OF TEXAS,000,47 Years,369188,182407,186781,152223,76707,75516,44624,21150,23474,22957,10933,12024,5800,2757,3043,143584,70860,72724
STATE OF TEXAS,000,48 Years,378638,187096,191542,163788,82399,81389,45998,21771,24227,22501,10823,11678,5972,2853,3119,140379,69250,71129
STATE OF TEXAS,000,49 Years,375409,185846,189563,164937,82966,81971,44488,21033,23455,21818,10416,11402,5831,2795,3036,138335,68636,69699
STATE OF TEXAS,000,50 Years,353328,175211,178117,156470,78517,77953,41280,19672,21608,20639,9981,10658,5281,2549,2732,129658,64492,65166
STATE OF TEXAS,000,51 Years,339792,168560,171232,150094,75622,74472,40873,19517,21356,18998,9261,9737,4998,2333,2665,124829,61827,63002
STATE OF TEXAS,000,52 Years,332746,165054,167692,149061,74981,74080,40703,19346,21357,17562,8543,9019,4804,2286,2518,120616,59898,60718
STATE OF TEXAS,000,53 Years,333521,165289,168232,150944,75328,75616,41620,19680,21940,17331,8496,8835,4772,2300,2472,118854,59485,59369
STATE OF TEXAS,000,54 Years,347154,171262,175892,162585,80848,81737,43388,20341,23047,17125,8354,8771,5035,2412,2623,119021,59307,59714
STATE OF TEXAS,000,55 Years,349439,171982,177457,170486,84552,85934,42478,19826,22652,17067,8328,8739,5126,2485,2641,114282,56791,57491
STATE OF TEXAS,000,56 Years,350290,171937,178353,175356,86662,88694,41884,19536,22348,16792,8166,8626,5245,2556,2689,111013,55017,55996
STATE OF TEXAS,000,57 Years,345247,169150,176097,177270,87384,89886,41226,19208,22018,15175,7387,7788,5126,2415,2711,106450,52756,53694
STATE OF TEXAS,000,58 Years,344323,167990,176333,179759,88486,91273,41168,19121,22047,14865,7071,7794,5089,2408,2681,103442,50904,52538
STATE OF TEXAS,000,59 Years,344103,168436,175667,182152,89773,92379,40898,19178,21720,14726,6882,7844,4962,2468,2494,101365,50135,51230
STATE OF TEXAS,000,60 Years,329509,160352,169157,177566,87272,90294,39288,18214,21074,14008,6462,7546,4597,2235,2362,94050,46169,47881
STATE OF TEXAS,000,61 Years,324248,157099,167149,177813,87154,90659,37884,17417,20467,13649,6316,7333,4679,2312,2367,90223,43900,46323
STATE OF TEXAS,000,62 Years,315281,151728,163553,174460,84992,89468,36610,16765,19845,13455,6167,7288,4581,2200,2381,86175,41604,44571
STATE OF TEXAS,000,63 Years,304638,146082,158556,169493,82111,87382,35184,16133,19051,13204,6073,7131,4354,2141,2213,82403,39624,42779
STATE OF TEXAS,000,64 Years,296713,141721,154992,167789,81171,86618,33571,15256,18315,12780,5877,6903,4158,1994,2164,78415,37423,40992
STATE OF TEXAS,000,65 Years,280163,132660,147503,161481,77437,84044,30444,13580,16864,11961,5465,6496,3847,1873,1974,72430,34305,38125
STATE OF TEXAS,000,66 Years,268421,126948,141473,156487,75074,81413,28616,12727,15889,11740,5321,6419,3644,1725,1919,67934,32101,35833
STATE OF TEXAS,000,67 Years,253755,119437,134318,150153,71807,78346,26896,11769,15127,10638,4721,5917,3428,1658,1770,62640,29482,33158
STATE OF TEXAS,000,68 Years,240665,112711,127954,141289,67317,73972,25709,11176,14533,10273,4509,5764,3215,1540,1675,60179,28169,32010
STATE OF TEXAS,000,69 Years,233633,109116,124517,138740,66016,72724,24136,10453,13683,10154,4505,5649,3010,1423,1587,57593,26719,30874
STATE OF TEXAS,000,70 Years,223110,103979,119131,135151,64042,71109,22418,9694,12724,9182,4153,5029,2891,1374,1517,53468,24716,28752
STATE OF TEXAS,000,71 Years,219823,102444,117379,137423,65137,72286,20790,9062,11728,8323,3734,4589,2784,1333,1451,50503,23178,27325
STATE OF TEXAS,000,72 Years,213215,99145,114070,137296,65049,72247,18603,8027,10576,7420,3322,4098,2706,1270,1436,47190,21477,25713
STATE OF TEXAS,000,73 Years,174679,80748,93931,108912,51481,57431,15542,6564,8978,6407,2944,3463,2132,1010,1122,41686,18749,22937
STATE OF TEXAS,000,74 Years,162330,74156,88174,101546,47348,54198,14432,5942,8490,5951,2747,3204,1930,880,1050,38471,17239,21232
STATE OF TEXAS,000,75 Years,156766,71091,85675,101357,46991,54366,13291,5406,7885,5271,2409,2862,1820,840,980,35027,15445,19582
STATE OF TEXAS,000,76 Years,147765,66774,80991,96933,44781,52152,12400,5102,7298,4935,2316,2619,1703,801,902,31794,13774,18020
STATE OF TEXAS,000,77 Years,132037,59292,72745,86570,39823,46747,11073,4468,6605,4504,2098,2406,1506,696,810,28384,12207,16177
STATE OF TEXAS,000,78 Years,119715,52882,66833,78066,35358,42708,10129,3944,6185,4076,1898,2178,1313,572,741,26131,11110,15021
STATE OF TEXAS,000,79 Years,109176,47866,61310,70761,31698,39063,9197,3536,5661,3739,1747,1992,1198,520,678,24281,10365,13916
STATE OF TEXAS,000,80 Years,99834,43411,56423,65416,29107,36309,8068,3149,4919,3371,1556,1815,1043,452,591,21936,9147,12789
STATE OF TEXAS,000,81 Years,92435,39578,52857,60630,26612,34018,7304,2736,4568,3046,1425,1621,977,421,556,20478,8384,12094
STATE OF TEXAS,000,82 Years,83671,35352,48319,54624,23733,30891,6723,2431,4292,2739,1239,1500,854,364,490,18731,7585,11146
STATE OF TEXAS,000,83 Years,77359,32018,45341,50682,21630,29052,6105,2168,3937,2438,1052,1386,804,334,470,17330,6834,10496
STATE OF TEXAS,000,84 Years,71770,29316,42454,47274,19797,27477,5714,2013,3701,2088,940,1148,669,260,409,16025,6306,9719
STATE OF TEXAS,000,85 Years,62846,25266,37580,41568,17096,24472,5039,1747,3292,1823,794,1029,566,226,340,13850,5403,8447
STATE OF TEXAS,000,86 Years,56130,22043,34087,37452,15092,22360,4555,1518,3037,1622,684,938,518,204,314,11983,4545,7438
STATE OF TEXAS,000,87 Years,50385,19510,30875,33866,13443,20423,3835,1255,2580,1345,550,795,462,162,300,10877,4100,6777
STATE OF TEXAS,000,88 Years,45270,17149,28121,30512,11809,18703,3350,1074,2276,1251,491,760,416,150,266,9741,3625,6116
STATE OF TEXAS,000,89 Years,40107,14692,25415,26882,10062,16820,3025,919,2106,1080,417,663,372,140,232,8748,3154,5594
STATE OF TEXAS,000,90 Years,33544,11984,21560,22603,8219,14384,2580,759,1821,816,320,496,308,124,184,7237,2562,4675
STATE OF TEXAS,000,91 Years,27789,9559,18230,18725,6531,12194,2126,602,1524,678,260,418,235,69,166,6025,2097,3928
STATE OF TEXAS,000,92 Years,23044,7660,15384,15523,5182,10341,1760,477,1283,580,209,371,194,48,146,4987,1744,3243
STATE OF TEXAS,000,93 Years,18733,5940,12793,12628,4007,8621,1501,396,1105,456,162,294,169,34,135,3979,1341,2638
STATE OF TEXAS,000,94 Years,14867,4529,10338,9947,2984,6963,1256,341,915,335,115,220,123,28,95,3206,1061,2145
STATE OF TEXAS,000,95 Years +,36179,10088,26091,23314,6176,17138,3518,854,2664,900,322,578,320,70,250,8127,2666,5461
ANDERSON COUNTY,001,All Ages,59025,36468,22557,34133,19251,14882,12495,9263,3232,315,150,165,1374,671,703,10708,7133,3575
ANDERSON COUNTY,001,< 1 Year,703,356,347,312,157,155,125,62,63,4,2,2,101,53,48,161,82,79
ANDERSON COUNTY,001,1 Years,666,333,333,296,148,148,121,62,59,5,3,2,85,42,43,159,78,81
ANDERSON COUNTY,001,2 Years,584,290,294,272,136,136,112,59,53,3,1,2,63,30,33,134,64,70
ANDERSON COUNTY,001,3 Years,569,293,276,271,142,129,112,61,51,3,1,2,49,26,23,134,63,71
ANDERSON COUNTY,001,4 Years,565,299,266,274,142,132,107,60,47,4,2,2,51,30,21,129,65,64
ANDERSON COUNTY,001,5 Years,566,303,263,276,147,129,105,55,50,4,2,2,42,24,18,139,75,64
ANDERSON COUNTY,001,6 Years,540,275,265,272,137,135,96,49,47,3,1,2,36,14,22,133,74,59
ANDERSON COUNTY,001,7 Years,548,284,264,281,144,137,94,52,42,2,1,1,31,11,20,140,76,64
ANDERSON COUNTY,001,8 Years,543,285,258,288,152,136,87,49,38,2,1,1,30,13,17,136,70,66
ANDERSON COUNTY,001,9 Years,542,300,242,280,150,130,98,54,44,2,2,0,28,11,17,134,83,51
ANDERSON COUNTY,001,10 Years,607,305,302,338,167,171,94,42,52,3,2,1,25,12,13,147,82,65
ANDERSON COUNTY,001,11 Years,630,315,315,341,170,171,85,36,49,5,3,2,33,15,18,166,91,75
ANDERSON COUNTY,001,12 Years,663,350,313,357,188,169,82,38,44,4,3,1,41,24,17,179,97,82
ANDERSON COUNTY,001,13 Years,661,345,316,370,192,178,90,37,53,4,2,2,32,18,14,165,96,69
ANDERSON COUNTY,001,14 Years,657,356,301,356,181,175,96,55,41,4,1,3,24,13,11,177,106,71
ANDERSON COUNTY,001,15 Years,635,337,298,382,198,184,85,54,31,2,1,1,17,9,8,149,75,74
ANDERSON COUNTY,001,16 Years,677,375,302,386,216,170,95,56,39,6,4,2,21,9,12,169,90,79
ANDERSON COUNTY,001,17 Years,691,394,297,391,223,168,108,55,53,7,6,1,19,11,8,166,99,67
ANDERSON COUNTY,001,18 Years,704,409,295,404,229,175,111,70,41,5,3,2,24,15,9,160,92,68
ANDERSON COUNTY,001,19 Years,655,371,284,373,210,163,102,69,33,7,3,4,18,10,8,155,79,76
ANDERSON COUNTY,001,20 Years,737,454,283,397,237,160,133,103,30,5,2,3,25,13,12,177,99,78
ANDERSON COUNTY,001,21 Years,682,423,259,353,206,147,135,105,30,4,1,3,21,10,11,169,101,68
ANDERSON COUNTY,001,22 Years,718,462,256,372,222,150,162,127,35,3,1,2,25,10,15,156,102,54
ANDERSON COUNTY,001,23 Years,751,480,271,392,233,159,178,139,39,5,3,2,21,8,13,155,97,58
ANDERSON COUNTY,001,24 Years,760,498,262,367,225,142,189,143,46,4,2,2,21,11,10,179,117,62
ANDERSON COUNTY,001,25 Years,917,641,276,448,276,172,234,196,38,2,2,0,17,13,4,216,154,62
ANDERSON COUNTY,001,26 Years,911,646,265,446,286,160,243,206,37,3,2,1,20,10,10,199,142,57
ANDERSON COUNTY,001,27 Years,919,652,267,476,308,168,245,206,39,2,1,1,16,6,10,180,131,49
ANDERSON COUNTY,001,28 Years,950,688,262,465,303,162,271,229,42,3,1,2,11,4,7,200,151,49
ANDERSON COUNTY,001,29 Years,917,650,267,465,293,172,261,218,43,2,2,0,5,2,3,184,135,49
ANDERSON COUNTY,001,30 Years,1007,724,283,511,324,187,279,235,44,6,5,1,5,2,3,206,158,48
ANDERSON COUNTY,001,31 Years,1048,765,283,491,313,178,305,261,44,3,2,1,7,5,2,242,184,58
ANDERSON COUNTY,001,32 Years,1081,805,276,524,346,178,310,263,47,5,4,1,8,3,5,234,189,45
ANDERSON COUNTY,001,33 Years,1026,748,278,508,325,183,272,227,45,7,5,2,5,3,2,234,188,46
ANDERSON COUNTY,001,34 Years,965,701,264,462,280,182,280,243,37,6,6,0,6,5,1,211,167,44
ANDERSON COUNTY,001,35 Years,947,704,243,440,281,159,272,227,45,2,2,0,16,12,4,217,182,35
ANDERSON COUNTY,001,36 Years,976,693,283,466,283,183,276,234,42,7,3,4,6,3,3,221,170,51
ANDERSON COUNTY,001,37 Years,916,651,265,424,246,178,256,224,32,6,2,4,10,7,3,220,172,48
ANDERSON COUNTY,001,38 Years,965,684,281,455,271,184,268,230,38,8,3,5,14,8,6,220,172,48
ANDERSON COUNTY,001,39 Years,1001,723,278,480,306,174,271,237,34,8,4,4,7,2,5,235,174,61
ANDERSON COUNTY,001,40 Years,997,736,261,448,285,163,276,238,38,4,1,3,10,6,4,259,206,53
ANDERSON COUNTY,001,41 Years,947,699,248,438,271,167,267,236,31,5,3,2,3,0,3,234,189,45
ANDERSON COUNTY,001,42 Years,909,680,229,428,271,157,268,236,32,6,4,2,7,3,4,200,166,34
ANDERSON COUNTY,001,43 Years,905,669,236,419,260,159,267,237,30,8,5,3,7,4,3,204,163,41
ANDERSON COUNTY,001,44 Years,890,645,245,452,296,156,252,218,34,4,2,2,9,4,5,173,125,48
ANDERSON COUNTY,001,45 Years,849,600,249,432,267,165,235,205,30,6,4,2,5,0,5,171,124,47
ANDERSON COUNTY,001,46 Years,851,594,257,434,267,167,233,196,37,4,1,3,10,4,6,170,126,44
ANDERSON COUNTY,001,47 Years,873,604,269,434,265,169,224,186,38,11,3,8,13,6,7,191,144,47
ANDERSON COUNTY,001,48 Years,842,580,262,458,287,171,208,172,36,10,5,5,8,4,4,158,112,46
ANDERSON COUNTY,001,49 Years,873,620,253,463,307,156,225,180,45,6,3,3,11,7,4,168,123,45
ANDERSON COUNTY,001,50 Years,768,527,241,409,248,161,193,155,38,6,2,4,10,6,4,150,116,34
ANDERSON COUNTY,001,51 Years,750,506,244,426,251,175,182,149,33,4,1,3,11,5,6,127,100,27
ANDERSON COUNTY,001,52 Years,765,506,259,443,261,182,175,137,38,2,1,1,13,8,5,132,99,33
ANDERSON COUNTY,001,53 Years,721,465,256,428,253,175,176,131,45,2,2,0,6,2,4,109,77,32
ANDERSON COUNTY,001,54 Years,721,457,264,468,273,195,153,120,33,3,1,2,9,6,3,88,57,31
ANDERSON COUNTY,001,55 Years,739,467,272,485,288,197,150,116,34,4,1,3,9,6,3,91,56,35
ANDERSON COUNTY,001,56 Years,728,445,283,478,279,199,150,110,40,3,2,1,13,7,6,84,47,37
ANDERSON COUNTY,001,57 Years,712,418,294,478,263,215,132,91,41,3,1,2,14,6,8,85,57,28
ANDERSON COUNTY,001,58 Years,686,409,277,480,282,198,127,81,46,2,1,1,8,2,6,69,43,26
ANDERSON COUNTY,001,59 Years,689,411,278,481,280,201,129,83,46,3,1,2,11,5,6,65,42,23
ANDERSON COUNTY,001,60 Years,659,374,285,476,261,215,114,71,43,2,1,1,13,8,5,54,33,21
ANDERSON COUNTY,001,61 Years,677,380,297,502,281,221,107,65,42,2,1,1,14,7,7,52,26,26
ANDERSON COUNTY,001,62 Years,648,351,297,476,259,217,109,66,43,4,1,3,10,3,7,49,22,27
ANDERSON COUNTY,001,63 Years,624,326,298,464,236,228,110,66,44,4,1,3,12,6,6,34,17,17
ANDERSON COUNTY,001,64 Years,647,348,299,488,260,228,118,67,51,2,0,2,9,5,4,30,16,14
ANDERSON COUNTY,001,65 Years,599,298,301,463,232,231,102,59,43,3,1,2,6,0,6,25,6,19
ANDERSON COUNTY,001,66 Years,543,276,267,427,214,213,90,55,35,2,0,2,2,0,2,22,7,15
ANDERSON COUNTY,001,67 Years,553,273,280,443,226,217,79,41,38,1,0,1,1,0,1,29,6,23
ANDERSON COUNTY,001,68 Years,522,257,265,402,206,196,85,45,40,2,0,2,6,0,6,27,6,21
ANDERSON COUNTY,001,69 Years,501,257,244,388,198,190,72,43,29,3,1,2,5,0,5,33,15,18
ANDERSON COUNTY,001,70 Years,500,239,261,406,192,214,57,33,24,1,1,0,3,0,3,33,13,20
ANDERSON COUNTY,001,71 Years,474,233,241,402,201,201,43,22,21,0,0,0,4,0,4,25,10,15
ANDERSON COUNTY,001,72 Years,473,227,246,412,198,214,36,20,16,2,1,1,1,0,1,22,8,14
ANDERSON COUNTY,001,73 Years,384,188,196,328,163,165,33,18,15,2,0,2,3,0,3,18,7,11
ANDERSON COUNTY,001,74 Years,387,191,196,320,157,163,40,21,19,2,0,2,4,2,2,21,11,10
ANDERSON COUNTY,001,75 Years,388,204,184,325,170,155,39,18,21,0,0,0,4,2,2,20,14,6
ANDERSON COUNTY,001,76 Years,420,204,216,341,166,175,40,20,20,2,0,2,5,1,4,32,17,15
ANDERSON COUNTY,001,77 Years,371,184,187,299,146,153,39,18,21,2,0,2,4,2,2,27,18,9
ANDERSON COUNTY,001,78 Years,339,174,165,273,140,133,42,16,26,1,0,1,5,3,2,18,15,3
ANDERSON COUNTY,001,79 Years,319,156,163,262,132,130,32,11,21,0,0,0,9,3,6,16,10,6
ANDERSON COUNTY,001,80 Years,281,141,140,238,118,120,23,12,11,1,0,1,4,1,3,15,10,5
ANDERSON COUNTY,001,81 Years,253,112,141,220,95,125,20,7,13,1,0,1,2,2,0,10,8,2
ANDERSON COUNTY,001,82 Years,219,96,123,183,78,105,20,8,12,0,0,0,2,1,1,14,9,5
ANDERSON COUNTY,001,83 Years,190,87,103,157,72,85,25,9,16,0,0,0,2,1,1,6,5,1
ANDERSON COUNTY,001,84 Years,208,87,121,174,75,99,19,7,12,1,0,1,4,1,3,10,4,6
ANDERSON COUNTY,001,85 Years,170,73,97,140,60,80,20,7,13,0,0,0,3,1,2,7,5,2
ANDERSON COUNTY,001,86 Years,156,70,86,126,57,69,19,5,14,1,1,0,2,1,1,8,6,2
ANDERSON COUNTY,001,87 Years,128,56,72,105,48,57,12,4,8,0,0,0,2,0,2,9,4,5
ANDERSON COUNTY,001,88 Years,115,46,69,91,39,52,13,4,9,2,0,2,2,0,2,7,3,4
ANDERSON COUNTY,001,89 Years,98,36,62,81,32,49,8,2,6,1,0,1,3,1,2,5,1,4
ANDERSON COUNTY,001,90 Years,80,25,55,64,21,43,12,3,9,0,0,0,2,1,1,2,0,2
ANDERSON COUNTY,001,91 Years,69,21,48,53,16,37,12,3,9,1,0,1,0,0,0,3,2,1
ANDERSON COUNTY,001,92 Years,53,20,33,42,17,25,6,2,4,3,0,3,0,0,0,2,1,1
ANDERSON COUNTY,001,93 Years,41,14,27,31,11,20,6,2,4,1,0,1,1,0,1,2,1,1
ANDERSON COUNTY,001,94 Years,31,11,20,24,8,16,6,2,4,0,0,0,0,0,0,1,1,0
ANDERSON COUNTY,001,95 Years +,90,28,62,63,19,44,20,6,14,0,0,0,2,1,1,5,2,3
ANDREWS COUNTY,003,All Ages,19279,9883,9396,6767,3413,3354,222,109,113,85,45,40,228,113,115,11977,6203,5774
ANDREWS COUNTY,003,< 1 Year,336,160,176,89,47,42,15,5,10,1,1,0,7,4,3,224,103,121
ANDREWS COUNTY,003,1 Years,326,160,166,86,46,40,12,4,8,2,2,0,6,4,2,220,104,116
ANDREWS COUNTY,003,2 Years,287,140,147,70,35,35,4,2,2,1,1,0,4,2,2,208,100,108
ANDREWS COUNTY,003,3 Years,287,146,141,74,38,36,3,2,1,1,0,1,2,0,2,207,106,101
ANDREWS COUNTY,003,4 Years,326,163,163,87,46,41,3,1,2,0,0,0,3,1,2,233,115,118
ANDREWS COUNTY,003,5 Years,353,175,178,91,46,45,2,2,0,1,0,1,2,1,1,257,126,131
ANDREWS COUNTY,003,6 Years,368,181,187,93,48,45,3,1,2,1,1,0,1,1,0,270,130,140
ANDREWS COUNTY,003,7 Years,359,177,182,90,46,44,2,1,1,1,1,0,2,1,1,264,128,136
ANDREWS COUNTY,003,8 Years,344,166,178,89,45,44,2,0,2,2,1,1,3,1,2,248,119,129
ANDREWS COUNTY,003,9 Years,330,166,164,87,46,41,1,1,0,1,1,0,3,3,0,238,115,123
ANDREWS COUNTY,003,10 Years,323,169,154,106,53,53,4,4,0,0,0,0,5,4,1,208,108,100
ANDREWS COUNTY,003,11 Years,326,172,154,99,52,47,3,1,2,1,0,1,4,3,1,219,116,103
ANDREWS COUNTY,003,12 Years,351,186,165,97,61,36,2,0,2,1,0,1,3,2,1,248,123,125
ANDREWS COUNTY,003,13 Years,340,173,167,90,54,36,3,1,2,1,0,1,4,1,3,242,117,125
ANDREWS COUNTY,003,14 Years,345,179,166,91,53,38,3,3,0,1,0,1,2,0,2,248,123,125
ANDREWS COUNTY,003,15 Years,324,148,176,79,41,38,3,3,0,0,0,0,5,2,3,237,102,135
ANDREWS COUNTY,003,16 Years,305,151,154,86,46,40,3,2,1,1,1,0,6,3,3,209,99,110
ANDREWS COUNTY,003,17 Years,291,149,142,80,42,38,2,2,0,0,0,0,3,2,1,206,103,103
ANDREWS COUNTY,003,18 Years,293,143,150,82,45,37,6,3,3,0,0,0,6,1,5,199,94,105
ANDREWS COUNTY,003,19 Years,254,123,131,68,38,30,6,3,3,1,1,0,4,1,3,175,80,95
ANDREWS COUNTY,003,20 Years,266,148,118,60,33,27,4,2,2,2,0,2,8,4,4,192,109,83
ANDREWS COUNTY,003,21 Years,270,145,125,69,35,34,4,1,3,2,1,1,4,3,1,191,105,86
ANDREWS COUNTY,003,22 Years,289,173,116,75,41,34,3,2,1,1,1,0,2,2,0,208,127,81
ANDREWS COUNTY,003,23 Years,300,167,133,81,47,34,4,2,2,0,0,0,2,0,2,213,118,95
ANDREWS COUNTY,003,24 Years,292,153,139,90,47,43,4,3,1,2,1,1,7,5,2,189,97,92
ANDREWS COUNTY,003,25 Years,322,176,146,96,50,46,2,2,0,2,2,0,5,2,3,217,120,97
ANDREWS COUNTY,003,26 Years,307,190,117,94,57,37,1,1,0,1,1,0,4,3,1,207,128,79
ANDREWS COUNTY,003,27 Years,331,184,147,99,56,43,3,3,0,0,0,0,4,3,1,225,122,103
ANDREWS COUNTY,003,28 Years,299,150,149,83,43,40,2,2,0,0,0,0,4,1,3,210,104,106
ANDREWS COUNTY,003,29 Years,304,179,125,95,56,39,1,1,0,1,1,0,3,1,2,204,120,84
ANDREWS COUNTY,003,30 Years,357,198,159,116,63,53,4,2,2,2,2,0,3,2,1,232,129,103
ANDREWS COUNTY,003,31 Years,330,189,141,120,72,48,2,2,0,2,1,1,1,1,0,205,113,92
ANDREWS COUNTY,003,32 Years,325,185,140,104,58,46,2,1,1,0,0,0,0,0,0,219,126,93
ANDREWS COUNTY,003,33 Years,302,158,144,89,38,51,1,0,1,0,0,0,0,0,0,212,120,92
ANDREWS COUNTY,003,34 Years,319,166,153,99,45,54,1,0,1,2,2,0,0,0,0,217,119,98
ANDREWS COUNTY,003,35 Years,292,153,139,96,49,47,1,0,1,1,1,0,4,2,2,190,101,89
ANDREWS COUNTY,003,36 Years,324,169,155,114,60,54,1,0,1,0,0,0,4,2,2,205,107,98
ANDREWS COUNTY,003,37 Years,302,171,131,94,45,49,1,1,0,1,1,0,3,2,1,203,122,81
ANDREWS COUNTY,003,38 Years,263,133,130,90,39,51,1,0,1,0,0,0,8,7,1,164,87,77
ANDREWS COUNTY,003,39 Years,254,138,116,84,43,41,3,1,2,0,0,0,5,3,2,162,91,71
ANDREWS COUNTY,003,40 Years,246,142,104,86,47,39,2,1,1,0,0,0,3,2,1,155,92,63
ANDREWS COUNTY,003,41 Years,231,117,114,76,38,38,1,0,1,1,0,1,2,2,0,151,77,74
ANDREWS COUNTY,003,42 Years,241,110,131,84,41,43,3,1,2,0,0,0,3,2,1,151,66,85
ANDREWS COUNTY,003,43 Years,231,104,127,81,37,44,3,1,2,0,0,0,2,0,2,145,66,79
ANDREWS COUNTY,003,44 Years,224,120,104,78,35,43,4,3,1,1,0,1,1,1,0,140,81,59
ANDREWS COUNTY,003,45 Years,234,125,109,80,40,40,3,3,0,1,0,1,1,1,0,149,81,68
ANDREWS COUNTY,003,46 Years,211,108,103,79,39,40,4,2,2,1,0,1,0,0,0,127,67,60
ANDREWS COUNTY,003,47 Years,177,94,83,82,41,41,2,1,1,1,0,1,1,0,1,91,52,39
ANDREWS COUNTY,003,48 Years,183,95,88,78,39,39,1,1,0,1,1,0,0,0,0,103,54,49
ANDREWS COUNTY,003,49 Years,186,92,94,76,38,38,1,1,0,2,2,0,1,0,1,106,51,55
ANDREWS COUNTY,003,50 Years,182,80,102,72,34,38,3,1,2,1,1,0,0,0,0,106,44,62
ANDREWS COUNTY,003,51 Years,204,88,116,84,35,49,1,0,1,3,1,2,2,0,2,114,52,62
ANDREWS COUNTY,003,52 Years,183,93,90,66,32,34,2,1,1,3,1,2,2,1,1,110,58,52
ANDREWS COUNTY,003,53 Years,165,101,64,55,31,24,3,1,2,1,0,1,3,2,1,103,67,36
ANDREWS COUNTY,003,54 Years,177,87,90,78,35,43,1,0,1,0,0,0,4,1,3,94,51,43
ANDREWS COUNTY,003,55 Years,203,92,111,87,30,57,2,0,2,2,1,1,2,0,2,110,61,49
ANDREWS COUNTY,003,56 Years,194,94,100,92,41,51,3,1,2,0,0,0,2,0,2,97,52,45
ANDREWS COUNTY,003,57 Years,181,96,85,83,43,40,2,0,2,3,3,0,3,2,1,90,48,42
ANDREWS COUNTY,003,58 Years,197,108,89,106,56,50,2,1,1,2,2,0,4,2,2,83,47,36
ANDREWS COUNTY,003,59 Years,187,105,82,96,52,44,2,1,1,1,0,1,3,1,2,85,51,34
ANDREWS COUNTY,003,60 Years,176,86,90,88,42,46,1,0,1,3,1,2,2,0,2,82,43,39
ANDREWS COUNTY,003,61 Years,171,81,90,83,40,43,3,0,3,3,1,2,3,3,0,79,37,42
ANDREWS COUNTY,003,62 Years,173,88,85,97,51,46,2,1,1,2,1,1,3,1,2,69,34,35
ANDREWS COUNTY,003,63 Years,157,81,76,90,49,41,1,0,1,1,1,0,2,0,2,63,31,32
ANDREWS COUNTY,003,64 Years,144,72,72,83,40,43,2,2,0,1,0,1,1,0,1,57,30,27
ANDREWS COUNTY,003,65 Years,139,69,70,82,39,43,5,3,2,1,1,0,2,0,2,49,26,23
ANDREWS COUNTY,003,66 Years,123,56,67,74,37,37,4,2,2,1,0,1,2,0,2,42,17,25
ANDREWS COUNTY,003,67 Years,115,58,57,64,34,30,2,1,1,1,0,1,2,0,2,46,23,23
ANDREWS COUNTY,003,68 Years,126,72,54,61,34,27,3,1,2,1,1,0,4,2,2,57,34,23
ANDREWS COUNTY,003,69 Years,120,62,58,66,34,32,3,1,2,0,0,0,2,1,1,49,26,23
ANDREWS COUNTY,003,70 Years,113,59,54,65,29,36,1,1,0,1,0,1,3,2,1,43,27,16
ANDREWS COUNTY,003,71 Years,99,47,52,57,24,33,1,1,0,1,0,1,4,3,1,36,19,17
ANDREWS COUNTY,003,72 Years,94,43,51,53,23,30,2,1,1,0,0,0,2,1,1,37,18,19
ANDREWS COUNTY,003,73 Years,73,35,38,37,21,16,2,1,1,1,0,1,1,0,1,32,13,19
ANDREWS COUNTY,003,74 Years,68,34,34,35,21,14,2,1,1,0,0,0,2,1,1,29,11,18
ANDREWS COUNTY,003,75 Years,74,35,39,46,23,23,1,1,0,0,0,0,1,0,1,26,11,15
ANDREWS COUNTY,003,76 Years,76,32,44,45,20,25,1,1,0,1,1,0,1,0,1,28,10,18
ANDREWS COUNTY,003,77 Years,61,30,31,38,18,20,2,1,1,0,0,0,1,1,0,20,10,10
ANDREWS COUNTY,003,78 Years,64,27,37,38,17,21,1,0,1,0,0,0,0,0,0,25,10,15
ANDREWS COUNTY,003,79 Years,54,21,33,39,16,23,1,0,1,1,0,1,0,0,0,13,5,8
ANDREWS COUNTY,003,80 Years,51,16,35,30,7,23,0,0,0,0,0,0,0,0,0,21,9,12
ANDREWS COUNTY,003,81 Years,55,24,31,34,12,22,0,0,0,2,2,0,0,0,0,19,10,9
ANDREWS COUNTY,003,82 Years,45,16,29,26,7,19,0,0,0,0,0,0,1,0,1,18,9,9
ANDREWS COUNTY,003,83 Years,51,18,33,39,13,26,0,0,0,0,0,0,0,0,0,12,5,7
ANDREWS COUNTY,003,84 Years,45,16,29,36,13,23,1,0,1,0,0,0,0,0,0,8,3,5
ANDREWS COUNTY,003,85 Years,40,15,25,27,10,17,0,0,0,1,0,1,1,0,1,11,5,6
ANDREWS COUNTY,003,86 Years,38,17,21,24,10,14,1,1,0,0,0,0,1,0,1,12,6,6
ANDREWS COUNTY,003,87 Years,32,14,18,21,8,13,0,0,0,0,0,0,1,1,0,10,5,5
ANDREWS COUNTY,003,88 Years,30,12,18,17,6,11,1,0,1,1,0,1,0,0,0,11,6,5
ANDREWS COUNTY,003,89 Years,27,12,15,17,7,10,1,0,1,0,0,0,0,0,0,9,5,4
ANDREWS COUNTY,003,90 Years,20,7,13,14,6,8,1,0,1,0,0,0,0,0,0,5,1,4
ANDREWS COUNTY,003,91 Years,12,6,6,6,3,3,0,0,0,0,0,0,0,0,0,6,3,3
ANDREWS COUNTY,003,92 Years,17,6,11,9,3,6,1,0,1,1,0,1,0,0,0,6,3,3
ANDREWS COUNTY,003,93 Years,13,5,8,7,2,5,2,1,1,1,0,1,0,0,0,3,2,1
ANDREWS COUNTY,003,94 Years,9,2,7,6,1,5,1,1,0,0,0,0,0,0,0,2,0,2
ANDREWS COUNTY,003,95 Years +,21,6,15,12,4,8,1,0,1,0,0,0,1,0,1,7,2,5
ANGELINA COUNTY,005,All Ages,90989,44735,46254,54355,26632,27723,13650,6451,7199,919,426,493,1489,736,753,20576,10490,10086
ANGELINA COUNTY,005,< 1 Year,1239,647,592,605,323,282,191,106,85,13,7,6,41,23,18,389,188,201
ANGELINA COUNTY,005,1 Years,1210,629,581,588,315,273,183,96,87,14,7,7,39,22,17,386,189,197
ANGELINA COUNTY,005,2 Years,1214,638,576,591,313,278,183,96,87,17,10,7,43,25,18,380,194,186
ANGELINA COUNTY,005,3 Years,1235,649,586,600,318,282,190,94,96,19,12,7,40,22,18,386,203,183
ANGELINA COUNTY,005,4 Years,1260,648,612,608,316,292,198,96,102,20,11,9,39,20,19,395,205,190
ANGELINA COUNTY,005,5 Years,1286,651,635,615,315,300,208,98,110,20,13,7,33,19,14,410,206,204
ANGELINA COUNTY,005,6 Years,1282,650,632,603,306,297,206,101,105,19,12,7,34,19,15,420,212,208
ANGELINA COUNTY,005,7 Years,1300,666,634,608,314,294,212,103,109,17,11,6,32,20,12,431,218,213
ANGELINA COUNTY,005,8 Years,1282,658,624,590,303,287,207,104,103,19,8,11,32,17,15,434,226,208
ANGELINA COUNTY,005,9 Years,1298,654,644,596,301,295,211,92,119,16,6,10,31,17,14,444,238,206
ANGELINA COUNTY,005,10 Years,1251,646,605,578,313,265,206,97,109,9,5,4,40,22,18,418,209,209
ANGELINA COUNTY,005,11 Years,1314,684,630,592,296,296,230,128,102,9,5,4,46,24,22,437,231,206
ANGELINA COUNTY,005,12 Years,1341,675,666,594,292,302,236,127,109,8,3,5,38,15,23,465,238,227
ANGELINA COUNTY,005,13 Years,1412,708,704,679,350,329,220,108,112,10,4,6,27,12,15,476,234,242
ANGELINA COUNTY,005,14 Years,1354,698,656,686,358,328,202,109,93,9,4,5,31,16,15,426,211,215
ANGELINA COUNTY,005,15 Years,1323,672,651,660,339,321,212,108,104,14,6,8,27,10,17,410,209,201
ANGELINA COUNTY,005,16 Years,1322,672,650,673,342,331,202,105,97,11,6,5,39,23,16,397,196,201
ANGELINA COUNTY,005,17 Years,1315,663,652,690,342,348,188,102,86,15,7,8,26,12,14,396,200,196
ANGELINA COUNTY,005,18 Years,1304,694,610,689,366,323,189,95,94,11,6,5,24,12,12,391,215,176
ANGELINA COUNTY,005,19 Years,1215,633,582,628,338,290,174,85,89,10,5,5,24,9,15,379,196,183
ANGELINA COUNTY,005,20 Years,1211,616,595,616,323,293,174,89,85,14,5,9,24,13,11,383,186,197
ANGELINA COUNTY,005,21 Years,1183,612,571,613,324,289,183,97,86,9,4,5,29,13,16,349,174,175
ANGELINA COUNTY,005,22 Years,1196,616,580,634,329,305,191,96,95,12,6,6,27,13,14,332,172,160
ANGELINA COUNTY,005,23 Years,1195,610,585,630,325,305,191,89,102,16,13,3,24,14,10,334,169,165
ANGELINA COUNTY,005,24 Years,1142,595,547,639,337,302,176,82,94,11,5,6,25,13,12,291,158,133
ANGELINA COUNTY,005,25 Years,1152,580,572,615,323,292,205,95,110,9,2,7,19,8,11,304,152,152
ANGELINA COUNTY,005,26 Years,1209,613,596,651,342,309,221,108,113,10,4,6,28,12,16,299,147,152
ANGELINA COUNTY,005,27 Years,1273,617,656,702,343,359,239,105,134,8,2,6,21,14,7,303,153,150
ANGELINA COUNTY,005,28 Years,1339,666,673,733,372,361,255,113,142,6,1,5,25,13,12,320,167,153
ANGELINA COUNTY,005,29 Years,1300,656,644,723,369,354,251,114,137,9,1,8,24,11,13,293,161,132
ANGELINA COUNTY,005,30 Years,1229,613,616,688,342,346,238,110,128,5,2,3,20,11,9,278,148,130
ANGELINA COUNTY,005,31 Years,1194,584,610,682,317,365,215,106,109,5,1,4,21,12,9,271,148,123
ANGELINA COUNTY,005,32 Years,1139,561,578,659,319,340,186,86,100,7,4,3,14,9,5,273,143,130
ANGELINA COUNTY,005,33 Years,1112,559,553,653,325,328,164,79,85,3,1,2,9,4,5,283,150,133
ANGELINA COUNTY,005,34 Years,1071,540,531,605,302,303,171,84,87,14,9,5,12,3,9,269,142,127
ANGELINA COUNTY,005,35 Years,1074,516,558,609,298,311,164,66,98,17,8,9,16,10,6,268,134,134
ANGELINA COUNTY,005,36 Years,1097,534,563,643,320,323,146,60,86,13,6,7,19,9,10,276,139,137
ANGELINA COUNTY,005,37 Years,1108,546,562,635,313,322,153,70,83,11,6,5,16,7,9,293,150,143
ANGELINA COUNTY,005,38 Years,1122,545,577,657,321,336,162,71,91,9,5,4,16,8,8,278,140,138
ANGELINA COUNTY,005,39 Years,1163,558,605,672,320,352,178,76,102,9,4,5,12,7,5,292,151,141
ANGELINA COUNTY,005,40 Years,1123,567,556,631,312,319,185,94,91,10,3,7,13,9,4,284,149,135
ANGELINA COUNTY,005,41 Years,1064,527,537,610,304,306,150,76,74,17,7,10,16,7,9,271,133,138
ANGELINA COUNTY,005,42 Years,1039,529,510,580,291,289,171,95,76,16,9,7,9,4,5,263,130,133
ANGELINA COUNTY,005,43 Years,1010,489,521,570,260,310,163,82,81,8,5,3,8,2,6,261,140,121
ANGELINA COUNTY,005,44 Years,1029,500,529,583,277,306,149,76,73,15,6,9,14,8,6,268,133,135
ANGELINA COUNTY,005,45 Years,1045,506,539,606,299,307,146,68,78,12,4,8,10,4,6,271,131,140
ANGELINA COUNTY,005,46 Years,1074,543,531,633,319,314,147,70,77,15,8,7,9,4,5,270,142,128
ANGELINA COUNTY,005,47 Years,1107,556,551,691,348,343,165,75,90,12,4,8,9,2,7,230,127,103
ANGELINA COUNTY,005,48 Years,1142,570,572,725,362,363,182,85,97,16,6,10,8,4,4,211,113,98
ANGELINA COUNTY,005,49 Years,1139,535,604,709,331,378,180,84,96,12,6,6,9,2,7,229,112,117
ANGELINA COUNTY,005,50 Years,1105,542,563,696,349,347,166,78,88,8,2,6,10,2,8,225,111,114
ANGELINA COUNTY,005,51 Years,1045,510,535,651,325,326,162,70,92,11,3,8,7,2,5,214,110,104
ANGELINA COUNTY,005,52 Years,1074,528,546,672,328,344,170,82,88,15,4,11,10,6,4,207,108,99
ANGELINA COUNTY,005,53 Years,1067,531,536,687,340,347,157,72,85,14,6,8,6,2,4,203,111,92
ANGELINA COUNTY,005,54 Years,1085,544,541,679,338,341,180,87,93,18,11,7,11,6,5,197,102,95
ANGELINA COUNTY,005,55 Years,1146,614,532,763,410,353,174,95,79,13,7,6,15,9,6,181,93,88
ANGELINA COUNTY,005,56 Years,1166,577,589,794,383,411,182,94,88,9,4,5,8,5,3,173,91,82
ANGELINA COUNTY,005,57 Years,1137,570,567,758,365,393,177,94,83,14,9,5,12,8,4,176,94,82
ANGELINA COUNTY,005,58 Years,1117,577,540,763,382,381,160,86,74,10,6,4,14,7,7,170,96,74
ANGELINA COUNTY,005,59 Years,1139,553,586,789,384,405,159,74,85,14,6,8,9,3,6,168,86,82
ANGELINA COUNTY,005,60 Years,1072,505,567,744,357,387,162,62,100,12,6,6,9,3,6,145,77,68
ANGELINA COUNTY,005,61 Years,1050,501,549,737,360,377,152,67,85,10,5,5,16,6,10,135,63,72
ANGELINA COUNTY,005,62 Years,1025,498,527,736,370,366,137,59,78,10,3,7,14,5,9,128,61,67
ANGELINA COUNTY,005,63 Years,1025,490,535,722,351,371,155,63,92,10,2,8,10,5,5,128,69,59
ANGELINA COUNTY,005,64 Years,992,434,558,695,308,387,159,65,94,13,2,11,6,1,5,119,58,61
ANGELINA COUNTY,005,65 Years,930,430,500,673,317,356,133,54,79,9,4,5,4,0,4,111,55,56
ANGELINA COUNTY,005,66 Years,937,455,482,668,327,341,130,54,76,7,6,1,6,0,6,126,68,58
ANGELINA COUNTY,005,67 Years,862,429,433,642,321,321,116,51,65,4,2,2,6,0,6,94,55,39
ANGELINA COUNTY,005,68 Years,828,380,448,618,293,325,114,48,66,7,1,6,5,0,5,84,38,46
ANGELINA COUNTY,005,69 Years,822,370,452,604,266,338,113,51,62,8,4,4,10,3,7,87,46,41
ANGELINA COUNTY,005,70 Years,854,370,484,652,285,367,107,39,68,11,7,4,11,4,7,73,35,38
ANGELINA COUNTY,005,71 Years,792,341,451,617,275,342,94,33,61,8,3,5,10,4,6,63,26,37
ANGELINA COUNTY,005,72 Years,840,380,460,675,308,367,89,37,52,7,4,3,9,6,3,60,25,35
ANGELINA COUNTY,005,73 Years,667,296,371,522,236,286,74,32,42,6,4,2,5,3,2,60,21,39
ANGELINA COUNTY,005,74 Years,642,287,355,515,234,281,73,29,44,5,3,2,5,2,3,44,19,25
ANGELINA COUNTY,005,75 Years,613,291,322,495,232,263,65,36,29,4,3,1,4,1,3,45,19,26
ANGELINA COUNTY,005,76 Years,610,280,330,494,235,259,57,23,34,5,1,4,8,5,3,46,16,30
ANGELINA COUNTY,005,77 Years,556,260,296,453,213,240,53,25,28,2,1,1,10,5,5,38,16,22
ANGELINA COUNTY,005,78 Years,538,238,300,444,199,245,49,20,29,4,1,3,7,4,3,34,14,20
ANGELINA COUNTY,005,79 Years,481,206,275,400,172,228,41,15,26,5,2,3,5,4,1,30,13,17
ANGELINA COUNTY,005,80 Years,461,191,270,386,164,222,38,12,26,4,1,3,6,3,3,27,11,16
ANGELINA COUNTY,005,81 Years,407,174,233,349,151,198,30,13,17,3,2,1,3,1,2,22,7,15
ANGELINA COUNTY,005,82 Years,375,143,232,314,125,189,35,8,27,2,1,1,2,1,1,22,8,14
ANGELINA COUNTY,005,83 Years,357,148,209,305,128,177,36,12,24,2,0,2,2,1,1,12,7,5
ANGELINA COUNTY,005,84 Years,348,145,203,298,126,172,28,8,20,3,1,2,2,1,1,17,9,8
ANGELINA COUNTY,005,85 Years,293,121,172,242,104,138,27,7,20,4,2,2,3,1,2,17,7,10
ANGELINA COUNTY,005,86 Years,261,108,153,224,93,131,20,7,13,3,2,1,1,1,0,13,5,8
ANGELINA COUNTY,005,87 Years,214,81,133,184,69,115,14,6,8,3,0,3,3,2,1,10,4,6
ANGELINA COUNTY,005,88 Years,182,71,111,153,58,95,15,8,7,3,0,3,2,1,1,9,4,5
ANGELINA COUNTY,005,89 Years,170,65,105,135,53,82,20,6,14,3,0,3,3,2,1,9,4,5
ANGELINA COUNTY,005,90 Years,143,47,96,117,41,76,16,3,13,2,0,2,1,0,1,7,3,4
ANGELINA COUNTY,005,91 Years,121,37,84,100,32,68,14,3,11,1,0,1,1,0,1,5,2,3
ANGELINA COUNTY,005,92 Years,107,34,73,87,29,58,13,2,11,1,0,1,2,1,1,4,2,2
ANGELINA COUNTY,005,93 Years,82,25,57,69,21,48,8,2,6,1,0,1,0,0,0,4,2,2
ANGELINA COUNTY,005,94 Years,62,20,42,48,16,32,7,2,5,1,0,1,1,0,1,5,2,3
ANGELINA COUNTY,005,95 Years +,151,44,107,116,32,84,20,6,14,0,0,0,3,1,2,12,5,7
ARANSAS COUNTY,007,All Ages,23710,11863,11847,15566,7597,7969,242,135,107,408,199,209,458,223,235,7036,3709,3327
ARANSAS COUNTY,007,< 1 Year,227,126,101,102,54,48,1,0,1,3,2,1,16,10,6,105,60,45
ARANSAS COUNTY,007,1 Years,223,124,99,100,53,47,1,0,1,3,2,1,17,10,7,102,59,43
ARANSAS COUNTY,007,2 Years,218,120,98,99,50,49,1,0,1,3,2,1,9,7,2,106,61,45
ARANSAS COUNTY,007,3 Years,231,124,107,103,51,52,1,0,1,4,3,1,9,5,4,114,65,49
ARANSAS COUNTY,007,4 Years,248,131,117,109,56,53,2,1,1,4,2,2,9,4,5,124,68,56
ARANSAS COUNTY,007,5 Years,261,147,114,117,65,52,2,1,1,3,2,1,8,3,5,131,76,55
ARANSAS COUNTY,007,6 Years,259,144,115,118,66,52,1,1,0,3,1,2,7,3,4,130,73,57
ARANSAS COUNTY,007,7 Years,256,138,118,114,59,55,1,1,0,4,1,3,8,1,7,129,76,53
ARANSAS COUNTY,007,8 Years,260,137,123,116,58,58,2,1,1,4,2,2,11,5,6,127,71,56
ARANSAS COUNTY,007,9 Years,246,137,109,116,62,54,1,0,1,3,1,2,7,5,2,119,69,50
ARANSAS COUNTY,007,10 Years,253,138,115,124,64,60,2,0,2,3,1,2,5,3,2,119,70,49
ARANSAS COUNTY,007,11 Years,270,152,118,133,70,63,4,2,2,3,1,2,3,1,2,127,78,49
ARANSAS COUNTY,007,12 Years,252,132,120,117,64,53,3,1,2,4,2,2,6,4,2,122,61,61
ARANSAS COUNTY,007,13 Years,254,132,122,132,71,61,4,2,2,2,1,1,5,2,3,111,56,55
ARANSAS COUNTY,007,14 Years,257,144,113,136,73,63,2,1,1,4,3,1,5,2,3,110,65,45
ARANSAS COUNTY,007,15 Years,268,151,117,137,82,55,4,3,1,2,1,1,6,2,4,119,63,56
ARANSAS COUNTY,007,16 Years,228,122,106,102,58,44,4,3,1,5,0,5,3,2,1,114,59,55
ARANSAS COUNTY,007,17 Years,220,112,108,103,56,47,2,1,1,3,0,3,3,2,1,109,53,56
ARANSAS COUNTY,007,18 Years,237,126,111,122,71,51,6,3,3,5,2,3,6,2,4,98,48,50
ARANSAS COUNTY,007,19 Years,196,103,93,99,56,43,3,2,1,3,2,1,4,1,3,87,42,45
ARANSAS COUNTY,007,20 Years,213,113,100,99,51,48,3,3,0,3,2,1,6,4,2,102,53,49
ARANSAS COUNTY,007,21 Years,236,116,120,111,55,56,3,2,1,6,3,3,5,2,3,111,54,57
ARANSAS COUNTY,007,22 Years,238,122,116,110,57,53,1,0,1,5,3,2,6,4,2,116,58,58
ARANSAS COUNTY,007,23 Years,252,133,119,126,61,65,1,1,0,6,5,1,6,4,2,113,62,51
ARANSAS COUNTY,007,24 Years,272,141,131,139,66,73,3,2,1,7,5,2,4,3,1,119,65,54
ARANSAS COUNTY,007,25 Years,256,144,112,137,71,66,3,2,1,5,2,3,6,2,4,105,67,38
ARANSAS COUNTY,007,26 Years,325,160,165,176,84,92,3,0,3,7,4,3,10,7,3,129,65,64
ARANSAS COUNTY,007,27 Years,322,170,152,164,83,81,3,1,2,9,6,3,5,2,3,141,78,63
ARANSAS COUNTY,007,28 Years,287,160,127,147,77,70,6,5,1,7,5,2,4,2,2,123,71,52
ARANSAS COUNTY,007,29 Years,260,127,133,154,75,79,3,2,1,3,2,1,3,2,1,97,46,51
ARANSAS COUNTY,007,30 Years,274,129,145,162,78,84,2,1,1,2,1,1,2,1,1,106,48,58
ARANSAS COUNTY,007,31 Years,311,165,146,181,93,88,3,1,2,5,4,1,1,0,1,121,67,54
ARANSAS COUNTY,007,32 Years,281,154,127,159,89,70,5,4,1,2,2,0,4,0,4,111,59,52
ARANSAS COUNTY,007,33 Years,269,148,121,146,80,66,3,2,1,4,2,2,3,0,3,113,64,49
ARANSAS COUNTY,007,34 Years,256,138,118,147,74,73,4,2,2,4,2,2,8,5,3,93,55,38
ARANSAS COUNTY,007,35 Years,234,119,115,133,64,69,2,1,1,5,4,1,5,3,2,89,47,42
ARANSAS COUNTY,007,36 Years,236,126,110,121,60,61,1,0,1,4,4,0,3,1,2,107,61,46
ARANSAS COUNTY,007,37 Years,248,126,122,139,65,74,2,0,2,5,2,3,7,4,3,95,55,40
ARANSAS COUNTY,007,38 Years,263,130,133,136,66,70,4,2,2,5,1,4,6,3,3,112,58,54
ARANSAS COUNTY,007,39 Years,230,116,114,136,67,69,3,3,0,2,1,1,5,1,4,84,44,40
ARANSAS COUNTY,007,40 Years,220,108,112,124,60,64,2,1,1,1,0,1,2,0,2,91,47,44
ARANSAS COUNTY,007,41 Years,230,109,121,143,67,76,1,1,0,2,0,2,3,1,2,81,40,41
ARANSAS COUNTY,007,42 Years,234,120,114,150,75,75,1,1,0,4,1,3,3,1,2,76,42,34
ARANSAS COUNTY,007,43 Years,222,111,111,144,68,76,2,2,0,4,2,2,5,3,2,67,36,31
ARANSAS COUNTY,007,44 Years,233,105,128,153,67,86,1,1,0,2,1,1,4,1,3,73,35,38
ARANSAS COUNTY,007,45 Years,207,105,102,129,65,64,0,0,0,8,4,4,3,1,2,67,35,32
ARANSAS COUNTY,007,46 Years,236,113,123,144,66,78,2,0,2,7,2,5,5,2,3,78,43,35
ARANSAS COUNTY,007,47 Years,228,117,111,144,73,71,2,2,0,6,1,5,4,2,2,72,39,33
ARANSAS COUNTY,007,48 Years,250,124,126,171,88,83,1,1,0,3,1,2,3,2,1,72,32,40
ARANSAS COUNTY,007,49 Years,253,118,135,182,82,100,2,2,0,5,3,2,4,2,2,60,29,31
ARANSAS COUNTY,007,50 Years,223,103,120,147,62,85,2,1,1,4,2,2,5,4,1,65,34,31
ARANSAS COUNTY,007,51 Years,231,107,124,153,66,87,1,1,0,5,3,2,2,1,1,70,36,34
ARANSAS COUNTY,007,52 Years,234,114,120,153,71,82,6,4,2,3,2,1,5,3,2,67,34,33
ARANSAS COUNTY,007,53 Years,270,130,140,164,76,88,3,2,1,9,4,5,4,3,1,90,45,45
ARANSAS COUNTY,007,54 Years,292,136,156,208,95,113,5,1,4,7,5,2,3,1,2,69,34,35
ARANSAS COUNTY,007,55 Years,296,144,152,209,101,108,6,3,3,8,4,4,2,1,1,71,35,36
ARANSAS COUNTY,007,56 Years,332,162,170,234,112,122,5,3,2,6,1,5,3,0,3,84,46,38
ARANSAS COUNTY,007,57 Years,319,159,160,236,117,119,2,1,1,6,3,3,6,3,3,69,35,34
ARANSAS COUNTY,007,58 Years,361,174,187,279,128,151,3,3,0,6,3,3,4,2,2,69,38,31
ARANSAS COUNTY,007,59 Years,382,191,191,290,138,152,7,5,2,10,7,3,3,2,1,72,39,33
ARANSAS COUNTY,007,60 Years,361,182,179,282,136,146,6,4,2,9,5,4,3,2,1,61,35,26
ARANSAS COUNTY,007,61 Years,361,179,182,287,140,147,4,3,1,7,3,4,2,1,1,61,32,29
ARANSAS COUNTY,007,62 Years,317,141,176,245,109,136,4,1,3,8,3,5,4,2,2,56,26,30
ARANSAS COUNTY,007,63 Years,355,163,192,279,134,145,5,1,4,7,3,4,8,2,6,56,23,33
ARANSAS COUNTY,007,64 Years,398,179,219,309,140,169,5,2,3,10,4,6,6,3,3,68,30,38
ARANSAS COUNTY,007,65 Years,354,164,190,287,135,152,4,1,3,9,3,6,4,0,4,50,25,25
ARANSAS COUNTY,007,66 Years,355,169,186,286,137,149,2,2,0,5,2,3,5,2,3,57,26,31
ARANSAS COUNTY,007,67 Years,380,196,184,297,145,152,3,2,1,6,3,3,12,9,3,62,37,25
ARANSAS COUNTY,007,68 Years,357,178,179,287,145,142,2,1,1,8,3,5,6,3,3,54,26,28
ARANSAS COUNTY,007,69 Years,402,193,209,331,164,167,2,1,1,7,3,4,5,1,4,57,24,33
ARANSAS COUNTY,007,70 Years,398,196,202,343,168,175,1,1,0,6,1,5,4,2,2,44,24,20
ARANSAS COUNTY,007,71 Years,390,188,202,329,156,173,6,2,4,5,2,3,7,4,3,43,24,19
ARANSAS COUNTY,007,72 Years,373,184,189,319,154,165,3,1,2,4,2,2,8,4,4,39,23,16
ARANSAS COUNTY,007,73 Years,325,147,178,269,120,149,2,2,0,4,3,1,5,3,2,45,19,26
ARANSAS COUNTY,007,74 Years,315,143,172,266,121,145,2,1,1,4,3,1,5,3,2,38,15,23
ARANSAS COUNTY,007,75 Years,317,152,165,274,130,144,2,1,1,5,2,3,3,2,1,33,17,16
ARANSAS COUNTY,007,76 Years,324,157,167,278,132,146,5,5,0,4,1,3,7,3,4,30,16,14
ARANSAS COUNTY,007,77 Years,260,132,128,221,113,108,3,2,1,3,1,2,5,1,4,28,15,13
ARANSAS COUNTY,007,78 Years,262,140,122,228,126,102,2,1,1,3,0,3,5,2,3,24,11,13
ARANSAS COUNTY,007,79 Years,229,109,120,198,97,101,4,1,3,2,1,1,6,2,4,19,8,11
ARANSAS COUNTY,007,80 Years,208,93,115,180,81,99,3,2,1,1,1,0,3,2,1,21,7,14
ARANSAS COUNTY,007,81 Years,185,84,101,155,73,82,1,1,0,1,1,0,4,1,3,24,8,16
ARANSAS COUNTY,007,82 Years,159,71,88,133,61,72,1,1,0,2,1,1,4,1,3,19,7,12
ARANSAS COUNTY,007,83 Years,139,64,75,122,59,63,1,0,1,1,0,1,2,1,1,13,4,9
ARANSAS COUNTY,007,84 Years,134,55,79,114,50,64,1,0,1,4,2,2,4,1,3,11,2,9
ARANSAS COUNTY,007,85 Years,114,56,58,98,49,49,1,0,1,3,2,1,2,2,0,10,3,7
ARANSAS COUNTY,007,86 Years,104,48,56,88,43,45,0,0,0,2,1,1,3,2,1,11,2,9
ARANSAS COUNTY,007,87 Years,84,35,49,73,31,42,0,0,0,1,1,0,1,1,0,9,2,7
ARANSAS COUNTY,007,88 Years,74,32,42,66,29,37,2,1,1,0,0,0,0,0,0,6,2,4
ARANSAS COUNTY,007,89 Years,65,26,39,57,23,34,1,0,1,0,0,0,1,1,0,6,2,4
ARANSAS COUNTY,007,90 Years,59,20,39,48,16,32,1,0,1,3,1,2,2,1,1,5,2,3
ARANSAS COUNTY,007,91 Years,43,16,27,36,14,22,0,0,0,1,0,1,1,0,1,5,2,3
ARANSAS COUNTY,007,92 Years,37,15,22,31,12,19,0,0,0,1,1,0,0,0,0,5,2,3
ARANSAS COUNTY,007,93 Years,27,9,18,21,7,14,1,1,0,0,0,0,1,0,1,4,1,3
ARANSAS COUNTY,007,94 Years,20,8,12,16,6,10,1,1,0,0,0,0,1,0,1,2,1,1
ARANSAS COUNTY,007,95 Years +,45,12,33,34,9,25,2,1,1,2,0,2,0,0,0,7,2,5
ARCHER COUNTY,009,All Ages,9228,4546,4682,7917,3846,4071,57,33,24,25,9,16,264,106,158,965,552,413
ARCHER COUNTY,009,< 1 Year,184,88,96,95,48,47,7,3,4,3,1,2,40,14,26,39,22,17
ARCHER COUNTY,009,1 Years,158,79,79,79,42,37,8,4,4,4,2,2,34,12,22,33,19,14
ARCHER COUNTY,009,2 Years,106,55,51,68,32,36,1,1,0,1,0,1,17,9,8,19,13,6
ARCHER COUNTY,009,3 Years,82,40,42,61,29,32,0,0,0,0,0,0,7,4,3,14,7,7
ARCHER COUNTY,009,4 Years,90,41,49,73,34,39,0,0,0,0,0,0,0,0,0,17,7,10
ARCHER COUNTY,009,5 Years,82,38,44,66,31,35,0,0,0,0,0,0,0,0,0,16,7,9
ARCHER COUNTY,009,6 Years,79,40,39,61,31,30,0,0,0,0,0,0,4,2,2,14,7,7
ARCHER COUNTY,009,7 Years,72,37,35,54,28,26,0,0,0,0,0,0,4,1,3,14,8,6
ARCHER COUNTY,009,8 Years,75,39,36,55,28,27,0,0,0,0,0,0,4,1,3,16,10,6
ARCHER COUNTY,009,9 Years,88,42,46,69,33,36,0,0,0,0,0,0,3,1,2,16,8,8
ARCHER COUNTY,009,10 Years,110,51,59,85,36,49,0,0,0,0,0,0,4,1,3,21,14,7
ARCHER COUNTY,009,11 Years,102,56,46,89,47,42,0,0,0,0,0,0,4,1,3,9,8,1
ARCHER COUNTY,009,12 Years,105,47,58,88,42,46,0,0,0,0,0,0,5,1,4,12,4,8
ARCHER COUNTY,009,13 Years,114,52,62,85,36,49,0,0,0,0,0,0,5,3,2,24,13,11
ARCHER COUNTY,009,14 Years,124,67,57,102,55,47,1,1,0,0,0,0,3,2,1,18,9,9
ARCHER COUNTY,009,15 Years,124,67,57,106,58,48,2,1,1,0,0,0,2,1,1,14,7,7
ARCHER COUNTY,009,16 Years,114,64,50,98,56,42,0,0,0,0,0,0,2,0,2,14,8,6
ARCHER COUNTY,009,17 Years,120,71,49,96,57,39,1,1,0,0,0,0,3,2,1,20,11,9
ARCHER COUNTY,009,18 Years,101,54,47,81,45,36,2,1,1,0,0,0,2,1,1,16,7,9
ARCHER COUNTY,009,19 Years,97,48,49,76,37,39,1,1,0,0,0,0,2,2,0,18,8,10
ARCHER COUNTY,009,20 Years,102,52,50,77,40,37,3,2,1,0,0,0,3,1,2,19,9,10
ARCHER COUNTY,009,21 Years,92,43,49,76,37,39,2,1,1,0,0,0,2,1,1,12,4,8
ARCHER COUNTY,009,22 Years,97,47,50,83,39,44,0,0,0,0,0,0,1,1,0,13,7,6
ARCHER COUNTY,009,23 Years,103,51,52,86,42,44,0,0,0,0,0,0,2,0,2,15,9,6
ARCHER COUNTY,009,24 Years,111,50,61,90,40,50,1,1,0,1,0,1,3,0,3,16,9,7
ARCHER COUNTY,009,25 Years,107,56,51,86,46,40,3,1,2,0,0,0,3,0,3,15,9,6
ARCHER COUNTY,009,26 Years,111,61,50,95,49,46,3,2,1,0,0,0,0,0,0,13,10,3
ARCHER COUNTY,009,27 Years,145,81,64,117,60,57,1,0,1,0,0,0,4,4,0,23,17,6
ARCHER COUNTY,009,28 Years,132,61,71,106,45,61,0,0,0,1,1,0,4,1,3,21,14,7
ARCHER COUNTY,009,29 Years,136,56,80,120,50,70,1,0,1,0,0,0,2,0,2,13,6,7
ARCHER COUNTY,009,30 Years,143,81,62,122,67,55,1,0,1,0,0,0,2,1,1,18,13,5
ARCHER COUNTY,009,31 Years,112,63,49,94,50,44,0,0,0,0,0,0,1,0,1,17,13,4
ARCHER COUNTY,009,32 Years,106,66,40,84,49,35,0,0,0,0,0,0,0,0,0,22,17,5
ARCHER COUNTY,009,33 Years,98,61,37,86,53,33,0,0,0,0,0,0,2,1,1,10,7,3
ARCHER COUNTY,009,34 Years,98,55,43,92,53,39,0,0,0,0,0,0,2,0,2,4,2,2
ARCHER COUNTY,009,35 Years,107,64,43,93,56,37,0,0,0,0,0,0,0,0,0,14,8,6
ARCHER COUNTY,009,36 Years,95,49,46,76,39,37,0,0,0,0,0,0,2,1,1,17,9,8
ARCHER COUNTY,009,37 Years,78,37,41,69,32,37,0,0,0,0,0,0,0,0,0,9,5,4
ARCHER COUNTY,009,38 Years,87,42,45,77,34,43,0,0,0,1,1,0,2,1,1,7,6,1
ARCHER COUNTY,009,39 Years,97,53,44,90,48,42,0,0,0,0,0,0,0,0,0,7,5,2
ARCHER COUNTY,009,40 Years,84,41,43,71,35,36,0,0,0,0,0,0,2,1,1,11,5,6
ARCHER COUNTY,009,41 Years,88,33,55,71,25,46,0,0,0,0,0,0,0,0,0,17,8,9
ARCHER COUNTY,009,42 Years,105,52,53,90,44,46,0,0,0,0,0,0,2,0,2,13,8,5
ARCHER COUNTY,009,43 Years,102,54,48,88,46,42,0,0,0,0,0,0,3,2,1,11,6,5
ARCHER COUNTY,009,44 Years,90,42,48,78,37,41,2,0,2,1,1,0,1,0,1,8,4,4
ARCHER COUNTY,009,45 Years,105,47,58,94,42,52,1,1,0,0,0,0,2,1,1,8,3,5
ARCHER COUNTY,009,46 Years,111,58,53,100,52,48,0,0,0,0,0,0,2,1,1,9,5,4
ARCHER COUNTY,009,47 Years,107,56,51,96,49,47,0,0,0,0,0,0,1,0,1,10,7,3
ARCHER COUNTY,009,48 Years,120,51,69,107,45,62,1,1,0,0,0,0,2,1,1,10,4,6
ARCHER COUNTY,009,49 Years,122,52,70,108,44,64,1,1,0,0,0,0,3,2,1,10,5,5
ARCHER COUNTY,009,50 Years,119,60,59,102,51,51,0,0,0,0,0,0,2,1,1,15,8,7
ARCHER COUNTY,009,51 Years,117,64,53,97,54,43,0,0,0,0,0,0,3,1,2,17,9,8
ARCHER COUNTY,009,52 Years,119,64,55,104,53,51,1,1,0,0,0,0,2,2,0,12,8,4
ARCHER COUNTY,009,53 Years,107,54,53,97,47,50,0,0,0,0,0,0,2,2,0,8,5,3
ARCHER COUNTY,009,54 Years,130,70,60,123,65,58,1,1,0,0,0,0,0,0,0,6,4,2
ARCHER COUNTY,009,55 Years,132,65,67,125,61,64,1,1,0,0,0,0,0,0,0,6,3,3
ARCHER COUNTY,009,56 Years,154,69,85,139,61,78,2,1,1,1,1,0,1,0,1,11,6,5
ARCHER COUNTY,009,57 Years,131,67,64,118,60,58,0,0,0,2,1,1,0,0,0,11,6,5
ARCHER COUNTY,009,58 Years,151,68,83,140,65,75,0,0,0,1,0,1,2,0,2,8,3,5
ARCHER COUNTY,009,59 Years,143,59,84,131,52,79,0,0,0,1,0,1,3,3,0,8,4,4
ARCHER COUNTY,009,60 Years,135,62,73,119,50,69,0,0,0,1,0,1,2,2,0,13,10,3
ARCHER COUNTY,009,61 Years,156,74,82,141,65,76,0,0,0,0,0,0,4,1,3,11,8,3
ARCHER COUNTY,009,62 Years,154,69,85,145,65,80,0,0,0,1,0,1,1,0,1,7,4,3
ARCHER COUNTY,009,63 Years,137,62,75,128,57,71,0,0,0,0,0,0,3,1,2,6,4,2
ARCHER COUNTY,009,64 Years,138,69,69,129,63,66,1,1,0,0,0,0,3,1,2,5,4,1
ARCHER COUNTY,009,65 Years,131,61,70,125,56,69,0,0,0,0,0,0,2,2,0,4,3,1
ARCHER COUNTY,009,66 Years,115,52,63,111,50,61,0,0,0,0,0,0,2,1,1,2,1,1
ARCHER COUNTY,009,67 Years,130,57,73,123,54,69,0,0,0,0,0,0,5,2,3,2,1,1
ARCHER COUNTY,009,68 Years,104,46,58,101,45,56,0,0,0,0,0,0,2,1,1,1,0,1
ARCHER COUNTY,009,69 Years,113,57,56,104,53,51,1,0,1,1,0,1,3,2,1,4,2,2
ARCHER COUNTY,009,70 Years,96,45,51,91,43,48,1,0,1,1,0,1,1,1,0,2,1,1
ARCHER COUNTY,009,71 Years,90,42,48,86,40,46,0,0,0,0,0,0,1,0,1,3,2,1
ARCHER COUNTY,009,72 Years,104,55,49,96,49,47,2,2,0,0,0,0,2,0,2,4,4,0
ARCHER COUNTY,009,73 Years,71,38,33,66,36,30,1,1,0,1,0,1,2,0,2,1,1,0
ARCHER COUNTY,009,74 Years,76,39,37,72,37,35,0,0,0,1,0,1,1,0,1,2,2,0
ARCHER COUNTY,009,75 Years,68,30,38,65,29,36,0,0,0,0,0,0,1,0,1,2,1,1
ARCHER COUNTY,009,76 Years,65,26,39,60,23,37,1,1,0,0,0,0,1,0,1,3,2,1
ARCHER COUNTY,009,77 Years,83,36,47,74,32,42,1,1,0,1,1,0,1,0,1,6,2,4
ARCHER COUNTY,009,78 Years,79,40,39,75,37,38,0,0,0,0,0,0,1,1,0,3,2,1
ARCHER COUNTY,009,79 Years,73,34,39,66,31,35,1,0,1,1,0,1,1,1,0,4,2,2
ARCHER COUNTY,009,80 Years,55,30,25,51,27,24,0,0,0,0,0,0,1,1,0,3,2,1
ARCHER COUNTY,009,81 Years,57,33,24,52,32,20,0,0,0,0,0,0,2,0,2,3,1,2
ARCHER COUNTY,009,82 Years,52,24,28,51,24,27,0,0,0,0,0,0,1,0,1,0,0,0
ARCHER COUNTY,009,83 Years,46,18,28,45,17,28,0,0,0,0,0,0,0,0,0,1,1,0
ARCHER COUNTY,009,84 Years,49,19,30,46,19,27,0,0,0,0,0,0,1,0,1,2,0,2
ARCHER COUNTY,009,85 Years,38,20,18,37,20,17,0,0,0,0,0,0,1,0,1,0,0,0
ARCHER COUNTY,009,86 Years,36,16,20,33,14,19,0,0,0,0,0,0,0,0,0,3,2,1
ARCHER COUNTY,009,87 Years,30,13,17,28,12,16,0,0,0,0,0,0,0,0,0,2,1,1
ARCHER COUNTY,009,88 Years,23,8,15,21,7,14,0,0,0,0,0,0,1,1,0,1,0,1
ARCHER COUNTY,009,89 Years,24,10,14,22,9,13,0,0,0,0,0,0,1,1,0,1,0,1
ARCHER COUNTY,009,90 Years,23,9,14,19,8,11,0,0,0,0,0,0,1,0,1,3,1,2
ARCHER COUNTY,009,91 Years,15,6,9,13,6,7,0,0,0,0,0,0,2,0,2,0,0,0
ARCHER COUNTY,009,92 Years,12,6,6,11,5,6,0,0,0,0,0,0,0,0,0,1,1,0
ARCHER COUNTY,009,93 Years,8,4,4,8,4,4,0,0,0,0,0,0,0,0,0,0,0,0
ARCHER COUNTY,009,94 Years,5,2,3,4,2,2,0,0,0,0,0,0,0,0,0,1,0,1
ARCHER COUNTY,009,95 Years +,16,3,13,14,3,11,0,0,0,0,0,0,1,0,1,1,0,1
ARMSTRONG COUNTY,011,All Ages,2001,986,1015,1815,892,923,11,6,5,0,0,0,42,16,26,133,72,61
ARMSTRONG COUNTY,011,< 1 Year,14,7,7,12,6,6,0,0,0,0,0,0,0,0,0,2,1,1
ARMSTRONG COUNTY,011,1 Years,17,9,8,15,7,8,0,0,0,0,0,0,0,0,0,2,2,0
ARMSTRONG COUNTY,011,2 Years,18,9,9,15,7,8,0,0,0,0,0,0,0,0,0,3,2,1
ARMSTRONG COUNTY,011,3 Years,19,9,10,18,8,10,0,0,0,0,0,0,0,0,0,1,1,0
ARMSTRONG COUNTY,011,4 Years,16,9,7,16,9,7,0,0,0,0,0,0,0,0,0,0,0,0
ARMSTRONG COUNTY,011,5 Years,17,10,7,17,10,7,0,0,0,0,0,0,0,0,0,0,0,0
ARMSTRONG COUNTY,011,6 Years,20,12,8,20,12,8,0,0,0,0,0,0,0,0,0,0,0,0
ARMSTRONG COUNTY,011,7 Years,20,10,10,19,10,9,0,0,0,0,0,0,0,0,0,1,0,1
ARMSTRONG COUNTY,011,8 Years,20,10,10,19,10,9,0,0,0,0,0,0,0,0,0,1,0,1
ARMSTRONG COUNTY,011,9 Years,17,8,9,16,8,8,0,0,0,0,0,0,1,0,1,0,0,0
ARMSTRONG COUNTY,011,10 Years,24,13,11,21,11,10,1,0,1,0,0,0,0,0,0,2,2,0
ARMSTRONG COUNTY,011,11 Years,21,11,10,18,9,9,0,0,0,0,0,0,1,1,0,2,1,1
ARMSTRONG COUNTY,011,12 Years,21,12,9,16,9,7,0,0,0,0,0,0,2,1,1,3,2,1
ARMSTRONG COUNTY,011,13 Years,23,11,12,18,8,10,0,0,0,0,0,0,2,1,1,3,2,1
ARMSTRONG COUNTY,011,14 Years,24,12,12,18,8,10,1,1,0,0,0,0,1,0,1,4,3,1
ARMSTRONG COUNTY,011,15 Years,17,7,10,14,5,9,1,1,0,0,0,0,0,0,0,2,1,1
ARMSTRONG COUNTY,011,16 Years,19,10,9,16,8,8,0,0,0,0,0,0,0,0,0,3,2,1
ARMSTRONG COUNTY,011,17 Years,20,7,13,17,5,12,0,0,0,0,0,0,0,0,0,3,2,1
ARMSTRONG COUNTY,011,18 Years,31,12,19,25,9,16,0,0,0,0,0,0,0,0,0,6,3,3
ARMSTRONG COUNTY,011,19 Years,23,9,14,18,7,11,1,0,1,0,0,0,0,0,0,4,2,2
ARMSTRONG COUNTY,011,20 Years,20,9,11,17,7,10,1,1,0,0,0,0,0,0,0,2,1,1
ARMSTRONG COUNTY,011,21 Years,23,14,9,18,12,6,0,0,0,0,0,0,1,0,1,4,2,2
ARMSTRONG COUNTY,011,22 Years,19,12,7,17,10,7,0,0,0,0,0,0,0,0,0,2,2,0
ARMSTRONG COUNTY,011,23 Years,19,11,8,16,8,8,0,0,0,0,0,0,0,0,0,3,3,0
ARMSTRONG COUNTY,011,24 Years,30,18,12,24,14,10,0,0,0,0,0,0,1,1,0,5,3,2
ARMSTRONG COUNTY,011,25 Years,33,18,15,28,15,13,1,0,1,0,0,0,1,1,0,3,2,1
ARMSTRONG COUNTY,011,26 Years,28,15,13,25,14,11,0,0,0,0,0,0,0,0,0,3,1,2
ARMSTRONG COUNTY,011,27 Years,27,15,12,23,12,11,0,0,0,0,0,0,1,1,0,3,2,1
ARMSTRONG COUNTY,011,28 Years,18,12,6,15,9,6,0,0,0,0,0,0,1,1,0,2,2,0
ARMSTRONG COUNTY,011,29 Years,17,12,5,15,10,5,1,1,0,0,0,0,1,1,0,0,0,0
ARMSTRONG COUNTY,011,30 Years,11,5,6,10,5,5,0,0,0,0,0,0,0,0,0,1,0,1
ARMSTRONG COUNTY,011,31 Years,14,5,9,13,5,8,0,0,0,0,0,0,1,0,1,0,0,0
ARMSTRONG COUNTY,011,32 Years,12,5,7,11,5,6,0,0,0,0,0,0,0,0,0,1,0,1
ARMSTRONG COUNTY,011,33 Years,14,2,12,10,2,8,1,0,1,0,0,0,0,0,0,3,0,3
ARMSTRONG COUNTY,011,34 Years,13,3,10,9,3,6,0,0,0,0,0,0,2,0,2,2,0,2
ARMSTRONG COUNTY,011,35 Years,16,9,7,14,8,6,0,0,0,0,0,0,2,1,1,0,0,0
ARMSTRONG COUNTY,011,36 Years,24,14,10,20,12,8,0,0,0,0,0,0,1,1,0,3,1,2
ARMSTRONG COUNTY,011,37 Years,21,14,7,19,13,6,0,0,0,0,0,0,0,0,0,2,1,1
ARMSTRONG COUNTY,011,38 Years,20,10,10,19,10,9,0,0,0,0,0,0,1,0,1,0,0,0
ARMSTRONG COUNTY,011,39 Years,26,15,11,24,14,10,0,0,0,0,0,0,1,0,1,1,1,0
ARMSTRONG COUNTY,011,40 Years,27,15,12,27,15,12,0,0,0,0,0,0,0,0,0,0,0,0
ARMSTRONG COUNTY,011,41 Years,20,9,11,20,9,11,0,0,0,0,0,0,0,0,0,0,0,0
ARMSTRONG COUNTY,011,42 Years,18,9,9,16,9,7,0,0,0,0,0,0,0,0,0,2,0,2
ARMSTRONG COUNTY,011,43 Years,22,12,10,20,11,9,0,0,0,0,0,0,0,0,0,2,1,1
ARMSTRONG COUNTY,011,44 Years,20,9,11,20,9,11,0,0,0,0,0,0,0,0,0,0,0,0
ARMSTRONG COUNTY,011,45 Years,15,7,8,14,7,7,1,0,1,0,0,0,0,0,0,0,0,0
ARMSTRONG COUNTY,011,46 Years,17,9,8,15,8,7,0,0,0,0,0,0,0,0,0,2,1,1
ARMSTRONG COUNTY,011,47 Years,14,7,7,13,7,6,0,0,0,0,0,0,0,0,0,1,0,1
ARMSTRONG COUNTY,011,48 Years,24,9,15,19,7,12,0,0,0,0,0,0,0,0,0,5,2,3
ARMSTRONG COUNTY,011,49 Years,31,20,11,28,18,10,0,0,0,0,0,0,0,0,0,3,2,1
ARMSTRONG COUNTY,011,50 Years,24,12,12,19,9,10,0,0,0,0,0,0,0,0,0,5,3,2
ARMSTRONG COUNTY,011,51 Years,20,11,9,17,9,8,0,0,0,0,0,0,0,0,0,3,2,1
ARMSTRONG COUNTY,011,52 Years,21,10,11,20,9,11,0,0,0,0,0,0,0,0,0,1,1,0
ARMSTRONG COUNTY,011,53 Years,21,9,12,20,9,11,0,0,0,0,0,0,0,0,0,1,0,1
ARMSTRONG COUNTY,011,54 Years,22,13,9,21,13,8,0,0,0,0,0,0,1,0,1,0,0,0
ARMSTRONG COUNTY,011,55 Years,21,6,15,20,6,14,0,0,0,0,0,0,0,0,0,1,0,1
ARMSTRONG COUNTY,011,56 Years,20,7,13,19,6,13,0,0,0,0,0,0,0,0,0,1,1,0
ARMSTRONG COUNTY,011,57 Years,24,8,16,21,7,14,0,0,0,0,0,0,1,0,1,2,1,1
ARMSTRONG COUNTY,011,58 Years,31,15,16,29,14,15,0,0,0,0,0,0,1,0,1,1,1,0
ARMSTRONG COUNTY,011,59 Years,41,21,20,39,20,19,0,0,0,0,0,0,1,1,0,1,0,1
ARMSTRONG COUNTY,011,60 Years,36,16,20,34,14,20,0,0,0,0,0,0,1,1,0,1,1,0
ARMSTRONG COUNTY,011,61 Years,31,17,14,27,15,12,0,0,0,0,0,0,2,1,1,2,1,1
ARMSTRONG COUNTY,011,62 Years,29,15,14,28,15,13,0,0,0,0,0,0,1,0,1,0,0,0
ARMSTRONG COUNTY,011,63 Years,32,16,16,31,15,16,0,0,0,0,0,0,0,0,0,1,1,0
ARMSTRONG COUNTY,011,64 Years,26,10,16,23,9,14,0,0,0,0,0,0,1,0,1,2,1,1
ARMSTRONG COUNTY,011,65 Years,32,18,14,30,16,14,0,0,0,0,0,0,1,1,0,1,1,0
ARMSTRONG COUNTY,011,66 Years,35,21,14,35,21,14,0,0,0,0,0,0,0,0,0,0,0,0
ARMSTRONG COUNTY,011,67 Years,34,16,18,34,16,18,0,0,0,0,0,0,0,0,0,0,0,0
ARMSTRONG COUNTY,011,68 Years,26,13,13,24,13,11,0,0,0,0,0,0,1,0,1,1,0,1
ARMSTRONG COUNTY,011,69 Years,28,11,17,25,10,15,0,0,0,0,0,0,0,0,0,3,1,2
ARMSTRONG COUNTY,011,70 Years,37,13,24,35,13,22,0,0,0,0,0,0,0,0,0,2,0,2
ARMSTRONG COUNTY,011,71 Years,38,22,16,34,20,14,0,0,0,0,0,0,2,0,2,2,2,0
ARMSTRONG COUNTY,011,72 Years,31,20,11,29,18,11,1,1,0,0,0,0,0,0,0,1,1,0
ARMSTRONG COUNTY,011,73 Years,22,12,10,21,11,10,1,1,0,0,0,0,0,0,0,0,0,0
ARMSTRONG COUNTY,011,74 Years,21,9,12,19,9,10,0,0,0,0,0,0,1,0,1,1,0,1
ARMSTRONG COUNTY,011,75 Years,29,10,19,28,10,18,0,0,0,0,0,0,1,0,1,0,0,0
ARMSTRONG COUNTY,011,76 Years,23,11,12,22,11,11,0,0,0,0,0,0,1,0,1,0,0,0
ARMSTRONG COUNTY,011,77 Years,17,10,7,16,9,7,0,0,0,0,0,0,1,1,0,0,0,0
ARMSTRONG COUNTY,011,78 Years,25,11,14,24,10,14,0,0,0,0,0,0,1,1,0,0,0,0
ARMSTRONG COUNTY,011,79 Years,23,11,12,23,11,12,0,0,0,0,0,0,0,0,0,0,0,0
ARMSTRONG COUNTY,011,80 Years,18,9,9,18,9,9,0,0,0,0,0,0,0,0,0,0,0,0
ARMSTRONG COUNTY,011,81 Years,14,8,6,14,8,6,0,0,0,0,0,0,0,0,0,0,0,0
ARMSTRONG COUNTY,011,82 Years,17,7,10,17,7,10,0,0,0,0,0,0,0,0,0,0,0,0
ARMSTRONG COUNTY,011,83 Years,18,7,11,17,7,10,0,0,0,0,0,0,0,0,0,1,0,1
ARMSTRONG COUNTY,011,84 Years,18,6,12,16,6,10,0,0,0,0,0,0,1,0,1,1,0,1
ARMSTRONG COUNTY,011,85 Years,12,4,8,12,4,8,0,0,0,0,0,0,0,0,0,0,0,0
ARMSTRONG COUNTY,011,86 Years,8,4,4,8,4,4,0,0,0,0,0,0,0,0,0,0,0,0
ARMSTRONG COUNTY,011,87 Years,10,4,6,9,4,5,0,0,0,0,0,0,1,0,1,0,0,0
ARMSTRONG COUNTY,011,88 Years,9,4,5,9,4,5,0,0,0,0,0,0,0,0,0,0,0,0
ARMSTRONG COUNTY,011,89 Years,8,3,5,8,3,5,0,0,0,0,0,0,0,0,0,0,0,0
ARMSTRONG COUNTY,011,90 Years,7,3,4,7,3,4,0,0,0,0,0,0,0,0,0,0,0,0
ARMSTRONG COUNTY,011,91 Years,5,2,3,5,2,3,0,0,0,0,0,0,0,0,0,0,0,0
ARMSTRONG COUNTY,011,92 Years,5,2,3,5,2,3,0,0,0,0,0,0,0,0,0,0,0,0
ARMSTRONG COUNTY,011,93 Years,4,2,2,4,2,2,0,0,0,0,0,0,0,0,0,0,0,0
ARMSTRONG COUNTY,011,94 Years,5,3,2,4,2,2,0,0,0,0,0,0,0,0,0,1,1,0
ARMSTRONG COUNTY,011,95 Years +,9,3,6,8,3,5,0,0,0,0,0,0,1,0,1,0,0,0
ATASCOSA COUNTY,013,All Ages,50898,25705,25193,16896,8443,8453,262,146,116,151,70,81,536,261,275,33053,16785,16268
ATASCOSA COUNTY,013,< 1 Year,698,372,326,172,90,82,1,0,1,2,1,1,15,7,8,508,274,234
ATASCOSA COUNTY,013,1 Years,717,362,355,173,85,88,1,0,1,2,1,1,13,6,7,528,270,258
ATASCOSA COUNTY,013,2 Years,728,373,355,186,93,93,1,0,1,2,1,1,13,6,7,526,273,253
ATASCOSA COUNTY,013,3 Years,743,371,372,205,102,103,1,1,0,2,1,1,9,3,6,526,264,262
ATASCOSA COUNTY,013,4 Years,756,381,375,222,112,110,1,0,1,3,2,1,10,4,6,520,263,257
ATASCOSA COUNTY,013,5 Years,754,372,382,212,98,114,2,1,1,3,1,2,10,5,5,527,267,260
ATASCOSA COUNTY,013,6 Years,749,365,384,212,99,113,0,0,0,3,2,1,10,5,5,524,259,265
ATASCOSA COUNTY,013,7 Years,730,364,366,202,101,101,1,1,0,4,2,2,7,4,3,516,256,260
ATASCOSA COUNTY,013,8 Years,743,388,355,205,109,96,1,1,0,2,1,1,8,4,4,527,273,254
ATASCOSA COUNTY,013,9 Years,775,397,378,200,98,102,1,0,1,0,0,0,6,3,3,568,296,272
ATASCOSA COUNTY,013,10 Years,728,382,346,185,95,90,1,1,0,0,0,0,6,2,4,536,284,252
ATASCOSA COUNTY,013,11 Years,742,381,361,188,102,86,2,1,1,1,1,0,5,2,3,546,275,271
ATASCOSA COUNTY,013,12 Years,737,377,360,172,90,82,3,2,1,2,0,2,7,5,2,553,280,273
ATASCOSA COUNTY,013,13 Years,744,389,355,187,108,79,4,3,1,2,2,0,6,5,1,545,271,274
ATASCOSA COUNTY,013,14 Years,768,398,370,188,88,100,4,1,3,2,2,0,7,4,3,567,303,264
ATASCOSA COUNTY,013,15 Years,721,373,348,181,97,84,6,1,5,1,1,0,5,2,3,528,272,256
ATASCOSA COUNTY,013,16 Years,679,344,335,183,101,82,5,1,4,1,0,1,5,3,2,485,239,246
ATASCOSA COUNTY,013,17 Years,706,352,354,183,98,85,6,1,5,2,1,1,5,2,3,510,250,260
ATASCOSA COUNTY,013,18 Years,689,355,334,181,94,87,5,3,2,3,0,3,5,3,2,495,255,240
ATASCOSA COUNTY,013,19 Years,616,308,308,142,77,65,5,1,4,0,0,0,5,3,2,464,227,237
ATASCOSA COUNTY,013,20 Years,595,298,297,136,79,57,5,4,1,1,0,1,3,2,1,450,213,237
ATASCOSA COUNTY,013,21 Years,659,330,329,167,84,83,6,5,1,2,0,2,5,2,3,479,239,240
ATASCOSA COUNTY,013,22 Years,678,347,331,171,87,84,4,3,1,2,0,2,7,3,4,494,254,240
ATASCOSA COUNTY,013,23 Years,709,356,353,190,92,98,7,3,4,1,0,1,5,3,2,506,258,248
ATASCOSA COUNTY,013,24 Years,706,364,342,194,98,96,6,2,4,0,0,0,8,5,3,498,259,239
ATASCOSA COUNTY,013,25 Years,744,376,368,216,109,107,5,2,3,3,0,3,12,8,4,508,257,251
ATASCOSA COUNTY,013,26 Years,771,398,373,211,105,106,8,3,5,2,1,1,8,3,5,542,286,256
ATASCOSA COUNTY,013,27 Years,846,458,388,255,129,126,4,2,2,1,1,0,5,2,3,581,324,257
ATASCOSA COUNTY,013,28 Years,840,461,379,237,128,109,2,0,2,1,0,1,5,0,5,595,333,262
ATASCOSA COUNTY,013,29 Years,826,450,376,262,147,115,0,0,0,2,2,0,3,1,2,559,300,259
ATASCOSA COUNTY,013,30 Years,804,445,359,257,141,116,1,0,1,3,2,1,4,2,2,539,300,239
ATASCOSA COUNTY,013,31 Years,745,395,350,219,116,103,4,2,2,1,0,1,5,3,2,516,274,242
ATASCOSA COUNTY,013,32 Years,740,401,339,188,93,95,4,3,1,1,1,0,4,3,1,543,301,242
ATASCOSA COUNTY,013,33 Years,729,367,362,208,100,108,4,3,1,4,3,1,3,3,0,510,258,252
ATASCOSA COUNTY,013,34 Years,729,398,331,203,105,98,5,4,1,3,3,0,8,4,4,510,282,228
ATASCOSA COUNTY,013,35 Years,666,357,309,196,106,90,6,3,3,1,0,1,5,3,2,458,245,213
ATASCOSA COUNTY,013,36 Years,636,328,308,196,107,89,3,1,2,0,0,0,9,6,3,428,214,214
ATASCOSA COUNTY,013,37 Years,625,336,289,193,107,86,2,2,0,2,2,0,8,4,4,420,221,199
ATASCOSA COUNTY,013,38 Years,666,357,309,231,130,101,3,2,1,3,2,1,6,3,3,423,220,203
ATASCOSA COUNTY,013,39 Years,669,360,309,237,128,109,2,1,1,1,1,0,5,3,2,424,227,197
ATASCOSA COUNTY,013,40 Years,604,306,298,214,110,104,1,0,1,0,0,0,5,2,3,384,194,190
ATASCOSA COUNTY,013,41 Years,568,287,281,204,107,97,1,1,0,1,0,1,4,2,2,358,177,181
ATASCOSA COUNTY,013,42 Years,555,285,270,207,99,108,5,2,3,0,0,0,5,3,2,338,181,157
ATASCOSA COUNTY,013,43 Years,549,290,259,189,103,86,3,2,1,0,0,0,2,1,1,355,184,171
ATASCOSA COUNTY,013,44 Years,554,280,274,187,95,92,1,1,0,0,0,0,6,4,2,360,180,180
ATASCOSA COUNTY,013,45 Years,533,263,270,190,98,92,1,0,1,1,1,0,4,2,2,337,162,175
ATASCOSA COUNTY,013,46 Years,561,253,308,178,86,92,3,1,2,2,2,0,6,1,5,372,163,209
ATASCOSA COUNTY,013,47 Years,602,292,310,203,111,92,2,0,2,1,1,0,10,5,5,386,175,211
ATASCOSA COUNTY,013,48 Years,595,312,283,210,118,92,3,0,3,0,0,0,8,4,4,374,190,184
ATASCOSA COUNTY,013,49 Years,619,318,301,202,110,92,4,3,1,4,0,4,7,2,5,402,203,199
ATASCOSA COUNTY,013,50 Years,567,290,277,199,99,100,4,3,1,3,1,2,4,1,3,357,186,171
ATASCOSA COUNTY,013,51 Years,529,269,260,177,86,91,4,4,0,2,0,2,5,1,4,341,178,163
ATASCOSA COUNTY,013,52 Years,538,281,257,184,99,85,2,2,0,4,2,2,6,3,3,342,175,167
ATASCOSA COUNTY,013,53 Years,543,276,267,195,95,100,4,2,2,2,2,0,3,1,2,339,176,163
ATASCOSA COUNTY,013,54 Years,555,277,278,191,98,93,4,3,1,4,3,1,7,3,4,349,170,179
ATASCOSA COUNTY,013,55 Years,599,274,325,206,94,112,3,2,1,2,1,1,8,2,6,380,175,205
ATASCOSA COUNTY,013,56 Years,640,313,327,242,119,123,3,2,1,1,1,0,7,3,4,387,188,199
ATASCOSA COUNTY,013,57 Years,595,289,306,234,113,121,3,2,1,1,1,0,8,5,3,349,168,181
ATASCOSA COUNTY,013,58 Years,614,306,308,224,108,116,3,1,2,8,4,4,9,3,6,370,190,180
ATASCOSA COUNTY,013,59 Years,569,280,289,195,90,105,4,3,1,3,1,2,10,3,7,357,183,174
ATASCOSA COUNTY,013,60 Years,593,279,314,237,106,131,4,4,0,1,0,1,6,4,2,345,165,180
ATASCOSA COUNTY,013,61 Years,553,282,271,228,115,113,5,4,1,3,0,3,5,3,2,312,160,152
ATASCOSA COUNTY,013,62 Years,544,279,265,230,115,115,3,1,2,2,1,1,10,6,4,299,156,143
ATASCOSA COUNTY,013,63 Years,530,248,282,211,92,119,3,2,1,2,1,1,10,5,5,304,148,156
ATASCOSA COUNTY,013,64 Years,540,265,275,226,105,121,3,2,1,2,0,2,9,5,4,300,153,147
ATASCOSA COUNTY,013,65 Years,522,264,258,228,110,118,5,3,2,1,0,1,7,4,3,281,147,134
ATASCOSA COUNTY,013,66 Years,541,263,278,242,111,131,2,2,0,2,2,0,6,5,1,289,143,146
ATASCOSA COUNTY,013,67 Years,497,235,262,224,103,121,4,2,2,2,1,1,5,4,1,262,125,137
ATASCOSA COUNTY,013,68 Years,464,236,228,214,107,107,2,1,1,1,0,1,7,4,3,240,124,116
ATASCOSA COUNTY,013,69 Years,465,223,242,216,104,112,2,1,1,1,1,0,8,6,2,238,111,127
ATASCOSA COUNTY,013,70 Years,465,218,247,208,101,107,4,2,2,2,1,1,8,4,4,243,110,133
ATASCOSA COUNTY,013,71 Years,429,222,207,199,106,93,3,2,1,4,2,2,6,2,4,217,110,107
ATASCOSA COUNTY,013,72 Years,426,208,218,214,104,110,1,1,0,1,1,0,3,1,2,207,101,106
ATASCOSA COUNTY,013,73 Years,420,194,226,200,93,107,4,3,1,0,0,0,3,0,3,213,98,115
ATASCOSA COUNTY,013,74 Years,370,175,195,174,80,94,2,2,0,1,0,1,2,1,1,191,92,99
ATASCOSA COUNTY,013,75 Years,341,168,173,176,85,91,2,2,0,2,0,2,4,1,3,157,80,77
ATASCOSA COUNTY,013,76 Years,317,143,174,172,71,101,3,2,1,2,1,1,6,1,5,134,68,66
ATASCOSA COUNTY,013,77 Years,280,126,154,147,66,81,1,1,0,1,0,1,4,1,3,127,58,69
ATASCOSA COUNTY,013,78 Years,255,118,137,137,63,74,0,0,0,1,0,1,6,3,3,111,52,59
ATASCOSA COUNTY,013,79 Years,244,108,136,129,61,68,1,0,1,1,0,1,2,1,1,111,46,65
ATASCOSA COUNTY,013,80 Years,208,89,119,108,47,61,2,1,1,2,0,2,3,2,1,93,39,54
ATASCOSA COUNTY,013,81 Years,190,80,110,97,42,55,2,2,0,1,1,0,4,1,3,86,34,52
ATASCOSA COUNTY,013,82 Years,174,74,100,85,34,51,3,2,1,0,0,0,3,1,2,83,37,46
ATASCOSA COUNTY,013,83 Years,151,67,84,82,35,47,2,0,2,0,0,0,4,2,2,63,30,33
ATASCOSA COUNTY,013,84 Years,157,74,83,81,38,43,1,1,0,0,0,0,1,1,0,74,34,40
ATASCOSA COUNTY,013,85 Years,129,64,65,70,35,35,1,1,0,0,0,0,1,1,0,57,27,30
ATASCOSA COUNTY,013,86 Years,118,50,68,67,31,36,2,2,0,1,0,1,1,0,1,47,17,30
ATASCOSA COUNTY,013,87 Years,99,42,57,55,22,33,1,1,0,0,0,0,0,0,0,43,19,24
ATASCOSA COUNTY,013,88 Years,88,35,53,46,19,27,0,0,0,1,0,1,0,0,0,41,16,25
ATASCOSA COUNTY,013,89 Years,78,31,47,40,15,25,0,0,0,1,0,1,0,0,0,37,16,21
ATASCOSA COUNTY,013,90 Years,70,31,39,41,17,24,0,0,0,1,0,1,0,0,0,28,14,14
ATASCOSA COUNTY,013,91 Years,55,20,35,36,12,24,1,0,1,0,0,0,0,0,0,18,8,10
ATASCOSA COUNTY,013,92 Years,42,15,27,22,7,15,0,0,0,1,1,0,0,0,0,19,7,12
ATASCOSA COUNTY,013,93 Years,39,15,24,21,7,14,0,0,0,0,0,0,1,0,1,17,8,9
ATASCOSA COUNTY,013,94 Years,33,11,22,17,5,12,0,0,0,0,0,0,1,0,1,15,6,9
ATASCOSA COUNTY,013,95 Years +,76,26,50,39,13,26,3,1,2,1,0,1,1,0,1,32,12,20
AUSTIN COUNTY,015,All Ages,32067,15823,16244,19590,9600,9990,2898,1441,1457,135,55,80,602,313,289,8842,4414,4428
AUSTIN COUNTY,015,< 1 Year,356,160,196,140,63,77,27,14,13,2,0,2,21,10,11,166,73,93
AUSTIN COUNTY,015,1 Years,362,173,189,149,72,77,29,15,14,2,1,1,19,11,8,163,74,89
AUSTIN COUNTY,015,2 Years,369,188,181,151,78,73,29,16,13,2,1,1,24,13,11,163,80,83
AUSTIN COUNTY,015,3 Years,384,199,185,157,83,74,32,16,16,4,2,2,26,17,9,165,81,84
AUSTIN COUNTY,015,4 Years,403,205,198,162,83,79,36,18,18,2,1,1,26,15,11,177,88,89
AUSTIN COUNTY,015,5 Years,411,194,217,158,76,82,38,18,20,2,1,1,29,15,14,184,84,100
AUSTIN COUNTY,015,6 Years,409,193,216,167,78,89,38,17,21,2,1,1,20,13,7,182,84,98
AUSTIN COUNTY,015,7 Years,408,190,218,168,81,87,35,16,19,1,0,1,20,11,9,184,82,102
AUSTIN COUNTY,015,8 Years,422,210,212,186,95,91,36,19,17,1,0,1,10,6,4,189,90,99
AUSTIN COUNTY,015,9 Years,456,204,252,195,86,109,36,17,19,1,0,1,11,3,8,213,98,115
AUSTIN COUNTY,015,10 Years,437,209,228,216,112,104,35,18,17,0,0,0,6,4,2,180,75,105
AUSTIN COUNTY,015,11 Years,435,216,219,218,111,107,36,19,17,1,0,1,10,8,2,170,78,92
AUSTIN COUNTY,015,12 Years,432,210,222,206,109,97,36,16,20,1,0,1,11,5,6,178,80,98
AUSTIN COUNTY,015,13 Years,419,215,204,195,107,88,39,19,20,4,2,2,12,5,7,169,82,87
AUSTIN COUNTY,015,14 Years,392,211,181,193,114,79,38,19,19,2,1,1,8,3,5,151,74,77
AUSTIN COUNTY,015,15 Years,388,215,173,211,122,89,21,12,9,2,1,1,11,6,5,143,74,69
AUSTIN COUNTY,015,16 Years,436,238,198,226,124,102,40,19,21,3,1,2,12,7,5,155,87,68
AUSTIN COUNTY,015,17 Years,415,235,180,205,119,86,52,29,23,1,0,1,9,4,5,148,83,65
AUSTIN COUNTY,015,18 Years,375,197,178,188,103,85,35,20,15,2,0,2,6,3,3,144,71,73
AUSTIN COUNTY,015,19 Years,354,180,174,157,81,76,39,22,17,2,1,1,9,7,2,147,69,78
AUSTIN COUNTY,015,20 Years,367,186,181,164,76,88,47,29,18,2,2,0,10,6,4,144,73,71
AUSTIN COUNTY,015,21 Years,353,179,174,169,85,84,43,24,19,0,0,0,8,2,6,133,68,65
AUSTIN COUNTY,015,22 Years,319,166,153,159,81,78,36,22,14,0,0,0,9,4,5,115,59,56
AUSTIN COUNTY,015,23 Years,359,191,168,190,98,92,41,24,17,2,1,1,9,4,5,117,64,53
AUSTIN COUNTY,015,24 Years,388,192,196,208,102,106,39,20,19,1,0,1,5,2,3,135,68,67
AUSTIN COUNTY,015,25 Years,406,208,198,209,105,104,54,32,22,1,0,1,13,5,8,129,66,63
AUSTIN COUNTY,015,26 Years,421,220,201,227,123,104,54,25,29,1,0,1,10,6,4,129,66,63
AUSTIN COUNTY,015,27 Years,401,215,186,222,115,107,50,26,24,1,0,1,9,8,1,119,66,53
AUSTIN COUNTY,015,28 Years,393,198,195,217,108,109,39,17,22,1,0,1,5,4,1,131,69,62
AUSTIN COUNTY,015,29 Years,378,176,202,204,100,104,43,18,25,1,0,1,3,1,2,127,57,70
AUSTIN COUNTY,015,30 Years,384,177,207,217,97,120,41,21,20,0,0,0,4,2,2,122,57,65
AUSTIN COUNTY,015,31 Years,368,187,181,206,108,98,36,18,18,0,0,0,2,2,0,124,59,65
AUSTIN COUNTY,015,32 Years,356,178,178,209,109,100,31,13,18,3,2,1,4,3,1,109,51,58
AUSTIN COUNTY,015,33 Years,361,173,188,215,106,109,31,16,15,3,2,1,2,2,0,110,47,63
AUSTIN COUNTY,015,34 Years,380,183,197,196,94,102,37,18,19,2,0,2,4,1,3,141,70,71
AUSTIN COUNTY,015,35 Years,313,163,150,167,84,83,29,16,13,1,0,1,3,2,1,113,61,52
AUSTIN COUNTY,015,36 Years,360,175,185,196,85,111,35,18,17,1,1,0,4,3,1,124,68,56
AUSTIN COUNTY,015,37 Years,367,177,190,201,94,107,29,17,12,3,1,2,3,3,0,131,62,69
AUSTIN COUNTY,015,38 Years,356,175,181,210,100,110,30,17,13,2,1,1,4,2,2,110,55,55
AUSTIN COUNTY,015,39 Years,355,164,191,214,94,120,28,16,12,2,1,1,3,0,3,108,53,55
AUSTIN COUNTY,015,40 Years,371,168,203,213,101,112,38,14,24,2,1,1,4,2,2,114,50,64
AUSTIN COUNTY,015,41 Years,365,175,190,228,114,114,29,12,17,3,1,2,1,0,1,104,48,56
AUSTIN COUNTY,015,42 Years,366,184,182,231,110,121,28,15,13,3,1,2,3,2,1,101,56,45
AUSTIN COUNTY,015,43 Years,328,162,166,204,99,105,25,12,13,1,0,1,1,0,1,97,51,46
AUSTIN COUNTY,015,44 Years,366,176,190,215,97,118,32,19,13,3,1,2,4,0,4,112,59,53
AUSTIN COUNTY,015,45 Years,366,189,177,199,99,100,32,15,17,2,1,1,2,0,2,131,74,57
AUSTIN COUNTY,015,46 Years,348,177,171,198,95,103,23,10,13,3,2,1,3,2,1,121,68,53
AUSTIN COUNTY,015,47 Years,359,161,198,215,89,126,34,17,17,3,0,3,5,2,3,102,53,49
AUSTIN COUNTY,015,48 Years,386,177,209,240,100,140,34,13,21,1,1,0,4,1,3,107,62,45
AUSTIN COUNTY,015,49 Years,383,189,194,241,117,124,33,15,18,1,1,0,3,0,3,105,56,49
AUSTIN COUNTY,015,50 Years,365,182,183,248,124,124,31,14,17,1,0,1,3,1,2,82,43,39
AUSTIN COUNTY,015,51 Years,368,194,174,234,118,116,37,22,15,2,0,2,3,2,1,92,52,40
AUSTIN COUNTY,015,52 Years,371,211,160,229,125,104,34,20,14,2,1,1,4,2,2,102,63,39
AUSTIN COUNTY,015,53 Years,407,223,184,257,143,114,44,20,24,2,2,0,8,3,5,96,55,41
AUSTIN COUNTY,015,54 Years,411,208,203,263,131,132,45,21,24,2,0,2,8,4,4,93,52,41
AUSTIN COUNTY,015,55 Years,415,206,209,272,127,145,41,22,19,2,1,1,7,3,4,93,53,40
AUSTIN COUNTY,015,56 Years,435,210,225,301,142,159,40,16,24,2,1,1,5,3,2,87,48,39
AUSTIN COUNTY,015,57 Years,443,209,234,316,149,167,42,14,28,2,1,1,3,3,0,80,42,38
AUSTIN COUNTY,015,58 Years,459,214,245,311,139,172,50,24,26,4,2,2,9,8,1,85,41,44
AUSTIN COUNTY,015,59 Years,457,219,238,334,151,183,39,22,17,3,1,2,8,4,4,73,41,32
AUSTIN COUNTY,015,60 Years,456,239,217,337,175,162,41,24,17,1,1,0,8,3,5,69,36,33
AUSTIN COUNTY,015,61 Years,471,247,224,334,175,159,47,25,22,0,0,0,7,3,4,83,44,39
AUSTIN COUNTY,015,62 Years,479,256,223,357,186,171,35,21,14,3,1,2,12,7,5,72,41,31
AUSTIN COUNTY,015,63 Years,492,234,258,377,176,201,38,21,17,3,1,2,8,4,4,66,32,34
AUSTIN COUNTY,015,64 Years,440,219,221,331,161,170,33,19,14,1,0,1,5,2,3,70,37,33
AUSTIN COUNTY,015,65 Years,470,221,249,369,170,199,37,16,21,1,0,1,6,3,3,57,32,25
AUSTIN COUNTY,015,66 Years,443,238,205,351,187,164,34,16,18,1,0,1,6,4,2,51,31,20
AUSTIN COUNTY,015,67 Years,431,220,211,346,179,167,35,17,18,2,1,1,4,2,2,44,21,23
AUSTIN COUNTY,015,68 Years,380,184,196,302,150,152,27,12,15,2,1,1,1,0,1,48,21,27
AUSTIN COUNTY,015,69 Years,349,175,174,282,145,137,23,13,10,1,1,0,1,0,1,42,16,26
AUSTIN COUNTY,015,70 Years,361,182,179,291,150,141,28,13,15,3,2,1,2,1,1,37,16,21
AUSTIN COUNTY,015,71 Years,381,184,197,314,151,163,31,14,17,2,1,1,2,2,0,32,16,16
AUSTIN COUNTY,015,72 Years,375,178,197,314,148,166,24,13,11,0,0,0,2,1,1,35,16,19
AUSTIN COUNTY,015,73 Years,314,140,174,252,112,140,28,12,16,0,0,0,2,1,1,32,15,17
AUSTIN COUNTY,015,74 Years,303,156,147,250,129,121,24,12,12,1,1,0,2,1,1,26,13,13
AUSTIN COUNTY,015,75 Years,303,148,155,251,123,128,24,12,12,1,1,0,2,1,1,25,11,14
AUSTIN COUNTY,015,76 Years,304,144,160,252,119,133,21,10,11,0,0,0,4,2,2,27,13,14
AUSTIN COUNTY,015,77 Years,274,134,140,232,115,117,21,8,13,1,1,0,1,1,0,19,9,10
AUSTIN COUNTY,015,78 Years,222,101,121,190,90,100,16,6,10,0,0,0,2,1,1,14,4,10
AUSTIN COUNTY,015,79 Years,188,88,100,146,69,77,19,8,11,0,0,0,2,1,1,21,10,11
AUSTIN COUNTY,015,80 Years,161,70,91,126,52,74,14,8,6,1,0,1,4,1,3,16,9,7
AUSTIN COUNTY,015,81 Years,158,66,92,130,54,76,14,6,8,1,0,1,3,1,2,10,5,5
AUSTIN COUNTY,015,82 Years,142,58,84,115,51,64,13,4,9,0,0,0,2,0,2,12,3,9
AUSTIN COUNTY,015,83 Years,120,56,64,98,48,50,7,2,5,1,0,1,2,0,2,12,6,6
AUSTIN COUNTY,015,84 Years,118,56,62,97,45,52,7,3,4,0,0,0,1,0,1,13,8,5
AUSTIN COUNTY,015,85 Years,106,43,63,83,31,52,8,3,5,1,1,0,1,0,1,13,8,5
AUSTIN COUNTY,015,86 Years,83,33,50,63,27,36,7,1,6,0,0,0,2,0,2,11,5,6
AUSTIN COUNTY,015,87 Years,87,39,48,70,34,36,5,1,4,0,0,0,1,0,1,11,4,7
AUSTIN COUNTY,015,88 Years,82,34,48,62,26,36,5,2,3,0,0,0,2,0,2,13,6,7
AUSTIN COUNTY,015,89 Years,75,29,46,59,22,37,6,3,3,0,0,0,1,1,0,9,3,6
AUSTIN COUNTY,015,90 Years,64,23,41,50,18,32,7,3,4,0,0,0,0,0,0,7,2,5
AUSTIN COUNTY,015,91 Years,50,19,31,39,13,26,6,3,3,0,0,0,0,0,0,5,3,2
AUSTIN COUNTY,015,92 Years,40,14,26,30,10,20,5,3,2,0,0,0,1,0,1,4,1,3
AUSTIN COUNTY,015,93 Years,34,11,23,26,8,18,5,2,3,0,0,0,0,0,0,3,1,2
AUSTIN COUNTY,015,94 Years,26,8,18,18,6,12,4,1,3,0,0,0,0,0,0,4,1,3
AUSTIN COUNTY,015,95 Years +,68,17,51,49,14,35,8,1,7,0,0,0,1,0,1,10,2,8
BAILEY COUNTY,017,All Ages,7113,3672,3441,2224,1088,1136,61,44,17,24,13,11,146,80,66,4658,2447,2211
BAILEY COUNTY,017,< 1 Year,116,64,52,16,10,6,0,0,0,0,0,0,22,13,9,78,41,37
BAILEY COUNTY,017,1 Years,119,64,55,18,9,9,0,0,0,0,0,0,24,15,9,77,40,37
BAILEY COUNTY,017,2 Years,122,65,57,21,10,11,0,0,0,0,0,0,19,12,7,82,43,39
BAILEY COUNTY,017,3 Years,125,64,61,27,12,15,0,0,0,1,1,0,15,9,6,82,42,40
BAILEY COUNTY,017,4 Years,116,60,56,27,12,15,1,1,0,1,1,0,8,4,4,79,42,37
BAILEY COUNTY,017,5 Years,108,60,48,28,14,14,1,1,0,1,1,0,6,3,3,72,41,31
BAILEY COUNTY,017,6 Years,103,58,45,26,12,14,0,0,0,0,0,0,4,2,2,73,44,29
BAILEY COUNTY,017,7 Years,110,62,48,28,14,14,0,0,0,0,0,0,4,2,2,78,46,32
BAILEY COUNTY,017,8 Years,110,59,51,28,12,16,0,0,0,0,0,0,3,2,1,79,45,34
BAILEY COUNTY,017,9 Years,138,75,63,31,16,15,0,0,0,0,0,0,2,0,2,105,59,46
BAILEY COUNTY,017,10 Years,127,66,61,25,11,14,0,0,0,0,0,0,2,1,1,100,54,46
BAILEY COUNTY,017,11 Years,115,55,60,21,9,12,1,0,1,0,0,0,0,0,0,93,46,47
BAILEY COUNTY,017,12 Years,129,69,60,32,15,17,0,0,0,0,0,0,1,1,0,96,53,43
BAILEY COUNTY,017,13 Years,135,66,69,30,11,19,0,0,0,0,0,0,0,0,0,105,55,50
BAILEY COUNTY,017,14 Years,131,63,68,32,12,20,2,1,1,1,1,0,2,1,1,94,48,46
BAILEY COUNTY,017,15 Years,119,54,65,26,10,16,0,0,0,0,0,0,2,1,1,91,43,48
BAILEY COUNTY,017,16 Years,119,64,55,26,14,12,1,1,0,0,0,0,0,0,0,92,49,43
BAILEY COUNTY,017,17 Years,126,65,61,30,17,13,1,0,1,1,0,1,0,0,0,94,48,46
BAILEY COUNTY,017,18 Years,126,65,61,36,18,18,0,0,0,0,0,0,1,1,0,89,46,43
BAILEY COUNTY,017,19 Years,103,59,44,19,12,7,0,0,0,0,0,0,0,0,0,84,47,37
BAILEY COUNTY,017,20 Years,94,56,38,25,16,9,0,0,0,0,0,0,2,2,0,67,38,29
BAILEY COUNTY,017,21 Years,95,53,42,22,12,10,0,0,0,1,0,1,1,0,1,71,41,30
BAILEY COUNTY,017,22 Years,87,48,39,19,12,7,0,0,0,1,0,1,1,0,1,66,36,30
BAILEY COUNTY,017,23 Years,102,52,50,26,14,12,1,1,0,1,0,1,0,0,0,74,37,37
BAILEY COUNTY,017,24 Years,99,53,46,25,11,14,1,1,0,0,0,0,1,0,1,72,41,31
BAILEY COUNTY,017,25 Years,97,57,40,22,12,10,1,1,0,0,0,0,1,0,1,73,44,29
BAILEY COUNTY,017,26 Years,98,53,45,20,11,9,0,0,0,0,0,0,1,0,1,77,42,35
BAILEY COUNTY,017,27 Years,100,58,42,26,12,14,4,3,1,0,0,0,0,0,0,70,43,27
BAILEY COUNTY,017,28 Years,85,44,41,17,11,6,2,1,1,0,0,0,1,0,1,65,32,33
BAILEY COUNTY,017,29 Years,81,42,39,13,6,7,0,0,0,0,0,0,0,0,0,68,36,32
BAILEY COUNTY,017,30 Years,75,36,39,17,7,10,1,0,1,0,0,0,0,0,0,57,29,28
BAILEY COUNTY,017,31 Years,86,46,40,20,12,8,1,0,1,0,0,0,0,0,0,65,34,31
BAILEY COUNTY,017,32 Years,91,47,44,26,12,14,3,2,1,1,0,1,1,0,1,60,33,27
BAILEY COUNTY,017,33 Years,81,43,38,25,10,15,2,2,0,0,0,0,0,0,0,54,31,23
BAILEY COUNTY,017,34 Years,92,46,46,31,13,18,0,0,0,0,0,0,1,0,1,60,33,27
BAILEY COUNTY,017,35 Years,92,50,42,29,15,14,1,1,0,1,0,1,1,1,0,60,33,27
BAILEY COUNTY,017,36 Years,80,45,35,26,12,14,2,2,0,0,0,0,2,1,1,50,30,20
BAILEY COUNTY,017,37 Years,84,45,39,31,18,13,1,1,0,2,1,1,0,0,0,50,25,25
BAILEY COUNTY,017,38 Years,85,39,46,26,14,12,0,0,0,0,0,0,1,0,1,58,25,33
BAILEY COUNTY,017,39 Years,78,39,39,23,13,10,1,0,1,0,0,0,0,0,0,54,26,28
BAILEY COUNTY,017,40 Years,86,47,39,30,16,14,0,0,0,0,0,0,0,0,0,56,31,25
BAILEY COUNTY,017,41 Years,83,42,41,24,13,11,2,2,0,0,0,0,0,0,0,57,27,30
BAILEY COUNTY,017,42 Years,71,36,35,18,10,8,0,0,0,0,0,0,0,0,0,53,26,27
BAILEY COUNTY,017,43 Years,80,39,41,23,11,12,0,0,0,0,0,0,0,0,0,57,28,29
BAILEY COUNTY,017,44 Years,76,36,40,20,7,13,2,2,0,0,0,0,0,0,0,54,27,27
BAILEY COUNTY,017,45 Years,90,44,46,30,15,15,1,1,0,0,0,0,1,1,0,58,27,31
BAILEY COUNTY,017,46 Years,78,39,39,25,15,10,0,0,0,0,0,0,0,0,0,53,24,29
BAILEY COUNTY,017,47 Years,76,38,38,18,11,7,1,1,0,0,0,0,0,0,0,57,26,31
BAILEY COUNTY,017,48 Years,72,31,41,17,7,10,0,0,0,0,0,0,2,1,1,53,23,30
BAILEY COUNTY,017,49 Years,74,34,40,19,9,10,0,0,0,1,0,1,1,0,1,53,25,28
BAILEY COUNTY,017,50 Years,81,38,43,25,13,12,2,0,2,1,1,0,1,1,0,52,23,29
BAILEY COUNTY,017,51 Years,74,34,40,22,9,13,1,0,1,1,1,0,1,1,0,49,23,26
BAILEY COUNTY,017,52 Years,77,40,37,28,14,14,0,0,0,2,2,0,0,0,0,47,24,23
BAILEY COUNTY,017,53 Years,81,45,36,28,15,13,0,0,0,0,0,0,0,0,0,53,30,23
BAILEY COUNTY,017,54 Years,70,34,36,24,11,13,0,0,0,0,0,0,0,0,0,46,23,23
BAILEY COUNTY,017,55 Years,71,30,41,20,7,13,0,0,0,0,0,0,1,1,0,50,22,28
BAILEY COUNTY,017,56 Years,74,40,34,29,14,15,1,1,0,1,0,1,0,0,0,43,25,18
BAILEY COUNTY,017,57 Years,80,43,37,34,18,16,1,1,0,0,0,0,0,0,0,45,24,21
BAILEY COUNTY,017,58 Years,80,45,35,27,14,13,1,1,0,0,0,0,0,0,0,52,30,22
BAILEY COUNTY,017,59 Years,78,41,37,32,18,14,0,0,0,1,1,0,0,0,0,45,22,23
BAILEY COUNTY,017,60 Years,68,36,32,35,18,17,1,1,0,0,0,0,0,0,0,32,17,15
BAILEY COUNTY,017,61 Years,69,39,30,33,19,14,0,0,0,0,0,0,1,0,1,35,20,15
BAILEY COUNTY,017,62 Years,82,45,37,38,18,20,3,3,0,0,0,0,1,1,0,40,23,17
BAILEY COUNTY,017,63 Years,75,40,35,35,17,18,2,2,0,0,0,0,0,0,0,38,21,17
BAILEY COUNTY,017,64 Years,64,33,31,32,17,15,0,0,0,0,0,0,0,0,0,32,16,16
BAILEY COUNTY,017,65 Years,67,35,32,32,16,16,0,0,0,0,0,0,0,0,0,35,19,16
BAILEY COUNTY,017,66 Years,68,33,35,33,16,17,0,0,0,0,0,0,1,0,1,34,17,17
BAILEY COUNTY,017,67 Years,61,30,31,32,15,17,0,0,0,0,0,0,2,1,1,27,14,13
BAILEY COUNTY,017,68 Years,54,30,24,28,14,14,0,0,0,1,0,1,0,0,0,25,16,9
BAILEY COUNTY,017,69 Years,51,30,21,26,13,13,1,1,0,0,0,0,0,0,0,24,16,8
BAILEY COUNTY,017,70 Years,48,23,25,30,13,17,0,0,0,0,0,0,0,0,0,18,10,8
BAILEY COUNTY,017,71 Years,50,22,28,28,12,16,0,0,0,0,0,0,0,0,0,22,10,12
BAILEY COUNTY,017,72 Years,43,21,22,23,11,12,1,1,0,1,1,0,0,0,0,18,8,10
BAILEY COUNTY,017,73 Years,39,19,20,22,11,11,1,1,0,0,0,0,1,0,1,15,7,8
BAILEY COUNTY,017,74 Years,42,25,17,24,14,10,1,1,0,0,0,0,0,0,0,17,10,7
BAILEY COUNTY,017,75 Years,42,20,22,25,11,14,1,0,1,0,0,0,1,1,0,15,8,7
BAILEY COUNTY,017,76 Years,43,16,27,25,9,16,0,0,0,0,0,0,1,1,0,17,6,11
BAILEY COUNTY,017,77 Years,34,14,20,20,8,12,0,0,0,0,0,0,0,0,0,14,6,8
BAILEY COUNTY,017,78 Years,44,28,16,28,20,8,0,0,0,0,0,0,0,0,0,16,8,8
BAILEY COUNTY,017,79 Years,29,15,14,18,11,7,0,0,0,0,0,0,1,0,1,10,4,6
BAILEY COUNTY,017,80 Years,32,15,17,14,7,7,0,0,0,0,0,0,0,0,0,18,8,10
BAILEY COUNTY,017,81 Years,25,12,13,12,6,6,0,0,0,1,1,0,0,0,0,12,5,7
BAILEY COUNTY,017,82 Years,28,13,15,16,6,10,0,0,0,1,1,0,0,0,0,11,6,5
BAILEY COUNTY,017,83 Years,31,12,19,20,5,15,0,0,0,0,0,0,0,0,0,11,7,4
BAILEY COUNTY,017,84 Years,27,9,18,17,7,10,1,0,1,1,0,1,0,0,0,8,2,6
BAILEY COUNTY,017,85 Years,22,12,10,13,7,6,0,0,0,0,0,0,1,0,1,8,5,3
BAILEY COUNTY,017,86 Years,23,8,15,14,4,10,0,0,0,0,0,0,0,0,0,9,4,5
BAILEY COUNTY,017,87 Years,23,8,15,13,3,10,1,1,0,0,0,0,0,0,0,9,4,5
BAILEY COUNTY,017,88 Years,15,6,9,9,3,6,1,1,0,0,0,0,0,0,0,5,2,3
BAILEY COUNTY,017,89 Years,14,6,8,6,3,3,2,1,1,0,0,0,0,0,0,6,2,4
BAILEY COUNTY,017,90 Years,13,8,5,7,4,3,1,1,0,0,0,0,0,0,0,5,3,2
BAILEY COUNTY,017,91 Years,13,6,7,7,3,4,0,0,0,0,0,0,0,0,0,6,3,3
BAILEY COUNTY,017,92 Years,10,5,5,5,2,3,0,0,0,0,0,0,0,0,0,5,3,2
BAILEY COUNTY,017,93 Years,8,5,3,3,2,1,1,1,0,0,0,0,0,0,0,4,2,2
BAILEY COUNTY,017,94 Years,8,4,4,3,1,2,1,1,0,0,0,0,0,0,0,4,2,2
BAILEY COUNTY,017,95 Years +,17,4,13,9,2,7,2,0,2,0,0,0,0,0,0,6,2,4
BANDERA COUNTY,019,All Ages,23129,11396,11733,17838,8823,9015,111,54,57,64,22,42,514,248,266,4602,2249,2353
BANDERA COUNTY,019,< 1 Year,203,105,98,107,57,50,2,1,1,0,0,0,31,17,14,63,30,33
BANDERA COUNTY,019,1 Years,213,103,110,121,61,60,1,0,1,0,0,0,23,13,10,68,29,39
BANDERA COUNTY,019,2 Years,215,99,116,121,60,61,2,0,2,0,0,0,22,11,11,70,28,42
BANDERA COUNTY,019,3 Years,209,98,111,128,64,64,1,0,1,0,0,0,9,4,5,71,30,41
BANDERA COUNTY,019,4 Years,200,98,102,124,65,59,2,1,1,0,0,0,10,3,7,64,29,35
BANDERA COUNTY,019,5 Years,194,92,102,125,63,62,0,0,0,1,1,0,9,3,6,59,25,34
BANDERA COUNTY,019,6 Years,199,94,105,128,64,64,2,1,1,1,1,0,9,4,5,59,24,35
BANDERA COUNTY,019,7 Years,201,93,108,132,64,68,1,0,1,2,1,1,9,5,4,57,23,34
BANDERA COUNTY,019,8 Years,208,104,104,135,67,68,2,0,2,2,1,1,9,7,2,60,29,31
BANDERA COUNTY,019,9 Years,203,107,96,136,73,63,1,0,1,0,0,0,8,3,5,58,31,27
BANDERA COUNTY,019,10 Years,210,104,106,153,75,78,1,0,1,0,0,0,5,2,3,51,27,24
BANDERA COUNTY,019,11 Years,208,96,112,145,64,81,4,2,2,0,0,0,5,1,4,54,29,25
BANDERA COUNTY,019,12 Years,214,103,111,141,69,72,1,0,1,0,0,0,7,3,4,65,31,34
BANDERA COUNTY,019,13 Years,209,103,106,142,73,69,1,0,1,0,0,0,4,2,2,62,28,34
BANDERA COUNTY,019,14 Years,205,100,105,134,69,65,1,0,1,0,0,0,5,3,2,65,28,37
BANDERA COUNTY,019,15 Years,205,105,100,131,68,63,1,0,1,2,1,1,1,1,0,70,35,35
BANDERA COUNTY,019,16 Years,235,118,117,146,75,71,2,1,1,1,0,1,7,2,5,79,40,39
BANDERA COUNTY,019,17 Years,216,104,112,145,70,75,3,1,2,1,1,0,3,0,3,64,32,32
BANDERA COUNTY,019,18 Years,210,117,93,133,75,58,3,2,1,0,0,0,3,1,2,71,39,32
BANDERA COUNTY,019,19 Years,171,85,86,106,54,52,5,1,4,1,1,0,1,0,1,58,29,29
BANDERA COUNTY,019,20 Years,173,95,78,116,66,50,5,2,3,1,1,0,3,1,2,48,25,23
BANDERA COUNTY,019,21 Years,181,93,88,123,62,61,3,2,1,1,0,1,5,2,3,49,27,22
BANDERA COUNTY,019,22 Years,194,101,93,128,70,58,3,1,2,0,0,0,7,3,4,56,27,29
BANDERA COUNTY,019,23 Years,223,119,104,145,75,70,4,2,2,0,0,0,8,2,6,66,40,26
BANDERA COUNTY,019,24 Years,240,123,117,158,75,83,2,2,0,0,0,0,5,2,3,75,44,31
BANDERA COUNTY,019,25 Years,264,128,136,180,83,97,2,1,1,0,0,0,7,3,4,75,41,34
BANDERA COUNTY,019,26 Years,267,139,128,193,94,99,2,1,1,0,0,0,4,3,1,68,41,27
BANDERA COUNTY,019,27 Years,272,156,116,185,101,84,0,0,0,1,1,0,3,2,1,83,52,31
BANDERA COUNTY,019,28 Years,236,114,122,179,84,95,0,0,0,0,0,0,2,1,1,55,29,26
BANDERA COUNTY,019,29 Years,235,113,122,193,88,105,0,0,0,0,0,0,2,2,0,40,23,17
BANDERA COUNTY,019,30 Years,233,116,117,170,81,89,0,0,0,1,0,1,9,7,2,53,28,25
BANDERA COUNTY,019,31 Years,220,101,119,167,74,93,0,0,0,0,0,0,6,2,4,47,25,22
BANDERA COUNTY,019,32 Years,223,111,112,160,87,73,0,0,0,0,0,0,4,2,2,59,22,37
BANDERA COUNTY,019,33 Years,203,102,101,146,78,68,1,1,0,0,0,0,3,2,1,53,21,32
BANDERA COUNTY,019,34 Years,214,102,112,153,77,76,0,0,0,0,0,0,4,3,1,57,22,35
BANDERA COUNTY,019,35 Years,184,97,87,144,77,67,0,0,0,0,0,0,5,3,2,35,17,18
BANDERA COUNTY,019,36 Years,196,111,85,147,83,64,0,0,0,0,0,0,3,3,0,46,25,21
BANDERA COUNTY,019,37 Years,172,97,75,137,79,58,0,0,0,1,1,0,5,3,2,29,14,15
BANDERA COUNTY,019,38 Years,209,105,104,161,81,80,0,0,0,2,0,2,4,2,2,42,22,20
BANDERA COUNTY,019,39 Years,209,95,114,153,69,84,0,0,0,2,1,1,2,0,2,52,25,27
BANDERA COUNTY,019,40 Years,197,103,94,154,76,78,1,1,0,0,0,0,1,0,1,41,26,15
BANDERA COUNTY,019,41 Years,211,116,95,158,87,71,0,0,0,0,0,0,4,2,2,49,27,22
BANDERA COUNTY,019,42 Years,193,113,80,146,86,60,2,2,0,0,0,0,1,0,1,44,25,19
BANDERA COUNTY,019,43 Years,214,113,101,154,83,71,3,3,0,0,0,0,1,0,1,56,27,29
BANDERA COUNTY,019,44 Years,231,100,131,162,75,87,1,1,0,0,0,0,3,2,1,65,22,43
BANDERA COUNTY,019,45 Years,209,98,111,147,68,79,2,0,2,1,1,0,3,2,1,56,27,29
BANDERA COUNTY,019,46 Years,230,107,123,165,73,92,1,0,1,1,0,1,9,4,5,54,30,24
BANDERA COUNTY,019,47 Years,221,119,102,155,78,77,3,3,0,0,0,0,6,4,2,57,34,23
BANDERA COUNTY,019,48 Years,254,129,125,179,92,87,2,1,1,0,0,0,8,5,3,65,31,34
BANDERA COUNTY,019,49 Years,269,123,146,206,93,113,1,0,1,2,0,2,4,2,2,56,28,28
BANDERA COUNTY,019,50 Years,269,121,148,209,94,115,1,0,1,1,0,1,2,2,0,56,25,31
BANDERA COUNTY,019,51 Years,289,132,157,223,103,120,0,0,0,1,0,1,5,2,3,60,27,33
BANDERA COUNTY,019,52 Years,294,134,160,237,108,129,0,0,0,0,0,0,6,2,4,51,24,27
BANDERA COUNTY,019,53 Years,297,138,159,241,114,127,1,0,1,0,0,0,10,5,5,45,19,26
BANDERA COUNTY,019,54 Years,342,159,183,274,125,149,2,2,0,0,0,0,8,2,6,58,30,28
BANDERA COUNTY,019,55 Years,401,195,206,329,160,169,1,1,0,1,0,1,4,2,2,66,32,34
BANDERA COUNTY,019,56 Years,413,193,220,331,158,173,0,0,0,1,0,1,5,3,2,76,32,44
BANDERA COUNTY,019,57 Years,399,186,213,323,148,175,2,1,1,0,0,0,8,6,2,66,31,35
BANDERA COUNTY,019,58 Years,438,190,248,355,160,195,0,0,0,2,0,2,7,3,4,74,27,47
BANDERA COUNTY,019,59 Years,471,201,270,379,165,214,1,1,0,3,0,3,10,3,7,78,32,46
BANDERA COUNTY,019,60 Years,454,205,249,390,172,218,2,1,1,1,1,0,3,2,1,58,29,29
BANDERA COUNTY,019,61 Years,439,227,212,368,196,172,2,1,1,1,0,1,6,2,4,62,28,34
BANDERA COUNTY,019,62 Years,435,209,226,368,177,191,4,3,1,1,0,1,8,6,2,54,23,31
BANDERA COUNTY,019,63 Years,490,230,260,417,198,219,3,1,2,0,0,0,6,3,3,64,28,36
BANDERA COUNTY,019,64 Years,463,232,231,393,206,187,0,0,0,0,0,0,5,1,4,65,25,40
BANDERA COUNTY,019,65 Years,448,214,234,388,190,198,0,0,0,3,1,2,6,1,5,51,22,29
BANDERA COUNTY,019,66 Years,453,226,227,397,197,200,1,0,1,1,0,1,4,1,3,50,28,22
BANDERA COUNTY,019,67 Years,444,236,208,385,208,177,2,1,1,2,0,2,8,3,5,47,24,23
BANDERA COUNTY,019,68 Years,405,212,193,358,190,168,1,0,1,1,0,1,9,5,4,36,17,19
BANDERA COUNTY,019,69 Years,382,184,198,338,162,176,1,0,1,1,0,1,3,2,1,39,20,19
BANDERA COUNTY,019,70 Years,388,201,187,341,174,167,2,2,0,0,0,0,10,5,5,35,20,15
BANDERA COUNTY,019,71 Years,405,213,192,347,182,165,0,0,0,2,1,1,5,4,1,51,26,25
BANDERA COUNTY,019,72 Years,414,209,205,349,173,176,0,0,0,3,0,3,5,4,1,57,32,25
BANDERA COUNTY,019,73 Years,310,155,155,256,119,137,1,1,0,3,2,1,9,6,3,41,27,14
BANDERA COUNTY,019,74 Years,282,149,133,246,127,119,2,2,0,1,1,0,8,2,6,25,17,8
BANDERA COUNTY,019,75 Years,282,137,145,245,123,122,2,1,1,1,0,1,3,0,3,31,13,18
BANDERA COUNTY,019,76 Years,292,144,148,251,126,125,1,1,0,2,0,2,6,4,2,32,13,19
BANDERA COUNTY,019,77 Years,259,127,132,228,116,112,0,0,0,1,0,1,4,2,2,26,9,17
BANDERA COUNTY,019,78 Years,228,119,109,203,106,97,0,0,0,1,1,0,4,2,2,20,10,10
BANDERA COUNTY,019,79 Years,205,110,95,172,95,77,1,0,1,0,0,0,3,0,3,29,15,14
BANDERA COUNTY,019,80 Years,177,94,83,149,82,67,1,0,1,0,0,0,3,1,2,24,11,13
BANDERA COUNTY,019,81 Years,159,80,79,134,67,67,1,1,0,2,1,1,3,2,1,19,9,10
BANDERA COUNTY,019,82 Years,129,60,69,109,51,58,1,1,0,0,0,0,3,1,2,16,7,9
BANDERA COUNTY,019,83 Years,124,58,66,100,47,53,0,0,0,0,0,0,3,2,1,21,9,12
BANDERA COUNTY,019,84 Years,116,61,55,96,52,44,0,0,0,0,0,0,1,0,1,19,9,10
BANDERA COUNTY,019,85 Years,99,48,51,81,39,42,0,0,0,0,0,0,1,0,1,17,9,8
BANDERA COUNTY,019,86 Years,87,44,43,70,35,35,0,0,0,0,0,0,2,1,1,15,8,7
BANDERA COUNTY,019,87 Years,78,36,42,64,28,36,0,0,0,1,1,0,1,0,1,12,7,5
BANDERA COUNTY,019,88 Years,73,34,39,60,27,33,0,0,0,0,0,0,2,1,1,11,6,5
BANDERA COUNTY,019,89 Years,60,27,33,49,22,27,0,0,0,0,0,0,1,0,1,10,5,5
BANDERA COUNTY,019,90 Years,56,28,28,45,23,22,1,0,1,1,0,1,2,1,1,7,4,3
BANDERA COUNTY,019,91 Years,42,16,26,36,14,22,0,0,0,1,0,1,0,0,0,5,2,3
BANDERA COUNTY,019,92 Years,38,15,23,32,12,20,0,0,0,0,0,0,0,0,0,6,3,3
BANDERA COUNTY,019,93 Years,29,13,16,24,10,14,0,0,0,0,0,0,0,0,0,5,3,2
BANDERA COUNTY,019,94 Years,21,9,12,16,6,10,0,0,0,0,0,0,0,0,0,5,3,2
BANDERA COUNTY,019,95 Years +,45,18,27,35,11,24,0,0,0,1,1,0,1,0,1,8,6,2
BASTROP COUNTY,021,All Ages,89564,45451,44113,46301,22857,23444,6233,3345,2888,535,246,289,2001,1024,977,34494,17979,16515
BASTROP COUNTY,021,< 1 Year,1064,535,529,318,157,161,57,30,27,4,2,2,60,31,29,625,315,310
BASTROP COUNTY,021,1 Years,1099,553,546,329,167,162,65,35,30,4,2,2,50,24,26,651,325,326
BASTROP COUNTY,021,2 Years,1136,561,575,342,173,169,73,39,34,6,3,3,51,25,26,664,321,343
BASTROP COUNTY,021,3 Years,1169,575,594,356,180,176,77,40,37,6,3,3,47,24,23,683,328,355
BASTROP COUNTY,021,4 Years,1190,585,605,360,178,182,80,42,38,7,3,4,48,25,23,695,337,358
BASTROP COUNTY,021,5 Years,1168,581,587,361,185,176,74,39,35,8,5,3,40,21,19,685,331,354
BASTROP COUNTY,021,6 Years,1110,555,555,348,180,168,74,39,35,7,4,3,33,19,14,648,313,335
BASTROP COUNTY,021,7 Years,1048,528,520,334,172,162,71,37,34,6,4,2,30,18,12,607,297,310
BASTROP COUNTY,021,8 Years,1014,509,505,320,165,155,68,33,35,6,4,2,27,16,11,593,291,302
BASTROP COUNTY,021,9 Years,1129,585,544,341,180,161,87,55,32,5,1,4,30,14,16,666,335,331
BASTROP COUNTY,021,10 Years,1289,618,671,423,200,223,99,52,47,2,1,1,39,17,22,726,348,378
BASTROP COUNTY,021,11 Years,1315,679,636,446,222,224,101,51,50,3,2,1,44,22,22,721,382,339
BASTROP COUNTY,021,12 Years,1361,723,638,434,247,187,94,45,49,7,3,4,43,27,16,783,401,382
BASTROP COUNTY,021,13 Years,1315,687,628,453,244,209,80,38,42,4,2,2,51,26,25,727,377,350
BASTROP COUNTY,021,14 Years,1335,723,612,507,273,234,71,38,33,5,2,3,36,17,19,716,393,323
BASTROP COUNTY,021,15 Years,1323,668,655,497,260,237,79,32,47,5,2,3,40,21,19,702,353,349
BASTROP COUNTY,021,16 Years,1332,675,657,524,272,252,79,31,48,7,2,5,46,23,23,676,347,329
BASTROP COUNTY,021,17 Years,1333,698,635,561,299,262,68,30,38,10,2,8,40,23,17,654,344,310
BASTROP COUNTY,021,18 Years,1268,662,606,537,285,252,64,32,32,9,3,6,35,15,20,623,327,296
BASTROP COUNTY,021,19 Years,1204,659,545,509,274,235,66,32,34,11,7,4,33,17,16,585,329,256
BASTROP COUNTY,021,20 Years,1211,667,544,528,283,245,69,36,33,6,4,2,34,16,18,574,328,246
BASTROP COUNTY,021,21 Years,1172,616,556,518,262,256,78,38,40,8,3,5,36,16,20,532,297,235
BASTROP COUNTY,021,22 Years,1146,598,548,521,270,251,95,45,50,6,1,5,36,19,17,488,263,225
BASTROP COUNTY,021,23 Years,1162,616,546,547,276,271,82,41,41,2,1,1,30,19,11,501,279,222
BASTROP COUNTY,021,24 Years,1169,606,563,563,292,271,89,47,42,6,3,3,33,20,13,478,244,234
BASTROP COUNTY,021,25 Years,1149,595,554,531,273,258,103,49,54,9,5,4,29,19,10,477,249,228
BASTROP COUNTY,021,26 Years,1202,616,586,567,299,268,92,51,41,5,4,1,27,15,12,511,247,264
BASTROP COUNTY,021,27 Years,1253,652,601,555,292,263,118,70,48,4,3,1,33,15,18,543,272,271
BASTROP COUNTY,021,28 Years,1146,615,531,471,261,210,123,65,58,4,3,1,23,13,10,525,273,252
BASTROP COUNTY,021,29 Years,1086,579,507,441,227,214,119,74,45,6,2,4,27,13,14,493,263,230
BASTROP COUNTY,021,30 Years,1009,568,441,445,232,213,99,61,38,2,1,1,21,13,8,442,261,181
BASTROP COUNTY,021,31 Years,1047,575,472,449,224,225,112,60,52,3,3,0,18,13,5,465,275,190
BASTROP COUNTY,021,32 Years,1022,577,445,431,234,197,103,53,50,5,5,0,27,14,13,456,271,185
BASTROP COUNTY,021,33 Years,1057,592,465,461,254,207,92,58,34,5,3,2,14,7,7,485,270,215
BASTROP COUNTY,021,34 Years,968,528,440,416,205,211,87,59,28,6,4,2,19,14,5,440,246,194
BASTROP COUNTY,021,35 Years,967,513,454,405,206,199,84,51,33,5,3,2,14,9,5,459,244,215
BASTROP COUNTY,021,36 Years,977,520,457,429,228,201,66,40,26,6,3,3,16,11,5,460,238,222
BASTROP COUNTY,021,37 Years,1046,540,506,480,237,243,67,42,25,8,4,4,15,10,5,476,247,229
BASTROP COUNTY,021,38 Years,1068,564,504,483,242,241,86,54,32,4,0,4,19,12,7,476,256,220
BASTROP COUNTY,021,39 Years,1047,557,490,487,255,232,78,56,22,3,1,2,17,9,8,462,236,226
BASTROP COUNTY,021,40 Years,1064,540,524,511,233,278,68,45,23,5,1,4,21,12,9,459,249,210
BASTROP COUNTY,021,41 Years,993,528,465,479,234,245,65,41,24,6,1,5,14,7,7,429,245,184
BASTROP COUNTY,021,42 Years,1021,519,502,489,239,250,58,37,21,14,5,9,11,6,5,449,232,217
BASTROP COUNTY,021,43 Years,1022,520,502,495,234,261,70,42,28,7,3,4,24,13,11,426,228,198
BASTROP COUNTY,021,44 Years,1052,542,510,499,249,250,69,46,23,9,6,3,17,9,8,458,232,226
BASTROP COUNTY,021,45 Years,1058,522,536,535,261,274,69,40,29,7,3,4,18,6,12,429,212,217
BASTROP COUNTY,021,46 Years,1052,556,496,548,293,255,72,41,31,12,6,6,11,7,4,409,209,200
BASTROP COUNTY,021,47 Years,1132,595,537,578,290,288,76,47,29,11,5,6,13,9,4,454,244,210
BASTROP COUNTY,021,48 Years,1157,586,571,620,291,329,95,51,44,7,5,2,13,6,7,422,233,189
BASTROP COUNTY,021,49 Years,1194,605,589,635,299,336,91,51,40,9,5,4,20,9,11,439,241,198
BASTROP COUNTY,021,50 Years,1152,571,581,653,312,341,69,34,35,10,4,6,17,5,12,403,216,187
BASTROP COUNTY,021,51 Years,1071,532,539,599,300,299,76,37,39,9,5,4,15,6,9,372,184,188
BASTROP COUNTY,021,52 Years,1068,523,545,608,296,312,84,41,43,7,2,5,18,9,9,351,175,176
BASTROP COUNTY,021,53 Years,1128,570,558,645,312,333,88,44,44,9,3,6,16,7,9,370,204,166
BASTROP COUNTY,021,54 Years,1275,643,632,763,373,390,107,58,49,10,6,4,18,9,9,377,197,180
BASTROP COUNTY,021,55 Years,1254,625,629,779,393,386,104,45,59,12,7,5,17,8,9,342,172,170
BASTROP COUNTY,021,56 Years,1266,653,613,802,395,407,91,51,40,9,6,3,19,11,8,345,190,155
BASTROP COUNTY,021,57 Years,1243,640,603,784,385,399,83,47,36,10,4,6,22,10,12,344,194,150
BASTROP COUNTY,021,58 Years,1252,646,606,813,410,403,92,47,45,17,7,10,20,9,11,310,173,137
BASTROP COUNTY,021,59 Years,1249,629,620,822,394,428,85,44,41,11,5,6,16,7,9,315,179,136
BASTROP COUNTY,021,60 Years,1250,616,634,852,408,444,87,46,41,9,3,6,22,9,13,280,150,130
BASTROP COUNTY,021,61 Years,1230,573,657,859,383,476,80,39,41,7,4,3,17,8,9,267,139,128
BASTROP COUNTY,021,62 Years,1214,606,608,863,420,443,76,39,37,9,4,5,18,7,11,248,136,112
BASTROP COUNTY,021,63 Years,1186,572,614,845,390,455,78,36,42,6,2,4,18,6,12,239,138,101
BASTROP COUNTY,021,64 Years,1129,552,577,829,385,444,67,36,31,7,3,4,17,8,9,209,120,89
BASTROP COUNTY,021,65 Years,1083,529,554,798,375,423,66,34,32,8,3,5,16,5,11,195,112,83
BASTROP COUNTY,021,66 Years,1055,507,548,799,365,434,69,41,28,5,2,3,20,9,11,162,90,72
BASTROP COUNTY,021,67 Years,1044,520,524,799,399,400,59,30,29,10,5,5,20,10,10,156,76,80
BASTROP COUNTY,021,68 Years,991,488,503,759,371,388,62,30,32,5,3,2,19,10,9,146,74,72
BASTROP COUNTY,021,69 Years,940,486,454,718,360,358,66,42,24,4,2,2,22,13,9,130,69,61
BASTROP COUNTY,021,70 Years,897,431,466,697,324,373,52,31,21,4,1,3,18,9,9,126,66,60
BASTROP COUNTY,021,71 Years,943,439,504,739,345,394,59,28,31,5,1,4,14,7,7,126,58,68
BASTROP COUNTY,021,72 Years,917,442,475,718,353,365,51,25,26,5,1,4,17,8,9,126,55,71
BASTROP COUNTY,021,73 Years,726,362,364,556,279,277,38,19,19,4,1,3,11,5,6,117,58,59
BASTROP COUNTY,021,74 Years,638,313,325,483,235,248,37,22,15,2,0,2,12,5,7,104,51,53
BASTROP COUNTY,021,75 Years,594,284,310,475,221,254,28,15,13,2,0,2,12,6,6,77,42,35
BASTROP COUNTY,021,76 Years,572,259,313,474,219,255,19,8,11,3,0,3,10,4,6,66,28,38
BASTROP COUNTY,021,77 Years,509,237,272,400,187,213,29,11,18,2,0,2,6,1,5,72,38,34
BASTROP COUNTY,021,78 Years,441,205,236,348,162,186,23,12,11,0,0,0,8,3,5,62,28,34
BASTROP COUNTY,021,79 Years,423,192,231,331,152,179,24,14,10,1,1,0,8,4,4,59,21,38
BASTROP COUNTY,021,80 Years,385,177,208,294,134,160,23,15,8,1,0,1,6,3,3,61,25,36
BASTROP COUNTY,021,81 Years,366,168,198,289,134,155,15,9,6,3,0,3,6,3,3,53,22,31
BASTROP COUNTY,021,82 Years,307,143,164,249,117,132,15,5,10,3,1,2,3,2,1,37,18,19
BASTROP COUNTY,021,83 Years,274,116,158,220,95,125,13,4,9,4,2,2,6,3,3,31,12,19
BASTROP COUNTY,021,84 Years,271,111,160,212,88,124,17,6,11,2,1,1,3,2,1,37,14,23
BASTROP COUNTY,021,85 Years,212,89,123,160,69,91,12,6,6,2,1,1,2,1,1,36,12,24
BASTROP COUNTY,021,86 Years,188,80,108,149,67,82,12,4,8,1,1,0,2,0,2,24,8,16
BASTROP COUNTY,021,87 Years,164,67,97,126,54,72,11,4,7,2,0,2,2,1,1,23,8,15
BASTROP COUNTY,021,88 Years,154,63,91,108,48,60,10,4,6,0,0,0,4,2,2,32,9,23
BASTROP COUNTY,021,89 Years,133,55,78,99,40,59,8,4,4,0,0,0,2,1,1,24,10,14
BASTROP COUNTY,021,90 Years,116,46,70,82,34,48,9,4,5,1,1,0,2,1,1,22,6,16
BASTROP COUNTY,021,91 Years,96,34,62,71,26,45,8,3,5,1,1,0,2,1,1,14,3,11
BASTROP COUNTY,021,92 Years,72,20,52,55,15,40,5,2,3,0,0,0,2,0,2,10,3,7
BASTROP COUNTY,021,93 Years,59,17,42,43,12,31,5,2,3,0,0,0,2,0,2,9,3,6
BASTROP COUNTY,021,94 Years,57,17,40,40,12,28,6,2,4,0,0,0,1,0,1,10,3,7
BASTROP COUNTY,021,95 Years +,119,37,82,77,21,56,13,4,9,1,0,1,0,0,0,28,12,16
BAYLOR COUNTY,023,All Ages,3751,1869,1882,3081,1539,1542,69,38,31,4,0,4,101,48,53,496,244,252
BAYLOR COUNTY,023,< 1 Year,50,26,24,36,17,19,0,0,0,0,0,0,9,8,1,5,1,4
BAYLOR COUNTY,023,1 Years,46,24,22,34,17,17,0,0,0,0,0,0,8,5,3,4,2,2
BAYLOR COUNTY,023,2 Years,46,21,25,39,18,21,0,0,0,0,0,0,0,0,0,7,3,4
BAYLOR COUNTY,023,3 Years,46,22,24,34,16,18,0,0,0,1,0,1,8,4,4,3,2,1
BAYLOR COUNTY,023,4 Years,52,27,25,40,21,19,0,0,0,0,0,0,7,3,4,5,3,2
BAYLOR COUNTY,023,5 Years,43,22,21,33,18,15,0,0,0,0,0,0,7,2,5,3,2,1
BAYLOR COUNTY,023,6 Years,50,27,23,39,22,17,1,0,1,0,0,0,5,3,2,5,2,3
BAYLOR COUNTY,023,7 Years,42,24,18,34,19,15,1,1,0,0,0,0,5,3,2,2,1,1
BAYLOR COUNTY,023,8 Years,48,23,25,40,19,21,2,1,1,0,0,0,0,0,0,6,3,3
BAYLOR COUNTY,023,9 Years,51,29,22,42,24,18,0,0,0,0,0,0,2,1,1,7,4,3
BAYLOR COUNTY,023,10 Years,42,21,21,30,16,14,2,0,2,0,0,0,2,2,0,8,3,5
BAYLOR COUNTY,023,11 Years,34,22,12,23,14,9,1,1,0,0,0,0,1,1,0,9,6,3
BAYLOR COUNTY,023,12 Years,51,31,20,36,20,16,0,0,0,0,0,0,2,2,0,13,9,4
BAYLOR COUNTY,023,13 Years,57,38,19,42,31,11,1,1,0,0,0,0,2,0,2,12,6,6
BAYLOR COUNTY,023,14 Years,49,25,24,38,20,18,1,1,0,0,0,0,1,0,1,9,4,5
BAYLOR COUNTY,023,15 Years,42,17,25,35,15,20,0,0,0,0,0,0,1,0,1,6,2,4
BAYLOR COUNTY,023,16 Years,41,19,22,31,14,17,1,1,0,0,0,0,1,0,1,8,4,4
BAYLOR COUNTY,023,17 Years,44,23,21,34,17,17,0,0,0,0,0,0,1,1,0,9,5,4
BAYLOR COUNTY,023,18 Years,47,25,22,35,20,15,3,1,2,0,0,0,0,0,0,9,4,5
BAYLOR COUNTY,023,19 Years,43,22,21,32,18,14,2,0,2,0,0,0,1,1,0,8,3,5
BAYLOR COUNTY,023,20 Years,41,20,21,30,15,15,1,0,1,0,0,0,0,0,0,10,5,5
BAYLOR COUNTY,023,21 Years,39,20,19,28,15,13,0,0,0,0,0,0,1,0,1,10,5,5
BAYLOR COUNTY,023,22 Years,37,18,19,21,9,12,2,1,1,0,0,0,1,1,0,13,7,6
BAYLOR COUNTY,023,23 Years,32,17,15,25,13,12,0,0,0,0,0,0,0,0,0,7,4,3
BAYLOR COUNTY,023,24 Years,35,19,16,27,15,12,0,0,0,0,0,0,0,0,0,8,4,4
BAYLOR COUNTY,023,25 Years,33,18,15,28,16,12,0,0,0,0,0,0,0,0,0,5,2,3
BAYLOR COUNTY,023,26 Years,41,23,18,32,18,14,0,0,0,0,0,0,0,0,0,9,5,4
BAYLOR COUNTY,023,27 Years,43,16,27,32,13,19,1,0,1,0,0,0,0,0,0,10,3,7
BAYLOR COUNTY,023,28 Years,45,19,26,34,13,21,1,1,0,0,0,0,0,0,0,10,5,5
BAYLOR COUNTY,023,29 Years,42,19,23,33,14,19,1,0,1,0,0,0,0,0,0,8,5,3
BAYLOR COUNTY,023,30 Years,45,23,22,39,19,20,0,0,0,0,0,0,0,0,0,6,4,2
BAYLOR COUNTY,023,31 Years,37,13,24,32,12,20,0,0,0,0,0,0,0,0,0,5,1,4
BAYLOR COUNTY,023,32 Years,30,11,19,24,10,14,0,0,0,0,0,0,0,0,0,6,1,5
BAYLOR COUNTY,023,33 Years,34,17,17,29,15,14,1,1,0,0,0,0,0,0,0,4,1,3
BAYLOR COUNTY,023,34 Years,49,24,25,43,22,21,0,0,0,0,0,0,0,0,0,6,2,4
BAYLOR COUNTY,023,35 Years,44,22,22,36,18,18,0,0,0,0,0,0,0,0,0,8,4,4
BAYLOR COUNTY,023,36 Years,31,16,15,26,13,13,0,0,0,0,0,0,0,0,0,5,3,2
BAYLOR COUNTY,023,37 Years,35,14,21,32,12,20,0,0,0,0,0,0,0,0,0,3,2,1
BAYLOR COUNTY,023,38 Years,40,20,20,34,19,15,0,0,0,0,0,0,1,0,1,5,1,4
BAYLOR COUNTY,023,39 Years,45,26,19,29,17,12,0,0,0,0,0,0,2,1,1,14,8,6
BAYLOR COUNTY,023,40 Years,39,23,16,27,17,10,0,0,0,1,0,1,0,0,0,11,6,5
BAYLOR COUNTY,023,41 Years,37,20,17,33,19,14,0,0,0,1,0,1,0,0,0,3,1,2
BAYLOR COUNTY,023,42 Years,38,17,21,34,14,20,0,0,0,0,0,0,0,0,0,4,3,1
BAYLOR COUNTY,023,43 Years,35,19,16,29,15,14,0,0,0,0,0,0,0,0,0,6,4,2
BAYLOR COUNTY,023,44 Years,32,16,16,28,14,14,0,0,0,0,0,0,0,0,0,4,2,2
BAYLOR COUNTY,023,45 Years,24,11,13,22,10,12,0,0,0,0,0,0,0,0,0,2,1,1
BAYLOR COUNTY,023,46 Years,35,18,17,29,15,14,1,1,0,0,0,0,0,0,0,5,2,3
BAYLOR COUNTY,023,47 Years,32,16,16,28,14,14,1,1,0,0,0,0,0,0,0,3,1,2
BAYLOR COUNTY,023,48 Years,44,18,26,39,17,22,0,0,0,0,0,0,1,0,1,4,1,3
BAYLOR COUNTY,023,49 Years,39,19,20,34,17,17,0,0,0,0,0,0,0,0,0,5,2,3
BAYLOR COUNTY,023,50 Years,54,30,24,48,26,22,0,0,0,0,0,0,0,0,0,6,4,2
BAYLOR COUNTY,023,51 Years,43,22,21,38,20,18,1,0,1,0,0,0,0,0,0,4,2,2
BAYLOR COUNTY,023,52 Years,38,14,24,32,11,21,1,0,1,0,0,0,0,0,0,5,3,2
BAYLOR COUNTY,023,53 Years,43,18,25,36,14,22,1,0,1,0,0,0,0,0,0,6,4,2
BAYLOR COUNTY,023,54 Years,51,25,26,43,21,22,3,2,1,0,0,0,0,0,0,5,2,3
BAYLOR COUNTY,023,55 Years,55,29,26,47,26,21,2,1,1,0,0,0,0,0,0,6,2,4
BAYLOR COUNTY,023,56 Years,49,27,22,41,21,20,2,2,0,0,0,0,0,0,0,6,4,2
BAYLOR COUNTY,023,57 Years,48,28,20,43,25,18,2,2,0,0,0,0,0,0,0,3,1,2
BAYLOR COUNTY,023,58 Years,49,26,23,42,22,20,1,1,0,0,0,0,0,0,0,6,3,3
BAYLOR COUNTY,023,59 Years,55,32,23,49,29,20,1,1,0,0,0,0,1,1,0,4,1,3
BAYLOR COUNTY,023,60 Years,52,27,25,43,24,19,2,0,2,0,0,0,1,1,0,6,2,4
BAYLOR COUNTY,023,61 Years,64,31,33,54,27,27,2,0,2,0,0,0,2,0,2,6,4,2
BAYLOR COUNTY,023,62 Years,58,27,31,49,23,26,1,1,0,0,0,0,1,0,1,7,3,4
BAYLOR COUNTY,023,63 Years,64,32,32,54,28,26,1,1,0,0,0,0,0,0,0,9,3,6
BAYLOR COUNTY,023,64 Years,55,34,21,44,27,17,1,1,0,0,0,0,1,1,0,9,5,4
BAYLOR COUNTY,023,65 Years,57,30,27,49,27,22,1,1,0,0,0,0,2,0,2,5,2,3
BAYLOR COUNTY,023,66 Years,48,27,21,43,24,19,0,0,0,0,0,0,3,2,1,2,1,1
BAYLOR COUNTY,023,67 Years,51,27,24,44,22,22,0,0,0,0,0,0,3,3,0,4,2,2
BAYLOR COUNTY,023,68 Years,48,23,25,41,19,22,1,1,0,0,0,0,2,0,2,4,3,1
BAYLOR COUNTY,023,69 Years,45,22,23,39,19,20,0,0,0,0,0,0,2,0,2,4,3,1
BAYLOR COUNTY,023,70 Years,42,18,24,35,16,19,0,0,0,0,0,0,3,0,3,4,2,2
BAYLOR COUNTY,023,71 Years,37,16,21,33,14,19,1,1,0,0,0,0,2,0,2,1,1,0
BAYLOR COUNTY,023,72 Years,35,17,18,31,13,18,1,1,0,0,0,0,0,0,0,3,3,0
BAYLOR COUNTY,023,73 Years,36,18,18,32,15,17,0,0,0,0,0,0,1,1,0,3,2,1
BAYLOR COUNTY,023,74 Years,42,19,23,34,14,20,3,1,2,0,0,0,1,1,0,4,3,1
BAYLOR COUNTY,023,75 Years,31,11,20,25,10,15,3,0,3,0,0,0,1,0,1,2,1,1
BAYLOR COUNTY,023,76 Years,47,21,26,43,19,24,1,0,1,0,0,0,0,0,0,3,2,1
BAYLOR COUNTY,023,77 Years,45,23,22,40,21,19,1,1,0,0,0,0,1,0,1,3,1,2
BAYLOR COUNTY,023,78 Years,33,17,16,31,16,15,1,1,0,0,0,0,0,0,0,1,0,1
BAYLOR COUNTY,023,79 Years,32,12,20,30,11,19,2,1,1,0,0,0,0,0,0,0,0,0
BAYLOR COUNTY,023,80 Years,29,13,16,25,11,14,0,0,0,0,0,0,0,0,0,4,2,2
BAYLOR COUNTY,023,81 Years,28,17,11,24,14,10,1,1,0,0,0,0,0,0,0,3,2,1
BAYLOR COUNTY,023,82 Years,31,19,12,27,18,9,1,0,1,1,0,1,0,0,0,2,1,1
BAYLOR COUNTY,023,83 Years,22,12,10,21,11,10,0,0,0,0,0,0,0,0,0,1,1,0
BAYLOR COUNTY,023,84 Years,27,9,18,25,8,17,2,1,1,0,0,0,0,0,0,0,0,0
BAYLOR COUNTY,023,85 Years,30,13,17,26,11,15,1,1,0,0,0,0,0,0,0,3,1,2
BAYLOR COUNTY,023,86 Years,19,8,11,15,7,8,0,0,0,0,0,0,1,0,1,3,1,2
BAYLOR COUNTY,023,87 Years,23,6,17,18,4,14,1,1,0,0,0,0,1,0,1,3,1,2
BAYLOR COUNTY,023,88 Years,13,3,10,11,3,8,1,0,1,0,0,0,0,0,0,1,0,1
BAYLOR COUNTY,023,89 Years,9,5,4,7,4,3,1,1,0,0,0,0,1,0,1,0,0,0
BAYLOR COUNTY,023,90 Years,8,3,5,7,3,4,0,0,0,0,0,0,1,0,1,0,0,0
BAYLOR COUNTY,023,91 Years,6,2,4,5,2,3,0,0,0,0,0,0,0,0,0,1,0,1
BAYLOR COUNTY,023,92 Years,9,2,7,8,2,6,0,0,0,0,0,0,0,0,0,1,0,1
BAYLOR COUNTY,023,93 Years,9,5,4,7,4,3,0,0,0,0,0,0,0,0,0,2,1,1
BAYLOR COUNTY,023,94 Years,6,3,3,5,3,2,0,0,0,0,0,0,0,0,0,1,0,1
BAYLOR COUNTY,023,95 Years +,18,6,12,13,4,9,1,1,0,0,0,0,1,0,1,3,1,2
BEE COUNTY,025,All Ages,33471,20292,13179,10200,6366,3834,2682,2448,234,165,85,80,362,179,183,20062,11214,8848
BEE COUNTY,025,< 1 Year,365,186,179,69,37,32,12,10,2,2,2,0,11,6,5,271,131,140
BEE COUNTY,025,1 Years,374,182,192,70,34,36,16,12,4,1,1,0,10,4,6,277,131,146
BEE COUNTY,025,2 Years,393,195,198,79,38,41,15,9,6,2,2,0,6,2,4,291,144,147
BEE COUNTY,025,3 Years,437,218,219,87,43,44,14,8,6,1,1,0,7,3,4,328,163,165
BEE COUNTY,025,4 Years,468,239,229,87,47,40,14,8,6,1,1,0,6,3,3,360,180,180
BEE COUNTY,025,5 Years,485,255,230,88,50,38,12,8,4,1,1,0,7,3,4,377,193,184
BEE COUNTY,025,6 Years,460,243,217,87,44,43,12,8,4,1,0,1,6,2,4,354,189,165
BEE COUNTY,025,7 Years,446,234,212,89,45,44,9,5,4,1,0,1,6,2,4,341,182,159
BEE COUNTY,025,8 Years,428,217,211,82,38,44,12,5,7,1,1,0,9,5,4,324,168,156
BEE COUNTY,025,9 Years,431,202,229,86,32,54,22,18,4,1,1,0,9,2,7,313,149,164
BEE COUNTY,025,10 Years,369,184,185,74,35,39,20,17,3,1,1,0,8,4,4,266,127,139
BEE COUNTY,025,11 Years,373,193,180,73,39,34,21,18,3,2,2,0,9,4,5,268,130,138
BEE COUNTY,025,12 Years,402,200,202,89,47,42,7,5,2,1,0,1,6,3,3,299,145,154
BEE COUNTY,025,13 Years,394,213,181,84,46,38,4,2,2,2,1,1,8,4,4,296,160,136
BEE COUNTY,025,14 Years,373,190,183,83,49,34,5,3,2,2,1,1,6,4,2,277,133,144
BEE COUNTY,025,15 Years,369,189,180,75,40,35,5,2,3,1,1,0,6,4,2,282,142,140
BEE COUNTY,025,16 Years,375,183,192,73,37,36,8,5,3,1,1,0,9,5,4,284,135,149
BEE COUNTY,025,17 Years,349,187,162,61,31,30,5,3,2,2,0,2,4,2,2,277,151,126
BEE COUNTY,025,18 Years,449,268,181,92,63,29,25,23,2,1,0,1,5,5,0,326,177,149
BEE COUNTY,025,19 Years,488,314,174,97,65,32,48,46,2,4,3,1,7,4,3,332,196,136
BEE COUNTY,025,20 Years,526,367,159,115,82,33,58,56,2,2,2,0,7,5,2,344,222,122
BEE COUNTY,025,21 Years,536,376,160,109,80,29,62,60,2,1,1,0,5,3,2,359,232,127
BEE COUNTY,025,22 Years,506,349,157,100,70,30,64,61,3,2,2,0,8,6,2,332,210,122
BEE COUNTY,025,23 Years,563,399,164,133,93,40,64,63,1,1,1,0,7,6,1,358,236,122
BEE COUNTY,025,24 Years,567,386,181,162,117,45,54,51,3,1,0,1,2,1,1,348,217,131
BEE COUNTY,025,25 Years,570,399,171,148,110,38,59,56,3,1,0,1,4,1,3,358,232,126
BEE COUNTY,025,26 Years,622,427,195,177,126,51,65,61,4,2,1,1,9,4,5,369,235,134
BEE COUNTY,025,27 Years,625,407,218,174,111,63,74,69,5,3,2,1,7,2,5,367,223,144
BEE COUNTY,025,28 Years,719,504,215,234,157,77,100,94,6,7,6,1,2,1,1,376,246,130
BEE COUNTY,025,29 Years,690,481,209,225,162,63,86,79,7,4,3,1,4,4,0,371,233,138
BEE COUNTY,025,30 Years,617,431,186,188,132,56,67,61,6,2,1,1,3,1,2,357,236,121
BEE COUNTY,025,31 Years,602,445,157,175,135,40,80,78,2,0,0,0,4,2,2,343,230,113
BEE COUNTY,025,32 Years,574,411,163,164,124,40,71,70,1,1,1,0,6,2,4,332,214,118
BEE COUNTY,025,33 Years,552,388,164,163,116,47,80,78,2,1,0,1,3,1,2,305,193,112
BEE COUNTY,025,34 Years,561,391,170,163,118,45,76,73,3,0,0,0,6,3,3,316,197,119
BEE COUNTY,025,35 Years,558,385,173,162,124,38,59,58,1,2,0,2,4,2,2,331,201,130
BEE COUNTY,025,36 Years,556,389,167,159,121,38,60,57,3,2,1,1,2,1,1,333,209,124
BEE COUNTY,025,37 Years,514,361,153,152,114,38,59,53,6,2,2,0,4,2,2,297,190,107
BEE COUNTY,025,38 Years,535,382,153,170,132,38,58,56,2,1,1,0,7,5,2,299,188,111
BEE COUNTY,025,39 Years,544,394,150,190,147,43,69,66,3,1,1,0,3,1,2,281,179,102
BEE COUNTY,025,40 Years,464,343,121,155,127,28,52,50,2,1,0,1,4,3,1,252,163,89
BEE COUNTY,025,41 Years,446,320,126,150,118,32,54,52,2,3,1,2,5,2,3,234,147,87
BEE COUNTY,025,42 Years,426,286,140,142,108,34,55,54,1,2,0,2,5,2,3,222,122,100
BEE COUNTY,025,43 Years,421,289,132,143,109,34,52,51,1,1,1,0,4,3,1,221,125,96
BEE COUNTY,025,44 Years,413,283,130,148,110,38,46,46,0,3,1,2,1,1,0,215,125,90
BEE COUNTY,025,45 Years,406,272,134,133,94,39,54,53,1,4,2,2,2,2,0,213,121,92
BEE COUNTY,025,46 Years,420,288,132,139,100,39,51,50,1,4,2,2,3,2,1,223,134,89
BEE COUNTY,025,47 Years,420,283,137,155,113,42,44,43,1,3,2,1,3,2,1,215,123,92
BEE COUNTY,025,48 Years,417,278,139,148,101,47,36,34,2,3,3,0,7,5,2,223,135,88
BEE COUNTY,025,49 Years,449,307,142,156,118,38,43,41,2,4,1,3,3,1,2,243,146,97
BEE COUNTY,025,50 Years,377,252,125,130,87,43,46,44,2,2,0,2,2,1,1,197,120,77
BEE COUNTY,025,51 Years,353,225,128,123,80,43,34,32,2,2,1,1,4,3,1,190,109,81
BEE COUNTY,025,52 Years,392,240,152,139,90,49,46,45,1,5,3,2,2,1,1,200,101,99
BEE COUNTY,025,53 Years,376,242,134,134,85,49,34,32,2,3,2,1,4,3,1,201,120,81
BEE COUNTY,025,54 Years,377,237,140,110,76,34,41,37,4,5,2,3,3,0,3,218,122,96
BEE COUNTY,025,55 Years,371,224,147,115,69,46,39,38,1,3,2,1,4,2,2,210,113,97
BEE COUNTY,025,56 Years,355,206,149,128,77,51,35,31,4,1,1,0,1,0,1,190,97,93
BEE COUNTY,025,57 Years,344,194,150,119,70,49,32,28,4,2,1,1,3,1,2,188,94,94
BEE COUNTY,025,58 Years,338,191,147,125,67,58,24,21,3,7,3,4,2,0,2,180,100,80
BEE COUNTY,025,59 Years,327,182,145,134,77,57,21,17,4,2,0,2,2,0,2,168,88,80
BEE COUNTY,025,60 Years,319,172,147,122,69,53,22,18,4,2,0,2,1,0,1,172,85,87
BEE COUNTY,025,61 Years,333,177,156,141,80,61,17,15,2,2,0,2,2,0,2,171,82,89
BEE COUNTY,025,62 Years,321,184,137,145,81,64,15,12,3,2,0,2,4,1,3,155,90,65
BEE COUNTY,025,63 Years,318,163,155,138,66,72,10,8,2,2,0,2,3,1,2,165,88,77
BEE COUNTY,025,64 Years,321,169,152,134,69,65,14,10,4,1,0,1,3,2,1,169,88,81
BEE COUNTY,025,65 Years,276,142,134,119,60,59,11,9,2,0,0,0,3,2,1,143,71,72
BEE COUNTY,025,66 Years,291,156,135,124,64,60,14,11,3,1,0,1,4,1,3,148,80,68
BEE COUNTY,025,67 Years,271,130,141,108,48,60,11,8,3,2,0,2,2,0,2,148,74,74
BEE COUNTY,025,68 Years,258,117,141,108,49,59,7,7,0,2,1,1,1,1,0,140,59,81
BEE COUNTY,025,69 Years,237,109,128,109,49,60,3,3,0,2,0,2,1,1,0,122,56,66
BEE COUNTY,025,70 Years,230,101,129,96,46,50,3,1,2,2,0,2,1,0,1,128,54,74
BEE COUNTY,025,71 Years,259,124,135,117,62,55,6,1,5,0,0,0,3,1,2,133,60,73
BEE COUNTY,025,72 Years,229,103,126,105,48,57,4,1,3,2,2,0,4,1,3,114,51,63
BEE COUNTY,025,73 Years,187,92,95,81,42,39,3,0,3,3,2,1,1,1,0,99,47,52
BEE COUNTY,025,74 Years,186,87,99,87,39,48,5,2,3,0,0,0,3,1,2,91,45,46
BEE COUNTY,025,75 Years,178,79,99,84,40,44,5,3,2,1,0,1,4,1,3,84,35,49
BEE COUNTY,025,76 Years,178,74,104,91,40,51,4,2,2,1,1,0,1,1,0,81,30,51
BEE COUNTY,025,77 Years,141,60,81,73,34,39,5,2,3,1,1,0,1,0,1,61,23,38
BEE COUNTY,025,78 Years,136,63,73,65,33,32,6,1,5,2,1,1,2,2,0,61,26,35
BEE COUNTY,025,79 Years,139,59,80,66,29,37,5,4,1,0,0,0,1,1,0,67,25,42
BEE COUNTY,025,80 Years,116,55,61,62,31,31,3,3,0,1,0,1,0,0,0,50,21,29
BEE COUNTY,025,81 Years,108,50,58,49,24,25,2,2,0,1,0,1,3,1,2,53,23,30
BEE COUNTY,025,82 Years,91,42,49,44,22,22,5,2,3,1,1,0,1,1,0,40,16,24
BEE COUNTY,025,83 Years,94,37,57,40,18,22,2,1,1,1,0,1,1,1,0,50,17,33
BEE COUNTY,025,84 Years,88,37,51,41,18,23,3,3,0,0,0,0,1,0,1,43,16,27
BEE COUNTY,025,85 Years,77,36,41,34,14,20,2,2,0,0,0,0,1,0,1,40,20,20
BEE COUNTY,025,86 Years,71,28,43,30,12,18,1,1,0,2,1,1,0,0,0,38,14,24
BEE COUNTY,025,87 Years,63,25,38,29,11,18,1,1,0,1,1,0,0,0,0,32,12,20
BEE COUNTY,025,88 Years,53,19,34,27,11,16,0,0,0,1,1,0,0,0,0,25,7,18
BEE COUNTY,025,89 Years,50,20,30,28,12,16,0,0,0,0,0,0,1,0,1,21,8,13
BEE COUNTY,025,90 Years,44,18,26,22,9,13,0,0,0,1,0,1,0,0,0,21,9,12
BEE COUNTY,025,91 Years,31,11,20,14,6,8,0,0,0,1,0,1,1,0,1,15,5,10
BEE COUNTY,025,92 Years,32,10,22,15,6,9,0,0,0,0,0,0,1,0,1,16,4,12
BEE COUNTY,025,93 Years,21,10,11,11,5,6,0,0,0,0,0,0,0,0,0,10,5,5
BEE COUNTY,025,94 Years,19,10,9,9,4,5,0,0,0,0,0,0,0,0,0,10,6,4
BEE COUNTY,025,95 Years +,48,17,31,18,8,10,3,1,2,2,0,2,1,0,1,24,8,16
BELL COUNTY,027,All Ages,359255,181022,178233,159647,80639,79008,76491,38961,37530,10914,4556,6358,18005,8860,9145,94198,48006,46192
BELL COUNTY,027,< 1 Year,6037,3105,2932,1989,1017,972,1297,648,649,83,43,40,484,248,236,2184,1149,1035
BELL COUNTY,027,1 Years,5999,3069,2930,1985,1015,970,1271,643,628,90,48,42,478,252,226,2175,1111,1064
BELL COUNTY,027,2 Years,5953,3031,2922,1985,1017,968,1222,609,613,93,50,43,466,243,223,2187,1112,1075
BELL COUNTY,027,3 Years,6146,3128,3018,2164,1114,1050,1236,614,622,111,60,51,517,275,242,2118,1065,1053
BELL COUNTY,027,4 Years,6207,3165,3042,2290,1173,1117,1235,608,627,121,65,56,540,287,253,2021,1032,989
BELL COUNTY,027,5 Years,6270,3223,3047,2424,1244,1180,1220,610,610,135,70,65,577,299,278,1914,1000,914
BELL COUNTY,027,6 Years,6166,3151,3015,2413,1222,1191,1188,598,590,133,68,65,549,275,274,1883,988,895
BELL COUNTY,027,7 Years,6149,3164,2985,2421,1223,1198,1175,603,572,133,67,66,545,274,271,1875,997,878
BELL COUNTY,027,8 Years,6195,3184,3011,2452,1246,1206,1190,599,591,132,67,65,538,272,266,1883,1000,883
BELL COUNTY,027,9 Years,5419,2859,2560,2104,1151,953,1059,553,506,109,52,57,468,245,223,1679,858,821
BELL COUNTY,027,10 Years,5759,2983,2776,2176,1156,1020,1153,585,568,105,54,51,545,268,277,1780,920,860
BELL COUNTY,027,11 Years,5828,3007,2821,2255,1159,1096,1194,613,581,100,51,49,515,262,253,1764,922,842
BELL COUNTY,027,12 Years,5740,2955,2785,2115,1113,1002,1230,636,594,99,42,57,469,241,228,1827,923,904
BELL COUNTY,027,13 Years,5576,2878,2698,2044,1044,1000,1249,645,604,94,49,45,422,215,207,1767,925,842
BELL COUNTY,027,14 Years,5385,2761,2624,1990,1037,953,1204,599,605,100,63,37,430,218,212,1661,844,817
BELL COUNTY,027,15 Years,5235,2719,2516,1979,1041,938,1100,551,549,94,47,47,395,204,191,1667,876,791
BELL COUNTY,027,16 Years,5135,2658,2477,1901,970,931,1152,592,560,112,58,54,337,182,155,1633,856,777
BELL COUNTY,027,17 Years,5432,2878,2554,2006,1054,952,1244,655,589,119,69,50,326,172,154,1737,928,809
BELL COUNTY,027,18 Years,5357,2808,2549,1971,1035,936,1210,647,563,134,80,54,304,157,147,1738,889,849
BELL COUNTY,027,19 Years,5335,2878,2457,1976,1102,874,1170,636,534,118,74,44,306,166,140,1765,900,865
BELL COUNTY,027,20 Years,5618,3067,2551,2175,1172,1003,1207,680,527,160,86,74,287,143,144,1789,986,803
BELL COUNTY,027,21 Years,5970,3345,2625,2505,1444,1061,1275,762,513,140,80,60,272,128,144,1778,931,847
BELL COUNTY,027,22 Years,6075,3348,2727,2653,1498,1155,1322,760,562,150,90,60,280,145,135,1670,855,815
BELL COUNTY,027,23 Years,6509,3650,2859,2801,1605,1196,1441,794,647,221,116,105,277,144,133,1769,991,778
BELL COUNTY,027,24 Years,6846,3694,3152,2924,1604,1320,1575,822,753,241,131,110,282,141,141,1824,996,828
BELL COUNTY,027,25 Years,6837,3720,3117,2877,1607,1270,1735,946,789,248,105,143,291,156,135,1686,906,780
BELL COUNTY,027,26 Years,6227,3341,2886,2514,1374,1140,1618,876,742,246,115,131,274,143,131,1575,833,742
BELL COUNTY,027,27 Years,6094,3181,2913,2559,1343,1216,1545,837,708,251,107,144,270,133,137,1469,761,708
BELL COUNTY,027,28 Years,6288,3154,3134,2824,1393,1431,1478,735,743,207,125,82,274,130,144,1505,771,734
BELL COUNTY,027,29 Years,6149,3168,2981,2762,1407,1355,1387,705,682,216,125,91,279,129,150,1505,802,703
BELL COUNTY,027,30 Years,6030,3118,2912,2702,1418,1284,1358,702,656,200,97,103,268,111,157,1502,790,712
BELL COUNTY,027,31 Years,5702,2883,2819,2406,1226,1180,1293,656,637,219,95,124,265,113,152,1519,793,726
BELL COUNTY,027,32 Years,5401,2769,2632,2208,1168,1040,1232,639,593,208,92,116,250,102,148,1503,768,735
BELL COUNTY,027,33 Years,5179,2636,2543,1992,1052,940,1248,635,613,181,67,114,270,126,144,1488,756,732
BELL COUNTY,027,34 Years,5143,2615,2528,1926,996,930,1195,614,581,161,80,81,269,130,139,1592,795,797
BELL COUNTY,027,35 Years,4955,2502,2453,1878,955,923,1176,609,567,132,85,47,253,125,128,1516,728,788
BELL COUNTY,027,36 Years,5020,2508,2512,1927,962,965,1176,607,569,140,75,65,256,122,134,1521,742,779
BELL COUNTY,027,37 Years,4994,2498,2496,1883,963,920,1199,621,578,170,73,97,252,115,137,1490,726,764
BELL COUNTY,027,38 Years,4947,2470,2477,1910,970,940,1184,606,578,169,68,101,241,115,126,1443,711,732
BELL COUNTY,027,39 Years,4957,2511,2446,1917,958,959,1230,656,574,166,67,99,221,93,128,1423,737,686
BELL COUNTY,027,40 Years,4608,2317,2291,1901,955,946,1120,586,534,125,51,74,198,87,111,1264,638,626
BELL COUNTY,027,41 Years,4414,2168,2246,1862,926,936,1024,519,505,131,49,82,213,103,110,1184,571,613
BELL COUNTY,027,42 Years,4244,2123,2121,1848,930,918,952,485,467,135,47,88,178,85,93,1131,576,555
BELL COUNTY,027,43 Years,4048,2016,2032,1801,910,891,879,433,446,144,58,86,156,80,76,1068,535,533
BELL COUNTY,027,44 Years,4066,1994,2072,1808,896,912,899,445,454,135,49,86,160,71,89,1064,533,531
BELL COUNTY,027,45 Years,3825,1881,1944,1760,883,877,852,431,421,125,46,79,149,67,82,939,454,485
BELL COUNTY,027,46 Years,3862,1878,1984,1809,881,928,852,436,416,146,50,96,147,62,85,908,449,459
BELL COUNTY,027,47 Years,3943,1972,1971,1905,969,936,872,450,422,119,43,76,132,56,76,915,454,461
BELL COUNTY,027,48 Years,3897,1883,2014,1911,958,953,878,422,456,120,46,74,115,45,70,873,412,461
BELL COUNTY,027,49 Years,3808,1815,1993,1883,906,977,858,422,436,122,43,79,114,51,63,831,393,438
BELL COUNTY,027,50 Years,3553,1700,1853,1734,821,913,813,400,413,123,49,74,95,44,51,788,386,402
BELL COUNTY,027,51 Years,3475,1660,1815,1656,804,852,774,376,398,121,42,79,100,40,60,824,398,426
BELL COUNTY,027,52 Years,3382,1676,1706,1683,854,829,762,369,393,108,37,71,90,37,53,739,379,360
BELL COUNTY,027,53 Years,3429,1696,1733,1714,858,856,785,394,391,126,46,80,81,40,41,723,358,365
BELL COUNTY,027,54 Years,3655,1791,1864,1835,929,906,824,393,431,152,58,94,86,39,47,758,372,386
BELL COUNTY,027,55 Years,3673,1733,1940,1896,930,966,799,371,428,146,48,98,92,33,59,740,351,389
BELL COUNTY,027,56 Years,3589,1705,1884,1870,894,976,795,381,414,125,46,79,75,32,43,724,352,372
BELL COUNTY,027,57 Years,3506,1653,1853,1810,866,944,822,372,450,143,54,89,81,34,47,650,327,323
BELL COUNTY,027,58 Years,3395,1552,1843,1787,823,964,796,355,441,120,47,73,79,34,45,613,293,320
BELL COUNTY,027,59 Years,3539,1709,1830,1891,932,959,777,372,405,148,52,96,72,36,36,651,317,334
BELL COUNTY,027,60 Years,3241,1541,1700,1732,829,903,712,348,364,130,44,86,57,29,28,610,291,319
BELL COUNTY,027,61 Years,3229,1554,1675,1760,866,894,647,330,317,137,32,105,76,33,43,609,293,316
BELL COUNTY,027,62 Years,3226,1539,1687,1770,843,927,658,342,316,153,34,119,68,35,33,577,285,292
BELL COUNTY,027,63 Years,3042,1398,1644,1701,791,910,619,293,326,131,27,104,55,28,27,536,259,277
BELL COUNTY,027,64 Years,2971,1407,1564,1687,807,880,544,267,277,145,32,113,66,34,32,529,267,262
BELL COUNTY,027,65 Years,2780,1306,1474,1636,742,894,498,267,231,134,37,97,55,28,27,457,232,225
BELL COUNTY,027,66 Years,2587,1240,1347,1541,746,795,460,235,225,136,34,102,52,19,33,398,206,192
BELL COUNTY,027,67 Years,2403,1118,1285,1441,707,734,415,185,230,113,26,87,47,18,29,387,182,205
BELL COUNTY,027,68 Years,2377,1114,1263,1429,698,731,399,186,213,117,24,93,42,19,23,390,187,203
BELL COUNTY,027,69 Years,2375,1098,1277,1479,712,767,385,172,213,116,22,94,55,19,36,340,173,167
BELL COUNTY,027,70 Years,2305,1093,1212,1471,718,753,347,164,183,100,22,78,59,24,35,328,165,163
BELL COUNTY,027,71 Years,2242,1042,1200,1470,684,786,319,164,155,96,20,76,55,29,26,302,145,157
BELL COUNTY,027,72 Years,2209,1046,1163,1508,727,781,280,144,136,85,17,68,42,21,21,294,137,157
BELL COUNTY,027,73 Years,1758,821,937,1145,552,593,245,111,134,78,19,59,34,17,17,256,122,134
BELL COUNTY,027,74 Years,1602,742,860,1045,493,552,212,101,111,64,18,46,37,16,21,244,114,130
BELL COUNTY,027,75 Years,1508,697,811,1010,475,535,197,96,101,57,12,45,29,17,12,215,97,118
BELL COUNTY,027,76 Years,1418,651,767,968,462,506,200,91,109,53,15,38,30,13,17,167,70,97
BELL COUNTY,027,77 Years,1345,608,737,912,420,492,177,88,89,50,13,37,25,13,12,181,74,107
BELL COUNTY,027,78 Years,1250,561,689,859,389,470,168,75,93,46,13,33,24,13,11,153,71,82
BELL COUNTY,027,79 Years,1123,492,631,777,350,427,142,59,83,40,11,29,22,12,10,142,60,82
BELL COUNTY,027,80 Years,976,442,534,693,315,378,115,55,60,36,9,27,11,5,6,121,58,63
BELL COUNTY,027,81 Years,927,395,532,683,305,378,96,38,58,32,7,25,9,4,5,107,41,66
BELL COUNTY,027,82 Years,857,357,500,629,274,355,87,31,56,26,6,20,15,7,8,100,39,61
BELL COUNTY,027,83 Years,766,319,447,554,240,314,78,32,46,23,5,18,12,6,6,99,36,63
BELL COUNTY,027,84 Years,688,285,403,496,212,284,76,32,44,20,4,16,14,5,9,82,32,50
BELL COUNTY,027,85 Years,622,262,360,456,197,259,68,26,42,18,4,14,10,4,6,70,31,39
BELL COUNTY,027,86 Years,572,229,343,414,175,239,71,24,47,21,4,17,9,3,6,57,23,34
BELL COUNTY,027,87 Years,489,194,295,360,150,210,57,19,38,18,3,15,9,3,6,45,19,26
BELL COUNTY,027,88 Years,412,167,245,311,130,181,49,17,32,14,4,10,6,2,4,32,14,18
BELL COUNTY,027,89 Years,381,142,239,285,109,176,38,14,24,20,4,16,5,2,3,33,13,20
BELL COUNTY,027,90 Years,326,117,209,248,88,160,30,11,19,12,3,9,6,3,3,30,12,18
BELL COUNTY,027,91 Years,248,90,158,195,69,126,19,7,12,8,4,4,3,1,2,23,9,14
BELL COUNTY,027,92 Years,205,70,135,157,54,103,19,5,14,8,3,5,3,1,2,18,7,11
BELL COUNTY,027,93 Years,169,53,116,128,42,86,18,4,14,6,2,4,2,0,2,15,5,10
BELL COUNTY,027,94 Years,133,41,92,105,30,75,10,2,8,5,2,3,2,1,1,11,6,5
BELL COUNTY,027,95 Years +,318,87,231,245,65,180,30,8,22,11,3,8,4,1,3,28,10,18
BEXAR COUNTY,029,All Ages,1997417,987818,1009599,539391,271228,268163,146619,73599,73020,57628,26767,30861,45438,22725,22713,1208341,593499,614842
BEXAR COUNTY,029,< 1 Year,27391,13982,13409,4768,2439,2329,1761,903,858,375,206,169,1296,670,626,19191,9764,9427
BEXAR COUNTY,029,1 Years,27727,14151,13576,5025,2580,2445,1794,912,882,415,222,193,1176,610,566,19317,9827,9490
BEXAR COUNTY,029,2 Years,28638,14652,13986,5249,2701,2548,1845,955,890,433,230,203,1232,641,591,19879,10125,9754
BEXAR COUNTY,029,3 Years,29658,15128,14530,5792,2980,2812,1905,974,931,543,271,272,1113,573,540,20305,10330,9975
BEXAR COUNTY,029,4 Years,30377,15495,14882,6086,3120,2966,1935,989,946,643,321,322,1138,588,550,20575,10477,10098
BEXAR COUNTY,029,5 Years,30468,15511,14957,6164,3174,2990,1944,986,958,748,366,382,1151,585,566,20461,10400,10061
BEXAR COUNTY,029,6 Years,30049,15330,14719,6084,3157,2927,1898,958,940,738,373,365,1097,562,535,20232,10280,9952
BEXAR COUNTY,029,7 Years,29561,15011,14550,6000,3113,2887,1873,941,932,706,349,357,1009,510,499,19973,10098,9875
BEXAR COUNTY,029,8 Years,29534,15015,14519,6020,3120,2900,1846,927,919,689,342,347,946,485,461,20033,10141,9892
BEXAR COUNTY,029,9 Years,28279,14381,13898,5637,2872,2765,1781,869,912,626,314,312,845,453,392,19390,9873,9517
BEXAR COUNTY,029,10 Years,27312,13975,13337,5298,2723,2575,1798,893,905,620,305,315,817,435,382,18779,9619,9160
BEXAR COUNTY,029,11 Years,27829,14176,13653,5303,2731,2572,1889,942,947,643,298,345,775,399,376,19219,9806,9413
BEXAR COUNTY,029,12 Years,27729,14075,13654,5227,2643,2584,1886,932,954,658,287,371,775,427,348,19183,9786,9397
BEXAR COUNTY,029,13 Years,27333,13809,13524,5153,2579,2574,1875,922,953,636,294,342,794,421,373,18875,9593,9282
BEXAR COUNTY,029,14 Years,26885,13502,13383,5002,2537,2465,1824,888,936,575,264,311,805,421,384,18679,9392,9287
BEXAR COUNTY,029,15 Years,26844,13404,13440,4978,2479,2499,1873,927,946,578,265,313,762,399,363,18653,9334,9319
BEXAR COUNTY,029,16 Years,26828,13414,13414,4976,2562,2414,1902,942,960,615,297,318,721,382,339,18614,9231,9383
BEXAR COUNTY,029,17 Years,27784,14430,13354,5686,3187,2499,2231,1170,1061,625,310,315,753,398,355,18489,9365,9124
BEXAR COUNTY,029,18 Years,29227,15140,14087,6081,3438,2643,2473,1293,1180,819,436,383,769,386,383,19085,9587,9498
BEXAR COUNTY,029,19 Years,32331,17176,15155,7527,4432,3095,2890,1497,1393,957,575,382,816,419,397,20141,10253,9888
BEXAR COUNTY,029,20 Years,29785,15592,14193,6418,3642,2776,2634,1307,1327,907,486,421,834,438,396,18992,9719,9273
BEXAR COUNTY,029,21 Years,29788,15395,14393,6573,3665,2908,2537,1238,1299,919,484,435,835,440,395,18924,9568,9356
BEXAR COUNTY,029,22 Years,30745,15942,14803,7102,3894,3208,2571,1328,1243,1009,564,445,799,392,407,19264,9764,9500
BEXAR COUNTY,029,23 Years,30681,15851,14830,7317,3947,3370,2385,1291,1094,1057,577,480,796,375,421,19126,9661,9465
BEXAR COUNTY,029,24 Years,31794,16646,15148,7891,4268,3623,2340,1287,1053,1215,673,542,771,380,391,19577,10038,9539
BEXAR COUNTY,029,25 Years,33007,17511,15496,8487,4745,3742,2482,1336,1146,1327,773,554,776,398,378,19935,10259,9676
BEXAR COUNTY,029,26 Years,31868,16492,15376,7645,4022,3623,2372,1247,1125,1246,672,574,748,361,387,19857,10190,9667
BEXAR COUNTY,029,27 Years,32917,17103,15814,8435,4388,4047,2361,1261,1100,1268,686,582,747,373,374,20106,10395,9711
BEXAR COUNTY,029,28 Years,31368,16097,15271,8030,4165,3865,2198,1204,994,942,334,608,805,383,422,19393,10011,9382
BEXAR COUNTY,029,29 Years,31768,16429,15339,8723,4645,4078,2000,1148,852,1045,442,603,700,356,344,19300,9838,9462
BEXAR COUNTY,029,30 Years,31046,16124,14922,8737,4729,4008,1991,1110,881,1156,556,600,596,308,288,18566,9421,9145
BEXAR COUNTY,029,31 Years,30033,15640,14393,8376,4447,3929,1908,1068,840,1005,428,577,593,314,279,18151,9383,8768
BEXAR COUNTY,029,32 Years,29776,15276,14500,7963,4174,3789,1941,1030,911,1043,481,562,594,323,271,18235,9268,8967
BEXAR COUNTY,029,33 Years,29636,14983,14653,7751,3990,3761,2015,1031,984,1079,455,624,599,315,284,18192,9192,9000
BEXAR COUNTY,029,34 Years,29374,14670,14704,7519,3791,3728,2062,1058,1004,985,391,594,623,328,295,18185,9102,9083
BEXAR COUNTY,029,35 Years,28578,14202,14376,7109,3500,3609,1994,1009,985,1005,446,559,613,322,291,17857,8925,8932
BEXAR COUNTY,029,36 Years,28212,14048,14164,7088,3510,3578,1980,998,982,933,410,523,644,315,329,17567,8815,8752
BEXAR COUNTY,029,37 Years,28460,14158,14302,7519,3771,3748,2031,1010,1021,969,465,504,606,291,315,17335,8621,8714
BEXAR COUNTY,029,38 Years,28282,14035,14247,7364,3747,3617,2053,1040,1013,998,495,503,593,272,321,17274,8481,8793
BEXAR COUNTY,029,39 Years,27977,13953,14024,7174,3656,3518,2074,1074,1000,943,462,481,545,263,282,17241,8498,8743
BEXAR COUNTY,029,40 Years,26324,13218,13106,6800,3571,3229,2014,1028,986,904,429,475,544,275,269,16062,7915,8147
BEXAR COUNTY,029,41 Years,25431,12746,12685,6567,3432,3135,1918,990,928,888,422,466,545,256,289,15513,7646,7867
BEXAR COUNTY,029,42 Years,24601,12094,12507,6238,3144,3094,1801,916,885,851,401,450,498,231,267,15213,7402,7811
BEXAR COUNTY,029,43 Years,24415,12024,12391,6164,3108,3056,1770,921,849,843,406,437,481,235,246,15157,7354,7803
BEXAR COUNTY,029,44 Years,24043,11814,12229,6140,3130,3010,1737,859,878,838,407,431,509,256,253,14819,7162,7657
BEXAR COUNTY,029,45 Years,23604,11508,12096,5975,3047,2928,1743,881,862,853,389,464,490,244,246,14543,6947,7596
BEXAR COUNTY,029,46 Years,24053,11752,12301,6303,3246,3057,1729,866,863,824,366,458,466,222,244,14731,7052,7679
BEXAR COUNTY,029,47 Years,24555,11922,12633,6576,3385,3191,1845,918,927,819,365,454,442,207,235,14873,7047,7826
BEXAR COUNTY,029,48 Years,25037,12184,12853,7082,3588,3494,1966,1003,963,808,384,424,467,227,240,14714,6982,7732
BEXAR COUNTY,029,49 Years,24386,11950,12436,7021,3591,3430,1949,1001,948,775,356,419,422,202,220,14219,6800,7419
BEXAR COUNTY,029,50 Years,23035,11231,11804,6620,3407,3213,1813,927,886,743,328,415,388,192,196,13471,6377,7094
BEXAR COUNTY,029,51 Years,21974,10663,11311,6323,3256,3067,1848,943,905,684,301,383,358,160,198,12761,6003,6758
BEXAR COUNTY,029,52 Years,21555,10561,10994,6358,3243,3115,1872,969,903,640,286,354,348,174,174,12337,5889,6448
BEXAR COUNTY,029,53 Years,21871,10733,11138,6522,3307,3215,1951,1007,944,652,295,357,371,180,191,12375,5944,6431
BEXAR COUNTY,029,54 Years,22962,11147,11815,6947,3455,3492,2113,1072,1041,664,285,379,379,194,185,12859,6141,6718
BEXAR COUNTY,029,55 Years,23165,11291,11874,7348,3662,3686,2063,1027,1036,667,308,359,387,194,193,12700,6100,6600
BEXAR COUNTY,029,56 Years,23240,11318,11922,7481,3749,3732,2058,1043,1015,693,325,368,413,202,211,12595,5999,6596
BEXAR COUNTY,029,57 Years,22653,10882,11771,7506,3754,3752,1994,978,1016,621,266,355,388,175,213,12144,5709,6435
BEXAR COUNTY,029,58 Years,22564,10808,11756,7525,3696,3829,2046,1002,1044,627,256,371,349,159,190,12017,5695,6322
BEXAR COUNTY,029,59 Years,22009,10585,11424,7332,3587,3745,2021,1023,998,582,245,337,349,176,173,11725,5554,6171
BEXAR COUNTY,029,60 Years,21156,10228,10928,7145,3545,3600,1929,970,959,607,233,374,343,168,175,11132,5312,5820
BEXAR COUNTY,029,61 Years,20798,9977,10821,7256,3555,3701,1831,891,940,573,240,333,363,176,187,10775,5115,5660
BEXAR COUNTY,029,62 Years,20181,9503,10678,7037,3334,3703,1787,873,914,577,236,341,306,127,179,10474,4933,5541
BEXAR COUNTY,029,63 Years,19654,9241,10413,6965,3290,3675,1695,824,871,546,225,321,292,136,156,10156,4766,5390
BEXAR COUNTY,029,64 Years,19011,8751,10260,6859,3188,3671,1637,749,888,508,199,309,292,135,157,9715,4480,5235
BEXAR COUNTY,029,65 Years,18084,8221,9863,6563,3018,3545,1526,713,813,487,166,321,276,114,162,9232,4210,5022
BEXAR COUNTY,029,66 Years,17676,8163,9513,6679,3169,3510,1456,699,757,468,171,297,257,119,138,8816,4005,4811
BEXAR COUNTY,029,67 Years,16623,7717,8906,6345,2995,3350,1311,645,666,438,151,287,223,107,116,8306,3819,4487
BEXAR COUNTY,029,68 Years,15855,7220,8635,6065,2808,3257,1179,542,637,454,164,290,207,100,107,7950,3606,4344
BEXAR COUNTY,029,69 Years,15555,7008,8547,6141,2863,3278,1059,485,574,436,169,267,180,87,93,7739,3404,4335
BEXAR COUNTY,029,70 Years,14966,6828,8138,6002,2826,3176,1006,482,524,419,170,249,187,81,106,7352,3269,4083
BEXAR COUNTY,029,71 Years,14526,6590,7936,6097,2858,3239,927,426,501,385,140,245,177,75,102,6940,3091,3849
BEXAR COUNTY,029,72 Years,14003,6282,7721,6136,2877,3259,819,359,460,319,111,208,164,70,94,6565,2865,3700
BEXAR COUNTY,029,73 Years,11447,5065,6382,4820,2260,2560,683,280,403,286,107,179,109,42,67,5549,2376,3173
BEXAR COUNTY,029,74 Years,10549,4675,5874,4486,2084,2402,620,264,356,274,100,174,101,42,59,5068,2185,2883
BEXAR COUNTY,029,75 Years,10095,4463,5632,4476,2050,2426,572,239,333,242,88,154,107,46,61,4698,2040,2658
BEXAR COUNTY,029,76 Years,9529,4192,5337,4191,1944,2247,559,230,329,221,82,139,76,37,39,4482,1899,2583
BEXAR COUNTY,029,77 Years,8482,3692,4790,3716,1703,2013,516,207,309,205,72,133,72,31,41,3973,1679,2294
BEXAR COUNTY,029,78 Years,7608,3255,4353,3382,1532,1850,460,179,281,185,75,110,69,24,45,3512,1445,2067
BEXAR COUNTY,029,79 Years,7053,2959,4094,3087,1358,1729,448,164,284,170,68,102,65,25,40,3283,1344,1939
BEXAR COUNTY,029,80 Years,6463,2677,3786,2909,1238,1671,368,146,222,150,58,92,57,16,41,2979,1219,1760
BEXAR COUNTY,029,81 Years,6030,2477,3553,2728,1171,1557,350,138,212,137,53,84,49,16,33,2766,1099,1667
BEXAR COUNTY,029,82 Years,5460,2214,3246,2410,1030,1380,328,123,205,113,48,65,37,11,26,2572,1002,1570
BEXAR COUNTY,029,83 Years,5113,2023,3090,2294,948,1346,279,107,172,116,42,74,39,13,26,2385,913,1472
BEXAR COUNTY,029,84 Years,4749,1873,2876,2157,881,1276,285,106,179,93,31,62,36,13,23,2178,842,1336
BEXAR COUNTY,029,85 Years,4189,1670,2519,1896,816,1080,264,99,165,96,23,73,26,7,19,1907,725,1182
BEXAR COUNTY,029,86 Years,3817,1486,2331,1784,743,1041,234,86,148,97,20,77,28,8,20,1674,629,1045
BEXAR COUNTY,029,87 Years,3515,1362,2153,1646,698,948,204,70,134,70,18,52,19,4,15,1576,572,1004
BEXAR COUNTY,029,88 Years,3142,1196,1946,1527,635,892,174,60,114,68,17,51,13,3,10,1360,481,879
BEXAR COUNTY,029,89 Years,2801,1033,1768,1285,527,758,151,40,111,53,15,38,17,4,13,1295,447,848
BEXAR COUNTY,029,90 Years,2328,830,1498,1076,410,666,112,33,79,40,13,27,11,4,7,1089,370,719
BEXAR COUNTY,029,91 Years,1938,647,1291,914,318,596,94,25,69,29,9,20,9,3,6,892,292,600
BEXAR COUNTY,029,92 Years,1604,500,1104,754,237,517,83,18,65,26,8,18,7,2,5,734,235,499
BEXAR COUNTY,029,93 Years,1336,395,941,657,190,467,68,16,52,19,4,15,7,2,5,585,183,402
BEXAR COUNTY,029,94 Years,1057,310,747,507,146,361,51,11,40,14,4,10,6,2,4,479,147,332
BEXAR COUNTY,029,95 Years +,2668,760,1908,1294,362,932,151,31,120,38,12,26,10,3,7,1175,352,823
BLANCO COUNTY,031,All Ages,12159,6072,6087,9464,4625,4839,69,44,25,50,16,34,197,109,88,2379,1278,1101
BLANCO COUNTY,031,< 1 Year,113,62,51,72,40,32,0,0,0,0,0,0,0,0,0,41,22,19
BLANCO COUNTY,031,1 Years,110,59,51,76,40,36,0,0,0,0,0,0,0,0,0,34,19,15
BLANCO COUNTY,031,2 Years,120,63,57,78,39,39,0,0,0,0,0,0,8,6,2,34,18,16
BLANCO COUNTY,031,3 Years,127,66,61,90,43,47,0,0,0,0,0,0,4,3,1,33,20,13
BLANCO COUNTY,031,4 Years,143,71,72,90,45,45,1,0,1,0,0,0,8,5,3,44,21,23
BLANCO COUNTY,031,5 Years,120,62,58,74,39,35,0,0,0,1,1,0,8,5,3,37,17,20
BLANCO COUNTY,031,6 Years,118,59,59,72,38,34,0,0,0,1,1,0,10,6,4,35,14,21
BLANCO COUNTY,031,7 Years,120,53,67,79,35,44,0,0,0,0,0,0,6,3,3,35,15,20
BLANCO COUNTY,031,8 Years,136,57,79,92,35,57,0,0,0,0,0,0,2,1,1,42,21,21
BLANCO COUNTY,031,9 Years,136,83,53,88,47,41,0,0,0,1,0,1,1,0,1,46,36,10
BLANCO COUNTY,031,10 Years,109,57,52,73,35,38,0,0,0,0,0,0,1,0,1,35,22,13
BLANCO COUNTY,031,11 Years,124,50,74,79,34,45,0,0,0,0,0,0,3,0,3,42,16,26
BLANCO COUNTY,031,12 Years,129,57,72,81,35,46,0,0,0,0,0,0,2,0,2,46,22,24
BLANCO COUNTY,031,13 Years,126,59,67,79,33,46,0,0,0,0,0,0,3,0,3,44,26,18
BLANCO COUNTY,031,14 Years,114,56,58,73,35,38,0,0,0,2,0,2,0,0,0,39,21,18
BLANCO COUNTY,031,15 Years,137,79,58,83,45,38,0,0,0,0,0,0,2,1,1,52,33,19
BLANCO COUNTY,031,16 Years,135,76,59,87,50,37,0,0,0,0,0,0,1,1,0,47,25,22
BLANCO COUNTY,031,17 Years,131,73,58,91,54,37,0,0,0,0,0,0,3,0,3,37,19,18
BLANCO COUNTY,031,18 Years,114,62,52,73,37,36,1,0,1,0,0,0,2,0,2,38,25,13
BLANCO COUNTY,031,19 Years,119,67,52,69,36,33,0,0,0,3,0,3,1,0,1,46,31,15
BLANCO COUNTY,031,20 Years,107,63,44,62,36,26,1,1,0,2,1,1,3,1,2,39,24,15
BLANCO COUNTY,031,21 Years,118,72,46,75,46,29,1,1,0,3,1,2,3,2,1,36,22,14
BLANCO COUNTY,031,22 Years,117,64,53,85,46,39,2,2,0,0,0,0,2,1,1,28,15,13
BLANCO COUNTY,031,23 Years,118,55,63,84,38,46,1,1,0,0,0,0,2,1,1,31,15,16
BLANCO COUNTY,031,24 Years,119,56,63,84,40,44,1,0,1,3,1,2,1,0,1,30,15,15
BLANCO COUNTY,031,25 Years,128,66,62,97,51,46,1,1,0,1,0,1,0,0,0,29,14,15
BLANCO COUNTY,031,26 Years,153,92,61,110,67,43,7,6,1,0,0,0,3,2,1,33,17,16
BLANCO COUNTY,031,27 Years,146,83,63,105,63,42,3,3,0,1,1,0,2,1,1,35,15,20
BLANCO COUNTY,031,28 Years,125,71,54,90,52,38,1,1,0,0,0,0,2,1,1,32,17,15
BLANCO COUNTY,031,29 Years,108,60,48,76,40,36,1,0,1,0,0,0,2,0,2,29,20,9
BLANCO COUNTY,031,30 Years,105,54,51,61,33,28,1,0,1,0,0,0,6,5,1,37,16,21
BLANCO COUNTY,031,31 Years,126,57,69,86,37,49,0,0,0,2,2,0,3,2,1,35,16,19
BLANCO COUNTY,031,32 Years,121,66,55,91,46,45,0,0,0,1,1,0,0,0,0,29,19,10
BLANCO COUNTY,031,33 Years,125,61,64,86,42,44,0,0,0,4,2,2,1,1,0,34,16,18
BLANCO COUNTY,031,34 Years,122,64,58,76,36,40,1,1,0,3,1,2,5,3,2,37,23,14
BLANCO COUNTY,031,35 Years,111,65,46,81,47,34,0,0,0,0,0,0,3,1,2,27,17,10
BLANCO COUNTY,031,36 Years,103,62,41,71,45,26,1,0,1,0,0,0,1,0,1,30,17,13
BLANCO COUNTY,031,37 Years,121,57,64,84,44,40,0,0,0,0,0,0,3,1,2,34,12,22
BLANCO COUNTY,031,38 Years,117,62,55,87,49,38,0,0,0,0,0,0,1,1,0,29,12,17
BLANCO COUNTY,031,39 Years,114,58,56,83,39,44,0,0,0,0,0,0,1,1,0,30,18,12
BLANCO COUNTY,031,40 Years,108,56,52,80,36,44,0,0,0,0,0,0,1,1,0,27,19,8
BLANCO COUNTY,031,41 Years,105,47,58,79,28,51,0,0,0,0,0,0,2,2,0,24,17,7
BLANCO COUNTY,031,42 Years,105,45,60,83,34,49,0,0,0,0,0,0,3,1,2,19,10,9
BLANCO COUNTY,031,43 Years,113,69,44,86,52,34,0,0,0,1,1,0,0,0,0,26,16,10
BLANCO COUNTY,031,44 Years,137,74,63,104,58,46,0,0,0,4,0,4,2,2,0,27,14,13
BLANCO COUNTY,031,45 Years,131,58,73,97,40,57,0,0,0,2,0,2,2,1,1,30,17,13
BLANCO COUNTY,031,46 Years,119,46,73,95,35,60,1,0,1,0,0,0,0,0,0,23,11,12
BLANCO COUNTY,031,47 Years,135,60,75,106,48,58,0,0,0,0,0,0,1,0,1,28,12,16
BLANCO COUNTY,031,48 Years,170,93,77,134,69,65,2,2,0,0,0,0,1,1,0,33,21,12
BLANCO COUNTY,031,49 Years,147,80,67,122,63,59,0,0,0,1,0,1,0,0,0,24,17,7
BLANCO COUNTY,031,50 Years,121,55,66,101,44,57,0,0,0,1,0,1,1,1,0,18,10,8
BLANCO COUNTY,031,51 Years,129,61,68,103,49,54,0,0,0,1,0,1,2,1,1,23,11,12
BLANCO COUNTY,031,52 Years,154,78,76,119,59,60,2,2,0,0,0,0,1,1,0,32,16,16
BLANCO COUNTY,031,53 Years,155,84,71,116,63,53,1,1,0,1,0,1,2,2,0,35,18,17
BLANCO COUNTY,031,54 Years,155,76,79,116,57,59,1,1,0,1,0,1,2,2,0,35,16,19
BLANCO COUNTY,031,55 Years,174,92,82,142,74,68,1,1,0,0,0,0,4,2,2,27,15,12
BLANCO COUNTY,031,56 Years,185,94,91,155,81,74,0,0,0,1,1,0,2,1,1,27,11,16
BLANCO COUNTY,031,57 Years,195,110,85,159,92,67,4,3,1,1,0,1,1,1,0,30,14,16
BLANCO COUNTY,031,58 Years,207,106,101,169,82,87,3,3,0,1,0,1,4,1,3,30,20,10
BLANCO COUNTY,031,59 Years,200,86,114,168,71,97,2,1,1,0,0,0,4,2,2,26,12,14
BLANCO COUNTY,031,60 Years,194,88,106,169,74,95,1,0,1,0,0,0,1,0,1,23,14,9
BLANCO COUNTY,031,61 Years,208,99,109,181,89,92,0,0,0,1,0,1,1,0,1,25,10,15
BLANCO COUNTY,031,62 Years,212,98,114,189,88,101,1,0,1,0,0,0,1,0,1,21,10,11
BLANCO COUNTY,031,63 Years,203,95,108,173,80,93,2,0,2,1,0,1,1,1,0,26,14,12
BLANCO COUNTY,031,64 Years,238,117,121,204,97,107,4,3,1,1,0,1,8,4,4,21,13,8
BLANCO COUNTY,031,65 Years,227,122,105,198,107,91,3,2,1,0,0,0,6,3,3,20,10,10
BLANCO COUNTY,031,66 Years,205,105,100,185,93,92,2,1,1,0,0,0,1,1,0,17,10,7
BLANCO COUNTY,031,67 Years,202,98,104,182,86,96,3,2,1,1,1,0,1,1,0,15,8,7
BLANCO COUNTY,031,68 Years,218,101,117,195,87,108,3,2,1,1,1,0,0,0,0,19,11,8
BLANCO COUNTY,031,69 Years,217,108,109,196,95,101,1,0,1,1,0,1,1,0,1,18,13,5
BLANCO COUNTY,031,70 Years,197,85,112,181,76,105,2,1,1,0,0,0,2,1,1,12,7,5
BLANCO COUNTY,031,71 Years,214,98,116,192,87,105,0,0,0,1,0,1,9,7,2,12,4,8
BLANCO COUNTY,031,72 Years,193,90,103,174,79,95,0,0,0,0,0,0,5,4,1,14,7,7
BLANCO COUNTY,031,73 Years,172,80,92,159,75,84,0,0,0,0,0,0,1,1,0,12,4,8
BLANCO COUNTY,031,74 Years,149,69,80,138,64,74,0,0,0,0,0,0,2,1,1,9,4,5
BLANCO COUNTY,031,75 Years,147,73,74,133,65,68,1,0,1,0,0,0,2,2,0,11,6,5
BLANCO COUNTY,031,76 Years,130,60,70,121,56,65,1,1,0,0,0,0,0,0,0,8,3,5
BLANCO COUNTY,031,77 Years,127,64,63,117,57,60,1,1,0,0,0,0,2,2,0,7,4,3
BLANCO COUNTY,031,78 Years,123,59,64,109,51,58,0,0,0,0,0,0,2,1,1,12,7,5
BLANCO COUNTY,031,79 Years,91,45,46,84,40,44,0,0,0,0,0,0,1,1,0,6,4,2
BLANCO COUNTY,031,80 Years,79,41,38,74,40,34,0,0,0,0,0,0,0,0,0,5,1,4
BLANCO COUNTY,031,81 Years,75,40,35,64,34,30,0,0,0,0,0,0,1,0,1,10,6,4
BLANCO COUNTY,031,82 Years,70,33,37,60,30,30,0,0,0,0,0,0,0,0,0,10,3,7
BLANCO COUNTY,031,83 Years,59,29,30,53,25,28,0,0,0,0,0,0,1,0,1,5,4,1
BLANCO COUNTY,031,84 Years,59,22,37,54,20,34,0,0,0,0,0,0,0,0,0,5,2,3
BLANCO COUNTY,031,85 Years,52,23,29,42,18,24,0,0,0,0,0,0,0,0,0,10,5,5
BLANCO COUNTY,031,86 Years,43,21,22,35,16,19,0,0,0,0,0,0,1,1,0,7,4,3
BLANCO COUNTY,031,87 Years,31,13,18,29,12,17,0,0,0,0,0,0,0,0,0,2,1,1
BLANCO COUNTY,031,88 Years,35,15,20,27,12,15,0,0,0,0,0,0,2,1,1,6,2,4
BLANCO COUNTY,031,89 Years,28,12,16,23,11,12,0,0,0,0,0,0,1,0,1,4,1,3
BLANCO COUNTY,031,90 Years,26,10,16,23,9,14,1,0,1,0,0,0,0,0,0,2,1,1
BLANCO COUNTY,031,91 Years,24,8,16,23,8,15,1,0,1,0,0,0,0,0,0,0,0,0
BLANCO COUNTY,031,92 Years,18,4,14,16,3,13,0,0,0,0,0,0,0,0,0,2,1,1
BLANCO COUNTY,031,93 Years,15,6,9,13,4,9,0,0,0,0,0,0,0,0,0,2,2,0
BLANCO COUNTY,031,94 Years,16,7,9,13,5,8,0,0,0,0,0,0,0,0,0,3,2,1
BLANCO COUNTY,031,95 Years +,32,5,27,28,5,23,1,0,1,0,0,0,0,0,0,3,0,3
BORDEN COUNTY,033,All Ages,680,357,323,569,300,269,0,0,0,0,0,0,8,2,6,103,55,48
BORDEN COUNTY,033,< 1 Year,6,3,3,6,3,3,0,0,0,0,0,0,0,0,0,0,0,0
BORDEN COUNTY,033,1 Years,5,2,3,5,2,3,0,0,0,0,0,0,0,0,0,0,0,0
BORDEN COUNTY,033,2 Years,5,1,4,5,1,4,0,0,0,0,0,0,0,0,0,0,0,0
BORDEN COUNTY,033,3 Years,7,4,3,4,2,2,0,0,0,0,0,0,0,0,0,3,2,1
BORDEN COUNTY,033,4 Years,7,3,4,5,2,3,0,0,0,0,0,0,0,0,0,2,1,1
BORDEN COUNTY,033,5 Years,8,4,4,5,3,2,0,0,0,0,0,0,0,0,0,3,1,2
BORDEN COUNTY,033,6 Years,6,4,2,6,4,2,0,0,0,0,0,0,0,0,0,0,0,0
BORDEN COUNTY,033,7 Years,7,4,3,7,4,3,0,0,0,0,0,0,0,0,0,0,0,0
BORDEN COUNTY,033,8 Years,5,3,2,5,3,2,0,0,0,0,0,0,0,0,0,0,0,0
BORDEN COUNTY,033,9 Years,6,2,4,4,2,2,0,0,0,0,0,0,0,0,0,2,0,2
BORDEN COUNTY,033,10 Years,8,5,3,4,3,1,0,0,0,0,0,0,0,0,0,4,2,2
BORDEN COUNTY,033,11 Years,4,2,2,3,2,1,0,0,0,0,0,0,0,0,0,1,0,1
BORDEN COUNTY,033,12 Years,4,3,1,2,1,1,0,0,0,0,0,0,0,0,0,2,2,0
BORDEN COUNTY,033,13 Years,5,3,2,3,2,1,0,0,0,0,0,0,0,0,0,2,1,1
BORDEN COUNTY,033,14 Years,8,5,3,5,3,2,0,0,0,0,0,0,0,0,0,3,2,1
BORDEN COUNTY,033,15 Years,9,4,5,6,2,4,0,0,0,0,0,0,0,0,0,3,2,1
BORDEN COUNTY,033,16 Years,6,2,4,4,1,3,0,0,0,0,0,0,0,0,0,2,1,1
BORDEN COUNTY,033,17 Years,5,3,2,3,2,1,0,0,0,0,0,0,0,0,0,2,1,1
BORDEN COUNTY,033,18 Years,5,1,4,4,1,3,0,0,0,0,0,0,0,0,0,1,0,1
BORDEN COUNTY,033,19 Years,4,2,2,4,2,2,0,0,0,0,0,0,0,0,0,0,0,0
BORDEN COUNTY,033,20 Years,6,3,3,5,2,3,0,0,0,0,0,0,0,0,0,1,1,0
BORDEN COUNTY,033,21 Years,10,6,4,10,6,4,0,0,0,0,0,0,0,0,0,0,0,0
BORDEN COUNTY,033,22 Years,9,6,3,7,5,2,0,0,0,0,0,0,0,0,0,2,1,1
BORDEN COUNTY,033,23 Years,11,6,5,9,5,4,0,0,0,0,0,0,0,0,0,2,1,1
BORDEN COUNTY,033,24 Years,10,6,4,7,4,3,0,0,0,0,0,0,0,0,0,3,2,1
BORDEN COUNTY,033,25 Years,6,3,3,5,3,2,0,0,0,0,0,0,0,0,0,1,0,1
BORDEN COUNTY,033,26 Years,12,8,4,10,6,4,0,0,0,0,0,0,0,0,0,2,2,0
BORDEN COUNTY,033,27 Years,13,9,4,11,7,4,0,0,0,0,0,0,1,1,0,1,1,0
BORDEN COUNTY,033,28 Years,5,3,2,4,2,2,0,0,0,0,0,0,0,0,0,1,1,0
BORDEN COUNTY,033,29 Years,4,2,2,4,2,2,0,0,0,0,0,0,0,0,0,0,0,0
BORDEN COUNTY,033,30 Years,5,3,2,5,3,2,0,0,0,0,0,0,0,0,0,0,0,0
BORDEN COUNTY,033,31 Years,7,5,2,7,5,2,0,0,0,0,0,0,0,0,0,0,0,0
BORDEN COUNTY,033,32 Years,4,2,2,3,2,1,0,0,0,0,0,0,0,0,0,1,0,1
BORDEN COUNTY,033,33 Years,7,3,4,5,3,2,0,0,0,0,0,0,0,0,0,2,0,2
BORDEN COUNTY,033,34 Years,3,2,1,3,2,1,0,0,0,0,0,0,0,0,0,0,0,0
BORDEN COUNTY,033,35 Years,4,2,2,4,2,2,0,0,0,0,0,0,0,0,0,0,0,0
BORDEN COUNTY,033,36 Years,3,1,2,3,1,2,0,0,0,0,0,0,0,0,0,0,0,0
BORDEN COUNTY,033,37 Years,5,3,2,3,2,1,0,0,0,0,0,0,0,0,0,2,1,1
BORDEN COUNTY,033,38 Years,7,5,2,5,4,1,0,0,0,0,0,0,0,0,0,2,1,1
BORDEN COUNTY,033,39 Years,5,5,0,3,3,0,0,0,0,0,0,0,0,0,0,2,2,0
BORDEN COUNTY,033,40 Years,8,4,4,4,2,2,0,0,0,0,0,0,0,0,0,4,2,2
BORDEN COUNTY,033,41 Years,7,4,3,6,3,3,0,0,0,0,0,0,0,0,0,1,1,0
BORDEN COUNTY,033,42 Years,5,2,3,5,2,3,0,0,0,0,0,0,0,0,0,0,0,0
BORDEN COUNTY,033,43 Years,5,4,1,5,4,1,0,0,0,0,0,0,0,0,0,0,0,0
BORDEN COUNTY,033,44 Years,3,2,1,3,2,1,0,0,0,0,0,0,0,0,0,0,0,0
BORDEN COUNTY,033,45 Years,6,2,4,5,1,4,0,0,0,0,0,0,0,0,0,1,1,0
BORDEN COUNTY,033,46 Years,9,6,3,7,4,3,0,0,0,0,0,0,0,0,0,2,2,0
BORDEN COUNTY,033,47 Years,8,6,2,7,5,2,0,0,0,0,0,0,0,0,0,1,1,0
BORDEN COUNTY,033,48 Years,8,3,5,7,2,5,0,0,0,0,0,0,0,0,0,1,1,0
BORDEN COUNTY,033,49 Years,13,6,7,11,6,5,0,0,0,0,0,0,0,0,0,2,0,2
BORDEN COUNTY,033,50 Years,12,6,6,10,6,4,0,0,0,0,0,0,1,0,1,1,0,1
BORDEN COUNTY,033,51 Years,9,4,5,5,3,2,0,0,0,0,0,0,1,0,1,3,1,2
BORDEN COUNTY,033,52 Years,4,2,2,3,2,1,0,0,0,0,0,0,0,0,0,1,0,1
BORDEN COUNTY,033,53 Years,7,4,3,6,4,2,0,0,0,0,0,0,0,0,0,1,0,1
BORDEN COUNTY,033,54 Years,9,4,5,8,4,4,0,0,0,0,0,0,0,0,0,1,0,1
BORDEN COUNTY,033,55 Years,16,7,9,13,6,7,0,0,0,0,0,0,0,0,0,3,1,2
BORDEN COUNTY,033,56 Years,12,5,7,11,5,6,0,0,0,0,0,0,0,0,0,1,0,1
BORDEN COUNTY,033,57 Years,11,3,8,9,3,6,0,0,0,0,0,0,1,0,1,1,0,1
BORDEN COUNTY,033,58 Years,9,4,5,6,3,3,0,0,0,0,0,0,1,0,1,2,1,1
BORDEN COUNTY,033,59 Years,9,6,3,6,3,3,0,0,0,0,0,0,0,0,0,3,3,0
BORDEN COUNTY,033,60 Years,5,2,3,4,1,3,0,0,0,0,0,0,0,0,0,1,1,0
BORDEN COUNTY,033,61 Years,9,4,5,6,1,5,0,0,0,0,0,0,0,0,0,3,3,0
BORDEN COUNTY,033,62 Years,11,4,7,9,4,5,0,0,0,0,0,0,1,0,1,1,0,1
BORDEN COUNTY,033,63 Years,12,7,5,10,6,4,0,0,0,0,0,0,1,0,1,1,1,0
BORDEN COUNTY,033,64 Years,11,6,5,9,5,4,0,0,0,0,0,0,0,0,0,2,1,1
BORDEN COUNTY,033,65 Years,12,4,8,10,3,7,0,0,0,0,0,0,0,0,0,2,1,1
BORDEN COUNTY,033,66 Years,5,2,3,5,2,3,0,0,0,0,0,0,0,0,0,0,0,0
BORDEN COUNTY,033,67 Years,4,4,0,4,4,0,0,0,0,0,0,0,0,0,0,0,0,0
BORDEN COUNTY,033,68 Years,8,4,4,8,4,4,0,0,0,0,0,0,0,0,0,0,0,0
BORDEN COUNTY,033,69 Years,15,8,7,12,6,6,0,0,0,0,0,0,0,0,0,3,2,1
BORDEN COUNTY,033,70 Years,11,6,5,9,6,3,0,0,0,0,0,0,0,0,0,2,0,2
BORDEN COUNTY,033,71 Years,12,7,5,11,7,4,0,0,0,0,0,0,0,0,0,1,0,1
BORDEN COUNTY,033,72 Years,11,8,3,11,8,3,0,0,0,0,0,0,0,0,0,0,0,0
BORDEN COUNTY,033,73 Years,4,2,2,4,2,2,0,0,0,0,0,0,0,0,0,0,0,0
BORDEN COUNTY,033,74 Years,5,2,3,5,2,3,0,0,0,0,0,0,0,0,0,0,0,0
BORDEN COUNTY,033,75 Years,8,5,3,8,5,3,0,0,0,0,0,0,0,0,0,0,0,0
BORDEN COUNTY,033,76 Years,11,5,6,10,4,6,0,0,0,0,0,0,0,0,0,1,1,0
BORDEN COUNTY,033,77 Years,10,5,5,10,5,5,0,0,0,0,0,0,0,0,0,0,0,0
BORDEN COUNTY,033,78 Years,6,3,3,6,3,3,0,0,0,0,0,0,0,0,0,0,0,0
BORDEN COUNTY,033,79 Years,4,2,2,4,2,2,0,0,0,0,0,0,0,0,0,0,0,0
BORDEN COUNTY,033,80 Years,2,0,2,2,0,2,0,0,0,0,0,0,0,0,0,0,0,0
BORDEN COUNTY,033,81 Years,8,5,3,8,5,3,0,0,0,0,0,0,0,0,0,0,0,0
BORDEN COUNTY,033,82 Years,8,3,5,8,3,5,0,0,0,0,0,0,0,0,0,0,0,0
BORDEN COUNTY,033,83 Years,7,3,4,7,3,4,0,0,0,0,0,0,0,0,0,0,0,0
BORDEN COUNTY,033,84 Years,5,2,3,5,2,3,0,0,0,0,0,0,0,0,0,0,0,0
BORDEN COUNTY,033,85 Years,4,2,2,4,2,2,0,0,0,0,0,0,0,0,0,0,0,0
BORDEN COUNTY,033,86 Years,8,3,5,7,2,5,0,0,0,0,0,0,1,1,0,0,0,0
BORDEN COUNTY,033,87 Years,8,4,4,6,3,3,0,0,0,0,0,0,0,0,0,2,1,1
BORDEN COUNTY,033,88 Years,6,4,2,6,4,2,0,0,0,0,0,0,0,0,0,0,0,0
BORDEN COUNTY,033,89 Years,4,2,2,4,2,2,0,0,0,0,0,0,0,0,0,0,0,0
BORDEN COUNTY,033,90 Years,5,3,2,5,3,2,0,0,0,0,0,0,0,0,0,0,0,0
BORDEN COUNTY,033,91 Years,5,3,2,5,3,2,0,0,0,0,0,0,0,0,0,0,0,0
BORDEN COUNTY,033,92 Years,2,2,0,1,1,0,0,0,0,0,0,0,0,0,0,1,1,0
BORDEN COUNTY,033,93 Years,2,1,1,1,0,1,0,0,0,0,0,0,0,0,0,1,1,0
BORDEN COUNTY,033,94 Years,1,1,0,1,1,0,0,0,0,0,0,0,0,0,0,0,0,0
BORDEN COUNTY,033,95 Years +,5,2,3,4,2,2,0,0,0,0,0,0,0,0,0,1,0,1
BOSQUE COUNTY,035,All Ages,19062,9322,9740,14494,6951,7543,349,192,157,50,15,35,510,258,252,3659,1906,1753
BOSQUE COUNTY,035,< 1 Year,207,111,96,116,57,59,3,2,1,2,1,1,26,20,6,60,31,29
BOSQUE COUNTY,035,1 Years,228,122,106,121,59,62,2,1,1,3,1,2,30,21,9,72,40,32
BOSQUE COUNTY,035,2 Years,228,110,118,125,58,67,3,2,1,1,1,0,26,13,13,73,36,37
BOSQUE COUNTY,035,3 Years,240,116,124,126,61,65,5,4,1,1,0,1,26,11,15,82,40,42
BOSQUE COUNTY,035,4 Years,228,111,117,123,59,64,6,3,3,0,0,0,27,12,15,72,37,35
BOSQUE COUNTY,035,5 Years,227,113,114,123,57,66,7,3,4,0,0,0,30,17,13,67,36,31
BOSQUE COUNTY,035,6 Years,222,107,115,124,55,69,8,4,4,0,0,0,26,14,12,64,34,30
BOSQUE COUNTY,035,7 Years,228,108,120,130,59,71,7,4,3,0,0,0,19,8,11,72,37,35
BOSQUE COUNTY,035,8 Years,226,107,119,139,65,74,6,3,3,0,0,0,11,3,8,70,36,34
BOSQUE COUNTY,035,9 Years,212,91,121,130,49,81,6,2,4,0,0,0,10,6,4,66,34,32
BOSQUE COUNTY,035,10 Years,215,100,115,136,61,75,6,3,3,0,0,0,7,5,2,66,31,35
BOSQUE COUNTY,035,11 Years,224,123,101,146,76,70,4,3,1,0,0,0,2,2,0,72,42,30
BOSQUE COUNTY,035,12 Years,224,127,97,148,86,62,3,1,2,1,0,1,2,1,1,70,39,31
BOSQUE COUNTY,035,13 Years,216,119,97,135,74,61,4,2,2,0,0,0,6,2,4,71,41,30
BOSQUE COUNTY,035,14 Years,225,108,117,137,64,73,5,5,0,1,0,1,6,2,4,76,37,39
BOSQUE COUNTY,035,15 Years,221,122,99,146,82,64,3,3,0,1,0,1,6,4,2,65,33,32
BOSQUE COUNTY,035,16 Years,211,110,101,150,80,70,1,1,0,0,0,0,6,3,3,54,26,28
BOSQUE COUNTY,035,17 Years,205,101,104,127,61,66,6,3,3,1,0,1,4,1,3,67,36,31
BOSQUE COUNTY,035,18 Years,198,106,92,109,56,53,9,5,4,1,0,1,3,2,1,76,43,33
BOSQUE COUNTY,035,19 Years,186,100,86,105,57,48,5,3,2,1,0,1,3,2,1,72,38,34
BOSQUE COUNTY,035,20 Years,180,88,92,106,56,50,5,1,4,0,0,0,4,1,3,65,30,35
BOSQUE COUNTY,035,21 Years,167,81,86,101,48,53,4,3,1,1,0,1,4,1,3,57,29,28
BOSQUE COUNTY,035,22 Years,166,76,90,94,43,51,4,3,1,0,0,0,9,2,7,59,28,31
BOSQUE COUNTY,035,23 Years,173,75,98,105,42,63,5,3,2,0,0,0,9,4,5,54,26,28
BOSQUE COUNTY,035,24 Years,188,91,97,127,57,70,6,1,5,0,0,0,11,6,5,44,27,17
BOSQUE COUNTY,035,25 Years,200,102,98,139,65,74,3,1,2,0,0,0,8,2,6,50,34,16
BOSQUE COUNTY,035,26 Years,234,101,133,155,67,88,7,3,4,1,1,0,7,2,5,64,28,36
BOSQUE COUNTY,035,27 Years,210,84,126,150,61,89,5,2,3,0,0,0,2,0,2,53,21,32
BOSQUE COUNTY,035,28 Years,206,88,118,149,60,89,2,2,0,0,0,0,3,2,1,52,24,28
BOSQUE COUNTY,035,29 Years,226,105,121,165,75,90,6,4,2,0,0,0,1,0,1,54,26,28
BOSQUE COUNTY,035,30 Years,192,98,94,135,64,71,5,2,3,0,0,0,4,3,1,48,29,19
BOSQUE COUNTY,035,31 Years,195,91,104,139,61,78,5,2,3,0,0,0,3,1,2,48,27,21
BOSQUE COUNTY,035,32 Years,189,98,91,135,66,69,7,5,2,2,2,0,5,1,4,40,24,16
BOSQUE COUNTY,035,33 Years,177,85,92,134,60,74,3,2,1,1,1,0,3,0,3,36,22,14
BOSQUE COUNTY,035,34 Years,186,93,93,133,66,67,6,2,4,0,0,0,2,1,1,45,24,21
BOSQUE COUNTY,035,35 Years,176,80,96,116,53,63,2,1,1,0,0,0,5,1,4,53,25,28
BOSQUE COUNTY,035,36 Years,202,110,92,134,71,63,2,2,0,1,0,1,5,2,3,60,35,25
BOSQUE COUNTY,035,37 Years,205,107,98,141,73,68,5,3,2,0,0,0,3,2,1,56,29,27
BOSQUE COUNTY,035,38 Years,220,103,117,159,70,89,5,4,1,0,0,0,3,1,2,53,28,25
BOSQUE COUNTY,035,39 Years,203,107,96,144,71,73,3,2,1,0,0,0,4,3,1,52,31,21
BOSQUE COUNTY,035,40 Years,194,100,94,140,66,74,2,1,1,1,1,0,1,0,1,50,32,18
BOSQUE COUNTY,035,41 Years,175,78,97,128,57,71,2,2,0,0,0,0,2,0,2,43,19,24
BOSQUE COUNTY,035,42 Years,173,84,89,131,62,69,2,2,0,0,0,0,1,1,0,39,19,20
BOSQUE COUNTY,035,43 Years,190,99,91,145,76,69,2,1,1,1,0,1,1,1,0,41,21,20
BOSQUE COUNTY,035,44 Years,173,85,88,126,61,65,1,0,1,1,0,1,2,1,1,43,23,20
BOSQUE COUNTY,035,45 Years,176,86,90,134,66,68,5,2,3,0,0,0,2,0,2,35,18,17
BOSQUE COUNTY,035,46 Years,194,94,100,150,75,75,3,1,2,0,0,0,3,0,3,38,18,20
BOSQUE COUNTY,035,47 Years,210,105,105,165,83,82,4,4,0,0,0,0,3,1,2,38,17,21
BOSQUE COUNTY,035,48 Years,224,113,111,177,87,90,4,4,0,2,0,2,4,2,2,37,20,17
BOSQUE COUNTY,035,49 Years,228,104,124,175,81,94,6,3,3,2,0,2,1,0,1,44,20,24
BOSQUE COUNTY,035,50 Years,216,108,108,165,81,84,3,2,1,0,0,0,1,1,0,47,24,23
BOSQUE COUNTY,035,51 Years,229,113,116,170,85,85,5,0,5,1,0,1,3,2,1,50,26,24
BOSQUE COUNTY,035,52 Years,228,106,122,181,80,101,4,1,3,1,1,0,4,3,1,38,21,17
BOSQUE COUNTY,035,53 Years,210,103,107,167,84,83,2,0,2,1,1,0,3,0,3,37,18,19
BOSQUE COUNTY,035,54 Years,243,123,120,199,99,100,4,1,3,1,0,1,4,3,1,35,20,15
BOSQUE COUNTY,035,55 Years,256,132,124,208,103,105,4,3,1,1,1,0,1,1,0,42,24,18
BOSQUE COUNTY,035,56 Years,287,141,146,247,115,132,4,4,0,1,1,0,2,1,1,33,20,13
BOSQUE COUNTY,035,57 Years,250,126,124,208,106,102,2,1,1,1,0,1,2,2,0,37,17,20
BOSQUE COUNTY,035,58 Years,270,132,138,230,111,119,3,2,1,1,0,1,4,3,1,32,16,16
BOSQUE COUNTY,035,59 Years,300,147,153,263,127,136,3,3,0,1,0,1,4,1,3,29,16,13
BOSQUE COUNTY,035,60 Years,304,160,144,264,140,124,8,3,5,1,0,1,3,1,2,28,16,12
BOSQUE COUNTY,035,61 Years,292,151,141,257,131,126,3,1,2,2,1,1,6,3,3,24,15,9
BOSQUE COUNTY,035,62 Years,317,153,164,284,136,148,3,1,2,0,0,0,4,1,3,26,15,11
BOSQUE COUNTY,035,63 Years,313,154,159,275,133,142,7,5,2,0,0,0,4,1,3,27,15,12
BOSQUE COUNTY,035,64 Years,297,161,136,264,142,122,6,6,0,0,0,0,5,2,3,22,11,11
BOSQUE COUNTY,035,65 Years,271,137,134,243,122,121,4,1,3,0,0,0,5,2,3,19,12,7
BOSQUE COUNTY,035,66 Years,274,143,131,243,124,119,8,4,4,0,0,0,3,2,1,20,13,7
BOSQUE COUNTY,035,67 Years,279,133,146,250,116,134,5,2,3,0,0,0,6,4,2,18,11,7
BOSQUE COUNTY,035,68 Years,266,134,132,245,123,122,2,1,1,0,0,0,4,2,2,15,8,7
BOSQUE COUNTY,035,69 Years,272,149,123,249,136,113,2,1,1,0,0,0,7,5,2,14,7,7
BOSQUE COUNTY,035,70 Years,272,134,138,234,121,113,7,4,3,2,1,1,2,2,0,27,6,21
BOSQUE COUNTY,035,71 Years,270,131,139,244,120,124,4,3,1,1,0,1,3,2,1,18,6,12
BOSQUE COUNTY,035,72 Years,273,122,151,251,112,139,2,2,0,0,0,0,2,2,0,18,6,12
BOSQUE COUNTY,035,73 Years,232,114,118,207,101,106,2,0,2,0,0,0,3,3,0,20,10,10
BOSQUE COUNTY,035,74 Years,235,110,125,212,102,110,4,0,4,0,0,0,2,1,1,17,7,10
BOSQUE COUNTY,035,75 Years,232,104,128,213,97,116,2,0,2,0,0,0,2,1,1,15,6,9
BOSQUE COUNTY,035,76 Years,200,86,114,184,76,108,0,0,0,1,1,0,4,3,1,11,6,5
BOSQUE COUNTY,035,77 Years,205,96,109,187,88,99,2,1,1,0,0,0,3,1,2,13,6,7
BOSQUE COUNTY,035,78 Years,187,82,105,172,73,99,1,1,0,0,0,0,2,1,1,12,7,5
BOSQUE COUNTY,035,79 Years,176,89,87,162,81,81,2,1,1,0,0,0,0,0,0,12,7,5
BOSQUE COUNTY,035,80 Years,167,79,88,157,72,85,3,2,1,0,0,0,3,2,1,4,3,1
BOSQUE COUNTY,035,81 Years,147,66,81,130,58,72,4,2,2,1,0,1,3,2,1,9,4,5
BOSQUE COUNTY,035,82 Years,136,54,82,125,50,75,1,1,0,1,0,1,1,0,1,8,3,5
BOSQUE COUNTY,035,83 Years,112,46,66,101,40,61,4,3,1,1,0,1,1,1,0,5,2,3
BOSQUE COUNTY,035,84 Years,91,38,53,81,33,48,1,1,0,1,0,1,2,1,1,6,3,3
BOSQUE COUNTY,035,85 Years,77,37,40,69,33,36,3,2,1,1,0,1,0,0,0,4,2,2
BOSQUE COUNTY,035,86 Years,84,41,43,74,34,40,2,2,0,0,0,0,2,1,1,6,4,2
BOSQUE COUNTY,035,87 Years,75,36,39,70,33,37,0,0,0,0,0,0,2,1,1,3,2,1
BOSQUE COUNTY,035,88 Years,58,30,28,52,27,25,0,0,0,1,0,1,1,1,0,4,2,2
BOSQUE COUNTY,035,89 Years,49,22,27,43,19,24,0,0,0,0,0,0,2,1,1,4,2,2
BOSQUE COUNTY,035,90 Years,44,18,26,40,17,23,1,0,1,0,0,0,1,0,1,2,1,1
BOSQUE COUNTY,035,91 Years,39,14,25,36,13,23,1,0,1,0,0,0,0,0,0,2,1,1
BOSQUE COUNTY,035,92 Years,30,10,20,27,9,18,0,0,0,1,0,1,0,0,0,2,1,1
BOSQUE COUNTY,035,93 Years,23,9,14,20,8,12,1,0,1,1,0,1,0,0,0,1,1,0
BOSQUE COUNTY,035,94 Years,23,8,15,20,7,13,0,0,0,0,0,0,1,1,0,2,0,2
BOSQUE COUNTY,035,95 Years +,48,17,31,43,14,29,0,0,0,0,0,0,2,1,1,3,2,1
BOWIE COUNTY,037,All Ages,96380,48569,47811,61172,30108,31064,23617,11770,11847,1007,432,575,3394,1763,1631,7190,4496,2694
BOWIE COUNTY,037,< 1 Year,981,513,468,479,254,225,302,154,148,3,2,1,113,62,51,84,41,43
BOWIE COUNTY,037,1 Years,982,501,481,480,247,233,292,145,147,4,2,2,121,65,56,85,42,43
BOWIE COUNTY,037,2 Years,1051,526,525,533,269,264,302,152,150,5,2,3,120,59,61,91,44,47
BOWIE COUNTY,037,3 Years,1096,542,554,563,279,284,306,152,154,5,2,3,124,59,65,98,50,48
BOWIE COUNTY,037,4 Years,1121,558,563,592,299,293,304,147,157,5,3,2,117,56,61,103,53,50
BOWIE COUNTY,037,5 Years,1107,566,541,578,298,280,313,156,157,4,3,1,109,56,53,103,53,50
BOWIE COUNTY,037,6 Years,1101,564,537,585,303,282,310,154,156,5,3,2,97,52,45,104,52,52
BOWIE COUNTY,037,7 Years,1101,572,529,585,304,281,320,161,159,5,3,2,83,49,34,108,55,53
BOWIE COUNTY,037,8 Years,1098,562,536,598,305,293,312,155,157,5,3,2,74,42,32,109,57,52
BOWIE COUNTY,037,9 Years,1016,522,494,552,291,261,282,147,135,4,0,4,81,35,46,97,49,48
BOWIE COUNTY,037,10 Years,1194,607,587,678,332,346,315,163,152,8,5,3,74,44,30,119,63,56
BOWIE COUNTY,037,11 Years,1247,652,595,700,363,337,341,185,156,8,4,4,75,45,30,123,55,68
BOWIE COUNTY,037,12 Years,1311,675,636,722,365,357,350,179,171,6,2,4,90,58,32,143,71,72
BOWIE COUNTY,037,13 Years,1256,657,599,716,382,334,314,159,155,9,3,6,83,41,42,134,72,62
BOWIE COUNTY,037,14 Years,1271,660,611,703,372,331,352,175,177,11,5,6,84,46,38,121,62,59
BOWIE COUNTY,037,15 Years,1268,672,596,716,368,348,347,178,169,12,6,6,76,49,27,117,71,46
BOWIE COUNTY,037,16 Years,1212,619,593,698,356,342,322,159,163,10,7,3,69,44,25,113,53,60
BOWIE COUNTY,037,17 Years,1188,624,564,672,352,320,323,151,172,28,21,7,63,43,20,102,57,45
BOWIE COUNTY,037,18 Years,1178,618,560,641,334,307,329,174,155,28,12,16,66,38,28,114,60,54
BOWIE COUNTY,037,19 Years,1065,555,510,565,286,279,301,166,135,25,4,21,70,36,34,104,63,41
BOWIE COUNTY,037,20 Years,1111,619,492,574,303,271,325,196,129,16,5,11,73,39,34,123,76,47
BOWIE COUNTY,037,21 Years,1105,604,501,539,277,262,335,198,137,25,17,8,73,40,33,133,72,61
BOWIE COUNTY,037,22 Years,1147,628,519,601,311,290,318,183,135,25,20,5,67,36,31,136,78,58
BOWIE COUNTY,037,23 Years,1282,708,574,694,359,335,359,214,145,11,9,2,74,40,34,144,86,58
BOWIE COUNTY,037,24 Years,1327,662,665,717,351,366,399,198,201,9,3,6,69,34,35,133,76,57
BOWIE COUNTY,037,25 Years,1394,753,641,754,384,370,436,241,195,10,5,5,60,38,22,134,85,49
BOWIE COUNTY,037,26 Years,1378,775,603,752,407,345,426,248,178,9,4,5,63,39,24,128,77,51
BOWIE COUNTY,037,27 Years,1462,772,690,796,410,386,468,243,225,7,3,4,46,21,25,145,95,50
BOWIE COUNTY,037,28 Years,1542,773,769,852,423,429,488,224,264,7,3,4,41,17,24,154,106,48
BOWIE COUNTY,037,29 Years,1637,847,790,974,515,459,472,206,266,11,5,6,27,12,15,153,109,44
BOWIE COUNTY,037,30 Years,1619,805,814,962,466,496,484,208,276,10,9,1,19,10,9,144,112,32
BOWIE COUNTY,037,31 Years,1406,782,624,894,475,419,355,195,160,4,4,0,13,9,4,140,99,41
BOWIE COUNTY,037,32 Years,1448,837,611,880,497,383,367,200,167,10,4,6,29,16,13,162,120,42
BOWIE COUNTY,037,33 Years,1333,687,646,813,387,426,356,183,173,8,5,3,16,10,6,140,102,38
BOWIE COUNTY,037,34 Years,1306,690,616,777,387,390,363,188,175,7,5,2,22,7,15,137,103,34
BOWIE COUNTY,037,35 Years,1309,697,612,789,395,394,358,185,173,7,4,3,22,11,11,133,102,31
BOWIE COUNTY,037,36 Years,1310,716,594,801,411,390,328,178,150,9,4,5,25,13,12,147,110,37
BOWIE COUNTY,037,37 Years,1240,693,547,784,409,375,297,165,132,13,9,4,15,8,7,131,102,29
BOWIE COUNTY,037,38 Years,1210,667,543,737,368,369,307,173,134,7,4,3,20,11,9,139,111,28
BOWIE COUNTY,037,39 Years,1262,709,553,771,396,375,311,183,128,10,5,5,22,9,13,148,116,32
BOWIE COUNTY,037,40 Years,1284,687,597,771,379,392,334,186,148,22,6,16,15,4,11,142,112,30
BOWIE COUNTY,037,41 Years,1254,652,602,745,361,384,326,170,156,24,4,20,31,14,17,128,103,25
BOWIE COUNTY,037,42 Years,1227,648,579,759,377,382,305,170,135,21,3,18,22,7,15,120,91,29
BOWIE COUNTY,037,43 Years,1159,645,514,714,378,336,284,156,128,22,15,7,19,8,11,120,88,32
BOWIE COUNTY,037,44 Years,1186,644,542,738,397,341,300,154,146,23,9,14,17,8,9,108,76,32
BOWIE COUNTY,037,45 Years,1165,603,562,726,358,368,271,139,132,36,16,20,20,15,5,112,75,37
BOWIE COUNTY,037,46 Years,1187,617,570,754,383,371,282,141,141,38,19,19,17,7,10,96,67,29
BOWIE COUNTY,037,47 Years,1202,636,566,810,425,385,268,131,137,18,9,9,18,9,9,88,62,26
BOWIE COUNTY,037,48 Years,1245,641,604,854,434,420,286,141,145,14,7,7,14,8,6,77,51,26
BOWIE COUNTY,037,49 Years,1255,649,606,831,411,420,274,138,136,36,20,16,23,17,6,91,63,28
BOWIE COUNTY,037,50 Years,1121,582,539,755,393,362,240,118,122,32,9,23,19,10,9,75,52,23
BOWIE COUNTY,037,51 Years,1108,547,561,746,366,380,260,126,134,29,6,23,9,5,4,64,44,20
BOWIE COUNTY,037,52 Years,1086,547,539,729,366,363,255,121,134,16,6,10,15,9,6,71,45,26
BOWIE COUNTY,037,53 Years,1100,548,552,738,372,366,255,120,135,18,3,15,17,6,11,72,47,25
BOWIE COUNTY,037,54 Years,1198,574,624,795,380,415,295,137,158,25,6,19,17,9,8,66,42,24
BOWIE COUNTY,037,55 Years,1168,574,594,802,391,411,274,133,141,17,7,10,17,6,11,58,37,21
BOWIE COUNTY,037,56 Years,1235,597,638,878,427,451,271,126,145,9,4,5,20,6,14,57,34,23
BOWIE COUNTY,037,57 Years,1264,622,642,892,435,457,297,156,141,8,1,7,25,7,18,42,23,19
BOWIE COUNTY,037,58 Years,1242,608,634,855,414,441,298,150,148,19,4,15,20,9,11,50,31,19
BOWIE COUNTY,037,59 Years,1283,633,650,896,436,460,289,143,146,13,5,8,35,16,19,50,33,17
BOWIE COUNTY,037,60 Years,1171,574,597,829,413,416,269,126,143,10,4,6,24,8,16,39,23,16
BOWIE COUNTY,037,61 Years,1165,582,583,837,422,415,262,123,139,9,2,7,21,11,10,36,24,12
BOWIE COUNTY,037,62 Years,1196,576,620,878,433,445,248,108,140,19,4,15,22,9,13,29,22,7
BOWIE COUNTY,037,63 Years,1172,557,615,832,396,436,280,132,148,11,2,9,20,7,13,29,20,9
BOWIE COUNTY,037,64 Years,1118,517,601,813,382,431,241,107,134,6,2,4,18,8,10,40,18,22
BOWIE COUNTY,037,65 Years,1084,505,579,800,380,420,228,104,124,10,4,6,16,6,10,30,11,19
BOWIE COUNTY,037,66 Years,1062,478,584,790,359,431,225,99,126,7,4,3,18,8,10,22,8,14
BOWIE COUNTY,037,67 Years,1027,466,561,788,360,428,194,86,108,9,5,4,19,7,12,17,8,9
BOWIE COUNTY,037,68 Years,1021,481,540,779,376,403,198,84,114,6,3,3,22,9,13,16,9,7
BOWIE COUNTY,037,69 Years,972,457,515,746,360,386,180,77,103,6,1,5,14,8,6,26,11,15
BOWIE COUNTY,037,70 Years,976,463,513,757,369,388,164,69,95,7,2,5,21,12,9,27,11,16
BOWIE COUNTY,037,71 Years,1027,471,556,799,368,431,178,79,99,8,3,5,23,12,11,19,9,10
BOWIE COUNTY,037,72 Years,1006,462,544,799,364,435,161,76,85,4,3,1,23,10,13,19,9,10
BOWIE COUNTY,037,73 Years,802,360,442,641,294,347,121,45,76,4,1,3,15,7,8,21,13,8
BOWIE COUNTY,037,74 Years,742,311,431,584,251,333,124,47,77,4,1,3,14,5,9,16,7,9
BOWIE COUNTY,037,75 Years,778,322,456,626,263,363,119,47,72,5,1,4,15,6,9,13,5,8
BOWIE COUNTY,037,76 Years,722,305,417,598,254,344,98,42,56,1,0,1,14,6,8,11,3,8
BOWIE COUNTY,037,77 Years,648,286,362,532,237,295,92,36,56,4,1,3,12,7,5,8,5,3
BOWIE COUNTY,037,78 Years,568,260,308,471,221,250,72,28,44,5,3,2,11,4,7,9,4,5
BOWIE COUNTY,037,79 Years,532,219,313,441,189,252,73,22,51,3,1,2,6,3,3,9,4,5
BOWIE COUNTY,037,80 Years,489,217,272,405,183,222,62,26,36,3,0,3,8,3,5,11,5,6
BOWIE COUNTY,037,81 Years,420,180,240,346,152,194,59,20,39,2,1,1,4,3,1,9,4,5
BOWIE COUNTY,037,82 Years,399,165,234,331,143,188,51,14,37,3,1,2,7,4,3,7,3,4
BOWIE COUNTY,037,83 Years,346,139,207,289,120,169,41,12,29,1,0,1,8,4,4,7,3,4
BOWIE COUNTY,037,84 Years,323,122,201,265,101,164,42,14,28,4,2,2,6,1,5,6,4,2
BOWIE COUNTY,037,85 Years,287,113,174,240,96,144,34,11,23,2,1,1,6,3,3,5,2,3
BOWIE COUNTY,037,86 Years,267,96,171,218,80,138,35,10,25,0,0,0,6,3,3,8,3,5
BOWIE COUNTY,037,87 Years,242,83,159,196,71,125,33,9,24,1,0,1,5,2,3,7,1,6
BOWIE COUNTY,037,88 Years,200,67,133,163,58,105,29,7,22,0,0,0,4,2,2,4,0,4
BOWIE COUNTY,037,89 Years,171,59,112,139,49,90,23,7,16,1,0,1,4,2,2,4,1,3
BOWIE COUNTY,037,90 Years,167,54,113,136,47,89,22,4,18,2,1,1,4,1,3,3,1,2
BOWIE COUNTY,037,91 Years,139,44,95,113,38,75,21,4,17,1,0,1,2,1,1,2,1,1
BOWIE COUNTY,037,92 Years,118,37,81,92,30,62,20,5,15,1,0,1,2,1,1,3,1,2
BOWIE COUNTY,037,93 Years,103,28,75,83,23,60,14,4,10,0,0,0,2,0,2,4,1,3
BOWIE COUNTY,037,94 Years,83,22,61,63,17,46,13,3,10,1,0,1,1,0,1,5,2,3
BOWIE COUNTY,037,95 Years +,196,48,148,148,36,112,38,6,32,2,1,1,2,1,1,6,4,2
BRAZORIA COUNTY,039,All Ages,380439,192386,188053,176771,88399,88372,52048,26707,25341,25986,12774,13212,8519,4253,4266,117115,60253,56862
BRAZORIA COUNTY,039,< 1 Year,4774,2450,2324,1778,929,849,581,300,281,279,144,135,200,99,101,1936,978,958
BRAZORIA COUNTY,039,1 Years,4788,2448,2340,1743,895,848,603,305,298,288,146,142,206,104,102,1948,998,950
BRAZORIA COUNTY,039,2 Years,4893,2500,2393,1834,945,889,596,302,294,309,158,151,221,113,108,1933,982,951
BRAZORIA COUNTY,039,3 Years,5045,2591,2454,1923,994,929,618,312,306,337,177,160,229,121,108,1938,987,951
BRAZORIA COUNTY,039,4 Years,5178,2652,2526,2054,1059,995,608,307,301,354,184,170,234,124,110,1928,978,950
BRAZORIA COUNTY,039,5 Years,5185,2656,2529,2078,1060,1018,597,313,284,344,183,161,218,118,100,1948,982,966
BRAZORIA COUNTY,039,6 Years,5135,2615,2520,2065,1035,1030,572,297,275,342,181,161,219,118,101,1937,984,953
BRAZORIA COUNTY,039,7 Years,5069,2601,2468,2002,1015,987,550,294,256,351,192,159,217,117,100,1949,983,966
BRAZORIA COUNTY,039,8 Years,5224,2707,2517,2046,1036,1010,576,309,267,370,204,166,223,118,105,2009,1040,969
BRAZORIA COUNTY,039,9 Years,5210,2641,2569,2035,1029,1006,558,289,269,365,193,172,213,106,107,2039,1024,1015
BRAZORIA COUNTY,039,10 Years,5770,2881,2889,2224,1089,1135,666,327,339,413,216,197,223,112,111,2244,1137,1107
BRAZORIA COUNTY,039,11 Years,5713,2908,2805,2180,1108,1072,656,325,331,413,229,184,198,93,105,2266,1153,1113
BRAZORIA COUNTY,039,12 Years,5877,2996,2881,2248,1155,1093,710,332,378,401,211,190,208,104,104,2310,1194,1116
BRAZORIA COUNTY,039,13 Years,5641,2926,2715,2242,1196,1046,673,344,329,374,208,166,182,103,79,2170,1075,1095
BRAZORIA COUNTY,039,14 Years,5595,2875,2720,2170,1113,1057,665,327,338,413,235,178,185,92,93,2162,1108,1054
BRAZORIA COUNTY,039,15 Years,5707,2915,2792,2228,1113,1115,748,367,381,391,212,179,172,84,88,2168,1139,1029
BRAZORIA COUNTY,039,16 Years,5693,2941,2752,2263,1171,1092,718,364,354,387,199,188,176,86,90,2149,1121,1028
BRAZORIA COUNTY,039,17 Years,5686,2894,2792,2305,1196,1109,746,366,380,380,180,200,154,74,80,2101,1078,1023
BRAZORIA COUNTY,039,18 Years,5526,2854,2672,2268,1181,1087,733,403,330,378,176,202,145,70,75,2002,1024,978
BRAZORIA COUNTY,039,19 Years,5147,2690,2457,2117,1127,990,688,386,302,306,145,161,138,68,70,1898,964,934
BRAZORIA COUNTY,039,20 Years,4741,2499,2242,1962,1050,912,678,385,293,258,130,128,120,61,59,1723,873,850
BRAZORIA COUNTY,039,21 Years,4756,2506,2250,1915,1030,885,674,352,322,285,144,141,111,59,52,1771,921,850
BRAZORIA COUNTY,039,22 Years,4811,2530,2281,1893,998,895,751,392,359,306,156,150,123,61,62,1738,923,815
BRAZORIA COUNTY,039,23 Years,4915,2503,2412,1889,968,921,748,390,358,342,169,173,125,66,59,1811,910,901
BRAZORIA COUNTY,039,24 Years,5139,2641,2498,1996,1029,967,792,437,355,362,178,184,138,72,66,1851,925,926
BRAZORIA COUNTY,039,25 Years,5197,2723,2474,1989,1041,948,831,478,353,369,181,188,129,63,66,1879,960,919
BRAZORIA COUNTY,039,26 Years,5426,2888,2538,2049,1061,988,893,494,399,387,183,204,149,70,79,1948,1080,868
BRAZORIA COUNTY,039,27 Years,5386,2854,2532,1994,1057,937,851,454,397,378,192,186,147,64,83,2016,1087,929
BRAZORIA COUNTY,039,28 Years,5198,2733,2465,1997,1059,938,738,399,339,365,202,163,116,42,74,1982,1031,951
BRAZORIA COUNTY,039,29 Years,5106,2629,2477,1893,968,925,708,364,344,384,206,178,100,41,59,2021,1050,971
BRAZORIA COUNTY,039,30 Years,4987,2633,2354,1950,1021,929,662,362,300,429,202,227,98,45,53,1848,1003,845
BRAZORIA COUNTY,039,31 Years,4891,2569,2322,1982,1027,955,625,354,271,379,190,189,101,45,56,1804,953,851
BRAZORIA COUNTY,039,32 Years,4832,2548,2284,1963,1018,945,648,379,269,330,173,157,105,50,55,1786,928,858
BRAZORIA COUNTY,039,33 Years,4847,2574,2273,2020,1046,974,640,377,263,360,187,173,81,37,44,1746,927,819
BRAZORIA COUNTY,039,34 Years,5057,2622,2435,2157,1097,1060,661,343,318,365,202,163,85,39,46,1789,941,848
BRAZORIA COUNTY,039,35 Years,5042,2569,2473,2127,1056,1071,650,327,323,351,197,154,89,52,37,1825,937,888
BRAZORIA COUNTY,039,36 Years,5283,2707,2576,2239,1109,1130,635,367,268,411,207,204,93,54,39,1905,970,935
BRAZORIA COUNTY,039,37 Years,5417,2766,2651,2349,1165,1184,695,399,296,398,177,221,94,53,41,1881,972,909
BRAZORIA COUNTY,039,38 Years,5495,2788,2707,2362,1178,1184,834,439,395,410,173,237,80,39,41,1809,959,850
BRAZORIA COUNTY,039,39 Years,5499,2785,2714,2393,1175,1218,867,462,405,419,197,222,84,45,39,1736,906,830
BRAZORIA COUNTY,039,40 Years,5174,2598,2576,2216,1111,1105,809,424,385,404,172,232,79,39,40,1666,852,814
BRAZORIA COUNTY,039,41 Years,5234,2741,2493,2248,1163,1085,787,415,372,418,209,209,82,47,35,1699,907,792
BRAZORIA COUNTY,039,42 Years,5142,2698,2444,2179,1110,1069,817,448,369,448,249,199,72,34,38,1626,857,769
BRAZORIA COUNTY,039,43 Years,5130,2628,2502,2180,1081,1099,801,424,377,468,249,219,65,33,32,1616,841,775
BRAZORIA COUNTY,039,44 Years,5175,2654,2521,2210,1134,1076,891,433,458,411,195,216,104,55,49,1559,837,722
BRAZORIA COUNTY,039,45 Years,5190,2624,2566,2207,1104,1103,884,436,448,488,218,270,90,42,48,1521,824,697
BRAZORIA COUNTY,039,46 Years,5351,2729,2622,2268,1128,1140,913,480,433,534,241,293,96,55,41,1540,825,715
BRAZORIA COUNTY,039,47 Years,5399,2775,2624,2400,1223,1177,936,503,433,491,233,258,84,40,44,1488,776,712
BRAZORIA COUNTY,039,48 Years,5522,2799,2723,2584,1293,1291,930,498,432,466,217,249,83,40,43,1459,751,708
BRAZORIA COUNTY,039,49 Years,5296,2685,2611,2510,1283,1227,915,456,459,428,203,225,83,41,42,1360,702,658
BRAZORIA COUNTY,039,50 Years,4986,2562,2424,2414,1227,1187,812,430,382,427,204,223,79,38,41,1254,663,591
BRAZORIA COUNTY,039,51 Years,4816,2491,2325,2298,1179,1119,800,444,356,407,196,211,67,29,38,1244,643,601
BRAZORIA COUNTY,039,52 Years,4796,2477,2319,2318,1178,1140,816,464,352,351,164,187,52,26,26,1259,645,614
BRAZORIA COUNTY,039,53 Years,4714,2466,2248,2299,1202,1097,826,430,396,334,171,163,65,33,32,1190,630,560
BRAZORIA COUNTY,039,54 Years,4853,2457,2396,2435,1210,1225,805,413,392,345,166,179,64,32,32,1204,636,568
BRAZORIA COUNTY,039,55 Years,4902,2409,2493,2556,1251,1305,791,389,402,320,135,185,65,33,32,1170,601,569
BRAZORIA COUNTY,039,56 Years,4946,2512,2434,2673,1319,1354,784,403,381,300,160,140,70,32,38,1119,598,521
BRAZORIA COUNTY,039,57 Years,4865,2438,2427,2711,1309,1402,742,376,366,266,143,123,65,30,35,1081,580,501
BRAZORIA COUNTY,039,58 Years,4778,2332,2446,2690,1295,1395,743,352,391,244,114,130,67,32,35,1034,539,495
BRAZORIA COUNTY,039,59 Years,4862,2425,2437,2855,1392,1463,692,353,339,258,113,145,77,39,38,980,528,452
BRAZORIA COUNTY,039,60 Years,4740,2346,2394,2788,1375,1413,677,342,335,242,109,133,64,27,37,969,493,476
BRAZORIA COUNTY,039,61 Years,4651,2278,2373,2792,1357,1435,667,337,330,222,101,121,53,23,30,917,460,457
BRAZORIA COUNTY,039,62 Years,4468,2192,2276,2668,1286,1382,623,314,309,225,105,120,58,32,26,894,455,439
BRAZORIA COUNTY,039,63 Years,4221,2078,2143,2521,1226,1295,572,268,304,219,101,118,52,27,25,857,456,401
BRAZORIA COUNTY,039,64 Years,4202,2098,2104,2562,1259,1303,540,268,272,211,99,112,54,24,30,835,448,387
BRAZORIA COUNTY,039,65 Years,3953,1974,1979,2414,1210,1204,500,225,275,221,105,116,46,21,25,772,413,359
BRAZORIA COUNTY,039,66 Years,3783,1901,1882,2310,1175,1135,489,235,254,228,90,138,45,24,21,711,377,334
BRAZORIA COUNTY,039,67 Years,3466,1689,1777,2163,1076,1087,456,191,265,176,71,105,47,25,22,624,326,298
BRAZORIA COUNTY,039,68 Years,3129,1492,1637,1908,941,967,434,171,263,183,77,106,56,24,32,548,279,269
BRAZORIA COUNTY,039,69 Years,3033,1439,1594,1937,941,996,373,157,216,177,73,104,44,21,23,502,247,255
BRAZORIA COUNTY,039,70 Years,2931,1372,1559,1886,914,972,335,145,190,180,69,111,48,22,26,482,222,260
BRAZORIA COUNTY,039,71 Years,2826,1376,1450,1877,936,941,294,136,158,166,63,103,44,24,20,445,217,228
BRAZORIA COUNTY,039,72 Years,2665,1280,1385,1840,891,949,258,117,141,144,65,79,37,20,17,386,187,199
BRAZORIA COUNTY,039,73 Years,2082,978,1104,1411,680,731,198,81,117,124,62,62,25,11,14,324,144,180
BRAZORIA COUNTY,039,74 Years,2013,926,1087,1332,639,693,209,76,133,121,46,75,29,17,12,322,148,174
BRAZORIA COUNTY,039,75 Years,2031,921,1110,1394,639,755,207,84,123,100,39,61,25,15,10,305,144,161
BRAZORIA COUNTY,039,76 Years,1858,838,1020,1320,608,712,175,72,103,88,41,47,24,14,10,251,103,148
BRAZORIA COUNTY,039,77 Years,1670,753,917,1186,555,631,146,60,86,90,43,47,18,8,10,230,87,143
BRAZORIA COUNTY,039,78 Years,1512,663,849,1058,482,576,134,53,81,77,34,43,14,4,10,229,90,139
BRAZORIA COUNTY,039,79 Years,1401,618,783,995,458,537,122,51,71,74,30,44,13,4,9,197,75,122
BRAZORIA COUNTY,039,80 Years,1271,571,700,930,426,504,98,44,54,60,27,33,14,6,8,169,68,101
BRAZORIA COUNTY,039,81 Years,1152,516,636,847,395,452,83,30,53,54,26,28,13,7,6,155,58,97
BRAZORIA COUNTY,039,82 Years,980,425,555,727,322,405,65,27,38,42,16,26,7,6,1,139,54,85
BRAZORIA COUNTY,039,83 Years,940,377,563,697,297,400,62,21,41,43,11,32,7,3,4,131,45,86
BRAZORIA COUNTY,039,84 Years,897,366,531,659,279,380,50,17,33,45,21,24,6,2,4,137,47,90
BRAZORIA COUNTY,039,85 Years,775,317,458,573,246,327,52,15,37,36,19,17,5,1,4,109,36,73
BRAZORIA COUNTY,039,86 Years,671,259,412,501,204,297,51,13,38,29,13,16,5,2,3,85,27,58
BRAZORIA COUNTY,039,87 Years,551,200,351,407,154,253,45,12,33,24,8,16,4,1,3,71,25,46
BRAZORIA COUNTY,039,88 Years,496,173,323,363,131,232,37,8,29,27,10,17,4,1,3,65,23,42
BRAZORIA COUNTY,039,89 Years,442,153,289,329,116,213,32,12,20,15,6,9,3,1,2,63,18,45
BRAZORIA COUNTY,039,90 Years,380,132,248,289,101,188,30,11,19,10,4,6,2,1,1,49,15,34
BRAZORIA COUNTY,039,91 Years,301,101,200,227,80,147,25,7,18,9,4,5,4,1,3,36,9,27
BRAZORIA COUNTY,039,92 Years,254,79,175,190,62,128,19,3,16,7,3,4,4,1,3,34,10,24
BRAZORIA COUNTY,039,93 Years,191,59,132,145,47,98,10,2,8,7,3,4,2,0,2,27,7,20
BRAZORIA COUNTY,039,94 Years,145,44,101,107,33,74,9,2,7,6,2,4,1,0,1,22,7,15
BRAZORIA COUNTY,039,95 Years +,346,94,252,245,67,178,34,6,28,13,7,6,4,1,3,50,13,37
BRAZOS COUNTY,041,All Ages,230789,116792,113997,126245,63747,62498,25547,12332,13215,13476,7410,6066,5162,2536,2626,60359,30767,29592
BRAZOS COUNTY,041,< 1 Year,2583,1317,1266,1034,531,503,387,200,187,121,60,61,105,56,49,936,470,466
BRAZOS COUNTY,041,1 Years,2627,1328,1299,1048,530,518,399,198,201,121,61,60,110,57,53,949,482,467
BRAZOS COUNTY,041,2 Years,2707,1374,1333,1098,558,540,397,204,193,131,65,66,121,59,62,960,488,472
BRAZOS COUNTY,041,3 Years,2857,1446,1411,1179,594,585,416,208,208,143,75,68,136,67,69,983,502,481
BRAZOS COUNTY,041,4 Years,2943,1494,1449,1218,617,601,422,215,207,151,80,71,150,75,75,1002,507,495
BRAZOS COUNTY,041,5 Years,2934,1475,1459,1219,617,602,429,210,219,152,81,71,151,74,77,983,493,490
BRAZOS COUNTY,041,6 Years,2858,1443,1415,1197,613,584,411,207,204,144,78,66,147,69,78,959,476,483
BRAZOS COUNTY,041,7 Years,2793,1408,1385,1199,613,586,405,202,203,134,76,58,138,64,74,917,453,464
BRAZOS COUNTY,041,8 Years,2863,1455,1408,1236,621,615,406,213,193,137,78,59,144,68,76,940,475,465
BRAZOS COUNTY,041,9 Years,2689,1329,1360,1140,549,591,393,198,195,123,65,58,131,57,74,902,460,442
BRAZOS COUNTY,041,10 Years,2842,1417,1425,1152,574,578,407,207,200,106,56,50,136,66,70,1041,514,527
BRAZOS COUNTY,041,11 Years,2953,1501,1452,1179,589,590,438,234,204,127,75,52,136,62,74,1073,541,532
BRAZOS COUNTY,041,12 Years,2950,1537,1413,1161,607,554,442,227,215,124,68,56,149,64,85,1074,571,503
BRAZOS COUNTY,041,13 Years,2791,1412,1379,1077,557,520,423,207,216,120,60,60,120,59,61,1051,529,522
BRAZOS COUNTY,041,14 Years,2810,1449,1361,1116,584,532,401,192,209,143,82,61,98,56,42,1052,535,517
BRAZOS COUNTY,041,15 Years,2754,1435,1319,1099,584,515,432,219,213,140,79,61,111,51,60,972,502,470
BRAZOS COUNTY,041,16 Years,2802,1462,1340,1136,612,524,427,205,222,131,69,62,90,44,46,1018,532,486
BRAZOS COUNTY,041,17 Years,2889,1446,1443,1159,598,561,424,195,229,162,78,84,71,36,35,1073,539,534
BRAZOS COUNTY,041,18 Years,5834,2894,2940,3413,1655,1758,486,249,237,350,185,165,109,37,72,1476,768,708
BRAZOS COUNTY,041,19 Years,11072,5619,5453,7428,3732,3696,596,311,285,544,297,247,155,81,74,2349,1198,1151
BRAZOS COUNTY,041,20 Years,11026,5724,5302,7566,3868,3698,592,315,277,559,353,206,161,73,88,2148,1115,1033
BRAZOS COUNTY,041,21 Years,10385,5531,4854,7051,3767,3284,556,279,277,609,355,254,160,82,78,2009,1048,961
BRAZOS COUNTY,041,22 Years,8671,4868,3803,5717,3269,2448,505,249,256,545,322,223,118,57,61,1786,971,815
BRAZOS COUNTY,041,23 Years,5832,3420,2412,3370,2018,1352,487,262,225,481,305,176,96,52,44,1398,783,615
BRAZOS COUNTY,041,24 Years,4307,2376,1931,2295,1261,1034,402,207,195,416,255,161,75,31,44,1119,622,497
BRAZOS COUNTY,041,25 Years,3731,2026,1705,1850,980,870,419,217,202,406,248,158,70,37,33,986,544,442
BRAZOS COUNTY,041,26 Years,3457,1827,1630,1683,909,774,435,204,231,345,200,145,54,30,24,940,484,456
BRAZOS COUNTY,041,27 Years,3918,2010,1908,1954,1034,920,452,212,240,321,154,167,95,52,43,1096,558,538
BRAZOS COUNTY,041,28 Years,4169,2073,2096,2083,1032,1051,480,255,225,281,135,146,127,73,54,1198,578,620
BRAZOS COUNTY,041,29 Years,3956,1986,1970,2054,1098,956,447,214,233,223,112,111,137,70,67,1095,492,603
BRAZOS COUNTY,041,30 Years,3525,1703,1822,1765,849,916,385,196,189,272,143,129,130,65,65,973,450,523
BRAZOS COUNTY,041,31 Years,3126,1540,1586,1524,704,820,367,174,193,222,126,96,110,65,45,903,471,432
BRAZOS COUNTY,041,32 Years,2842,1385,1457,1302,604,698,365,172,193,244,152,92,89,47,42,842,410,432
BRAZOS COUNTY,041,33 Years,3102,1548,1554,1495,757,738,393,176,217,225,126,99,67,31,36,922,458,464
BRAZOS COUNTY,041,34 Years,3135,1587,1548,1545,788,757,388,173,215,204,101,103,72,36,36,926,489,437
BRAZOS COUNTY,041,35 Years,3045,1552,1493,1512,796,716,351,160,191,214,103,111,61,34,27,907,459,448
BRAZOS COUNTY,041,36 Years,3028,1581,1447,1443,761,682,380,172,208,213,112,101,60,34,26,932,502,430
BRAZOS COUNTY,041,37 Years,2983,1520,1463,1424,724,700,393,179,214,211,115,96,60,34,26,895,468,427
BRAZOS COUNTY,041,38 Years,2937,1487,1450,1424,716,708,364,176,188,214,120,94,54,29,25,881,446,435
BRAZOS COUNTY,041,39 Years,2803,1470,1333,1359,705,654,342,179,163,212,114,98,51,28,23,839,444,395
BRAZOS COUNTY,041,40 Years,2670,1353,1317,1344,686,658,294,143,151,199,105,94,46,26,20,787,393,394
BRAZOS COUNTY,041,41 Years,2555,1352,1203,1278,672,606,267,145,122,187,107,80,41,22,19,782,406,376
BRAZOS COUNTY,041,42 Years,2493,1285,1208,1240,649,591,279,144,135,201,105,96,35,14,21,738,373,365
BRAZOS COUNTY,041,43 Years,2332,1191,1141,1122,585,537,282,132,150,192,103,89,28,15,13,708,356,352
BRAZOS COUNTY,041,44 Years,2195,1118,1077,1013,522,491,242,104,138,198,110,88,28,12,16,714,370,344
BRAZOS COUNTY,041,45 Years,2163,1125,1038,1040,541,499,254,124,130,209,125,84,27,11,16,633,324,309
BRAZOS COUNTY,041,46 Years,2173,1098,1075,1049,524,525,260,125,135,196,112,84,29,12,17,639,325,314
BRAZOS COUNTY,041,47 Years,2182,1095,1087,1096,552,544,266,122,144,159,92,67,26,11,15,635,318,317
BRAZOS COUNTY,041,48 Years,2241,1082,1159,1191,584,607,288,123,165,135,67,68,22,8,14,605,300,305
BRAZOS COUNTY,041,49 Years,2163,1048,1115,1174,569,605,256,108,148,135,59,76,21,10,11,577,302,275
BRAZOS COUNTY,041,50 Years,1999,968,1031,1070,512,558,251,124,127,124,56,68,22,7,15,532,269,263
BRAZOS COUNTY,041,51 Years,1937,974,963,1024,515,509,270,139,131,85,40,45,22,9,13,536,271,265
BRAZOS COUNTY,041,52 Years,1909,947,962,1009,499,510,275,123,152,93,53,40,19,8,11,513,264,249
BRAZOS COUNTY,041,53 Years,1944,964,980,1038,507,531,285,130,155,109,60,49,18,10,8,494,257,237
BRAZOS COUNTY,041,54 Years,1977,972,1005,1071,523,548,283,137,146,103,54,49,17,8,9,503,250,253
BRAZOS COUNTY,041,55 Years,2015,1000,1015,1080,525,555,274,129,145,119,67,52,20,10,10,522,269,253
BRAZOS COUNTY,041,56 Years,1956,959,997,1110,523,587,271,124,147,100,67,33,23,13,10,452,232,220
BRAZOS COUNTY,041,57 Years,1858,896,962,1094,511,583,256,114,142,102,70,32,22,9,13,384,192,192
BRAZOS COUNTY,041,58 Years,1948,930,1018,1183,550,633,235,109,126,97,53,44,20,10,10,413,208,205
BRAZOS COUNTY,041,59 Years,1971,956,1015,1211,570,641,262,125,137,90,46,44,21,10,11,387,205,182
BRAZOS COUNTY,041,60 Years,1833,896,937,1158,568,590,222,95,127,86,42,44,15,6,9,352,185,167
BRAZOS COUNTY,041,61 Years,1855,916,939,1173,579,594,226,104,122,76,39,37,17,7,10,363,187,176
BRAZOS COUNTY,041,62 Years,1868,897,971,1198,574,624,230,103,127,73,37,36,17,6,11,350,177,173
BRAZOS COUNTY,041,63 Years,1752,826,926,1185,556,629,190,88,102,62,35,27,15,6,9,300,141,159
BRAZOS COUNTY,041,64 Years,1666,786,880,1114,525,589,194,88,106,60,33,27,18,9,9,280,131,149
BRAZOS COUNTY,041,65 Years,1628,777,851,1116,519,597,181,82,99,54,28,26,18,11,7,259,137,122
BRAZOS COUNTY,041,66 Years,1544,753,791,1088,531,557,165,73,92,51,21,30,12,6,6,228,122,106
BRAZOS COUNTY,041,67 Years,1464,702,762,1028,478,550,172,78,94,50,24,26,16,10,6,198,112,86
BRAZOS COUNTY,041,68 Years,1343,643,700,942,452,490,152,69,83,56,22,34,12,4,8,181,96,85
BRAZOS COUNTY,041,69 Years,1310,632,678,938,468,470,138,63,75,48,18,30,12,6,6,174,77,97
BRAZOS COUNTY,041,70 Years,1174,554,620,864,407,457,111,50,61,33,17,16,12,7,5,154,73,81
BRAZOS COUNTY,041,71 Years,1240,566,674,926,420,506,111,54,57,31,13,18,13,6,7,159,73,86
BRAZOS COUNTY,041,72 Years,1252,586,666,944,440,504,117,56,61,29,16,13,13,6,7,149,68,81
BRAZOS COUNTY,041,73 Years,1012,465,547,756,356,400,84,33,51,28,12,16,14,6,8,130,58,72
BRAZOS COUNTY,041,74 Years,953,424,529,698,321,377,84,32,52,26,12,14,10,5,5,135,54,81
BRAZOS COUNTY,041,75 Years,893,399,494,673,297,376,78,31,47,23,15,8,10,6,4,109,50,59
BRAZOS COUNTY,041,76 Years,825,381,444,636,298,338,71,27,44,15,9,6,8,4,4,95,43,52
BRAZOS COUNTY,041,77 Years,747,340,407,584,270,314,58,23,35,11,6,5,8,4,4,86,37,49
BRAZOS COUNTY,041,78 Years,689,299,390,538,231,307,59,23,36,12,5,7,7,3,4,73,37,36
BRAZOS COUNTY,041,79 Years,626,257,369,493,202,291,59,21,38,10,5,5,9,4,5,55,25,30
BRAZOS COUNTY,041,80 Years,579,251,328,462,205,257,59,24,35,10,5,5,4,1,3,44,16,28
BRAZOS COUNTY,041,81 Years,575,245,330,452,199,253,54,21,33,10,4,6,7,2,5,52,19,33
BRAZOS COUNTY,041,82 Years,508,212,296,386,166,220,45,15,30,7,3,4,5,2,3,65,26,39
BRAZOS COUNTY,041,83 Years,450,187,263,341,146,195,44,14,30,7,2,5,4,1,3,54,24,30
BRAZOS COUNTY,041,84 Years,408,172,236,313,138,175,40,12,28,9,2,7,3,2,1,43,18,25
BRAZOS COUNTY,041,85 Years,394,161,233,313,134,179,32,7,25,8,1,7,3,2,1,38,17,21
BRAZOS COUNTY,041,86 Years,340,133,207,265,109,156,33,11,22,4,1,3,4,1,3,34,11,23
BRAZOS COUNTY,041,87 Years,304,114,190,244,99,145,26,8,18,4,1,3,1,0,1,29,6,23
BRAZOS COUNTY,041,88 Years,254,93,161,214,82,132,17,5,12,6,1,5,1,1,0,16,4,12
BRAZOS COUNTY,041,89 Years,219,81,138,173,64,109,20,7,13,2,1,1,3,1,2,21,8,13
BRAZOS COUNTY,041,90 Years,180,64,116,143,51,92,17,4,13,3,1,2,2,1,1,15,7,8
BRAZOS COUNTY,041,91 Years,160,53,107,133,45,88,10,3,7,3,1,2,2,0,2,12,4,8
BRAZOS COUNTY,041,92 Years,127,42,85,98,34,64,11,3,8,2,1,1,2,1,1,14,3,11
BRAZOS COUNTY,041,93 Years,106,31,75,84,25,59,9,2,7,3,1,2,2,1,1,8,2,6
BRAZOS COUNTY,041,94 Years,84,27,57,69,21,48,7,2,5,3,2,1,1,1,0,4,1,3
BRAZOS COUNTY,041,95 Years +,217,59,158,162,43,119,27,5,22,7,4,3,0,0,0,21,7,14
BREWSTER COUNTY,043,All Ages,9092,4523,4569,4664,2300,2364,88,65,23,83,37,46,267,130,137,3990,1991,1999
BREWSTER COUNTY,043,< 1 Year,121,67,54,45,22,23,1,0,1,3,2,1,13,11,2,59,32,27
BREWSTER COUNTY,043,1 Years,112,61,51,45,25,20,2,1,1,1,0,1,8,5,3,56,30,26
BREWSTER COUNTY,043,2 Years,122,62,60,44,22,22,3,2,1,4,2,2,13,8,5,58,28,30
BREWSTER COUNTY,043,3 Years,121,59,62,45,21,24,2,1,1,6,3,3,13,7,6,55,27,28
BREWSTER COUNTY,043,4 Years,126,57,69,52,22,30,2,0,2,5,3,2,13,6,7,54,26,28
BREWSTER COUNTY,043,5 Years,127,59,68,59,26,33,0,0,0,3,1,2,10,4,6,55,28,27
BREWSTER COUNTY,043,6 Years,134,60,74,65,31,34,0,0,0,0,0,0,9,1,8,60,28,32
BREWSTER COUNTY,043,7 Years,132,62,70,62,33,29,0,0,0,0,0,0,9,1,8,61,28,33
BREWSTER COUNTY,043,8 Years,135,67,68,63,34,29,1,0,1,0,0,0,11,4,7,60,29,31
BREWSTER COUNTY,043,9 Years,134,63,71,64,35,29,0,0,0,0,0,0,8,3,5,62,25,37
BREWSTER COUNTY,043,10 Years,90,44,46,42,22,20,1,1,0,2,1,1,4,2,2,41,18,23
BREWSTER COUNTY,043,11 Years,82,41,41,37,17,20,0,0,0,1,1,0,3,1,2,41,22,19
BREWSTER COUNTY,043,12 Years,83,42,41,33,15,18,1,0,1,2,1,1,2,1,1,45,25,20
BREWSTER COUNTY,043,13 Years,101,50,51,46,21,25,1,0,1,2,1,1,3,2,1,49,26,23
BREWSTER COUNTY,043,14 Years,89,39,50,35,13,22,1,1,0,1,0,1,4,3,1,48,22,26
BREWSTER COUNTY,043,15 Years,92,51,41,43,24,19,1,1,0,0,0,0,2,1,1,46,25,21
BREWSTER COUNTY,043,16 Years,102,59,43,49,31,18,1,1,0,1,1,0,4,1,3,47,25,22
BREWSTER COUNTY,043,17 Years,105,62,43,47,30,17,2,2,0,3,1,2,4,2,2,49,27,22
BREWSTER COUNTY,043,18 Years,96,45,51,36,12,24,0,0,0,2,1,1,5,3,2,53,29,24
BREWSTER COUNTY,043,19 Years,107,58,49,42,20,22,2,1,1,0,0,0,3,2,1,60,35,25
BREWSTER COUNTY,043,20 Years,100,50,50,33,15,18,4,3,1,1,1,0,7,5,2,55,26,29
BREWSTER COUNTY,043,21 Years,100,48,52,36,21,15,5,4,1,1,0,1,5,0,5,53,23,30
BREWSTER COUNTY,043,22 Years,100,53,47,29,17,12,6,6,0,1,0,1,5,3,2,59,27,32
BREWSTER COUNTY,043,23 Years,110,53,57,40,17,23,4,4,0,3,1,2,4,3,1,59,28,31
BREWSTER COUNTY,043,24 Years,88,44,44,25,11,14,5,3,2,1,1,0,3,2,1,54,27,27
BREWSTER COUNTY,043,25 Years,87,41,46,26,8,18,3,3,0,1,0,1,1,1,0,56,29,27
BREWSTER COUNTY,043,26 Years,96,51,45,44,21,23,2,2,0,0,0,0,2,0,2,48,28,20
BREWSTER COUNTY,043,27 Years,86,46,40,40,23,17,0,0,0,0,0,0,3,3,0,43,20,23
BREWSTER COUNTY,043,28 Years,111,52,59,41,24,17,2,2,0,2,0,2,4,0,4,62,26,36
BREWSTER COUNTY,043,29 Years,115,58,57,42,20,22,2,2,0,0,0,0,3,0,3,68,36,32
BREWSTER COUNTY,043,30 Years,149,80,69,62,31,31,0,0,0,3,3,0,2,0,2,82,46,36
BREWSTER COUNTY,043,31 Years,134,71,63,62,31,31,0,0,0,2,1,1,1,0,1,69,39,30
BREWSTER COUNTY,043,32 Years,126,72,54,66,34,32,0,0,0,1,0,1,1,0,1,58,38,20
BREWSTER COUNTY,043,33 Years,125,60,65,71,34,37,0,0,0,0,0,0,2,1,1,52,25,27
BREWSTER COUNTY,043,34 Years,139,65,74,68,36,32,0,0,0,2,1,1,2,1,1,67,27,40
BREWSTER COUNTY,043,35 Years,132,74,58,69,41,28,0,0,0,1,0,1,2,2,0,60,31,29
BREWSTER COUNTY,043,36 Years,129,75,54,65,36,29,2,2,0,1,1,0,1,0,1,60,36,24
BREWSTER COUNTY,043,37 Years,123,63,60,69,32,37,0,0,0,1,1,0,1,1,0,52,29,23
BREWSTER COUNTY,043,38 Years,123,71,52,63,37,26,1,0,1,0,0,0,1,1,0,58,33,25
BREWSTER COUNTY,043,39 Years,122,69,53,61,33,28,0,0,0,0,0,0,3,3,0,58,33,25
BREWSTER COUNTY,043,40 Years,97,47,50,51,23,28,1,1,0,2,0,2,0,0,0,43,23,20
BREWSTER COUNTY,043,41 Years,100,47,53,54,25,29,0,0,0,1,0,1,2,2,0,43,20,23
BREWSTER COUNTY,043,42 Years,94,38,56,50,21,29,1,0,1,0,0,0,1,1,0,42,16,26
BREWSTER COUNTY,043,43 Years,98,50,48,49,27,22,2,2,0,0,0,0,1,1,0,46,20,26
BREWSTER COUNTY,043,44 Years,113,59,54,58,29,29,2,2,0,0,0,0,0,0,0,53,28,25
BREWSTER COUNTY,043,45 Years,90,51,39,47,28,19,2,1,1,1,0,1,1,1,0,39,21,18
BREWSTER COUNTY,043,46 Years,85,46,39,42,24,18,0,0,0,1,0,1,1,0,1,41,22,19
BREWSTER COUNTY,043,47 Years,101,48,53,53,25,28,0,0,0,1,0,1,0,0,0,47,23,24
BREWSTER COUNTY,043,48 Years,98,50,48,52,27,25,0,0,0,3,2,1,1,1,0,42,20,22
BREWSTER COUNTY,043,49 Years,106,52,54,55,26,29,1,1,0,1,1,0,3,1,2,46,23,23
BREWSTER COUNTY,043,50 Years,99,51,48,47,25,22,1,1,0,1,0,1,1,0,1,49,25,24
BREWSTER COUNTY,043,51 Years,107,50,57,53,25,28,0,0,0,2,2,0,1,0,1,51,23,28
BREWSTER COUNTY,043,52 Years,106,48,58,46,21,25,3,2,1,1,0,1,5,3,2,51,22,29
BREWSTER COUNTY,043,53 Years,89,43,46,41,19,22,2,1,1,1,0,1,3,2,1,42,21,21
BREWSTER COUNTY,043,54 Years,110,48,62,51,22,29,1,1,0,0,0,0,5,2,3,53,23,30
BREWSTER COUNTY,043,55 Years,113,48,65,57,23,34,1,0,1,0,0,0,0,0,0,55,25,30
BREWSTER COUNTY,043,56 Years,108,49,59,59,23,36,0,0,0,0,0,0,1,0,1,48,26,22
BREWSTER COUNTY,043,57 Years,113,46,67,71,30,41,1,1,0,0,0,0,0,0,0,41,15,26
BREWSTER COUNTY,043,58 Years,112,53,59,58,29,29,1,1,0,0,0,0,1,0,1,52,23,29
BREWSTER COUNTY,043,59 Years,113,55,58,62,27,35,1,1,0,1,0,1,0,0,0,49,27,22
BREWSTER COUNTY,043,60 Years,109,49,60,59,25,34,0,0,0,2,1,1,2,1,1,46,22,24
BREWSTER COUNTY,043,61 Years,107,51,56,61,25,36,0,0,0,1,1,0,0,0,0,45,25,20
BREWSTER COUNTY,043,62 Years,123,61,62,75,38,37,0,0,0,0,0,0,1,0,1,47,23,24
BREWSTER COUNTY,043,63 Years,123,56,67,81,37,44,3,1,2,0,0,0,0,0,0,39,18,21
BREWSTER COUNTY,043,64 Years,130,63,67,86,36,50,2,2,0,1,0,1,1,1,0,40,24,16
BREWSTER COUNTY,043,65 Years,128,62,66,79,35,44,1,1,0,1,0,1,0,0,0,47,26,21
BREWSTER COUNTY,043,66 Years,136,70,66,88,45,43,0,0,0,1,0,1,1,0,1,46,25,21
BREWSTER COUNTY,043,67 Years,125,69,56,82,48,34,0,0,0,0,0,0,1,0,1,42,21,21
BREWSTER COUNTY,043,68 Years,107,57,50,62,31,31,1,1,0,0,0,0,4,1,3,40,24,16
BREWSTER COUNTY,043,69 Years,129,59,70,85,35,50,1,1,0,0,0,0,5,3,2,38,20,18
BREWSTER COUNTY,043,70 Years,126,55,71,90,40,50,1,0,1,0,0,0,4,1,3,31,14,17
BREWSTER COUNTY,043,71 Years,112,61,51,79,46,33,0,0,0,0,0,0,4,2,2,29,13,16
BREWSTER COUNTY,043,72 Years,115,62,53,87,46,41,0,0,0,0,0,0,3,2,1,25,14,11
BREWSTER COUNTY,043,73 Years,94,50,44,65,37,28,0,0,0,1,0,1,2,1,1,26,12,14
BREWSTER COUNTY,043,74 Years,86,45,41,54,32,22,0,0,0,0,0,0,3,2,1,29,11,18
BREWSTER COUNTY,043,75 Years,81,39,42,52,29,23,0,0,0,1,0,1,3,1,2,25,9,16
BREWSTER COUNTY,043,76 Years,77,38,39,49,28,21,0,0,0,0,0,0,2,1,1,26,9,17
BREWSTER COUNTY,043,77 Years,69,31,38,51,23,28,0,0,0,0,0,0,1,0,1,17,8,9
BREWSTER COUNTY,043,78 Years,66,31,35,49,24,25,0,0,0,0,0,0,1,1,0,16,6,10
BREWSTER COUNTY,043,79 Years,63,34,29,43,24,19,0,0,0,0,0,0,1,1,0,19,9,10
BREWSTER COUNTY,043,80 Years,61,32,29,41,21,20,0,0,0,1,1,0,1,1,0,18,9,9
BREWSTER COUNTY,043,81 Years,49,29,20,34,21,13,0,0,0,1,1,0,1,1,0,13,6,7
BREWSTER COUNTY,043,82 Years,39,25,14,24,15,9,1,1,0,0,0,0,1,1,0,13,8,5
BREWSTER COUNTY,043,83 Years,31,18,13,18,11,7,1,1,0,0,0,0,0,0,0,12,6,6
BREWSTER COUNTY,043,84 Years,39,16,23,24,11,13,0,0,0,0,0,0,0,0,0,15,5,10
BREWSTER COUNTY,043,85 Years,27,13,14,16,8,8,0,0,0,0,0,0,0,0,0,11,5,6
BREWSTER COUNTY,043,86 Years,25,9,16,16,5,11,0,0,0,0,0,0,0,0,0,9,4,5
BREWSTER COUNTY,043,87 Years,21,8,13,13,4,9,0,0,0,0,0,0,0,0,0,8,4,4
BREWSTER COUNTY,043,88 Years,25,8,17,14,4,10,0,0,0,0,0,0,0,0,0,11,4,7
BREWSTER COUNTY,043,89 Years,21,7,14,12,3,9,0,0,0,0,0,0,1,1,0,8,3,5
BREWSTER COUNTY,043,90 Years,17,8,9,11,5,6,0,0,0,0,0,0,0,0,0,6,3,3
BREWSTER COUNTY,043,91 Years,17,7,10,11,4,7,0,0,0,0,0,0,1,0,1,5,3,2
BREWSTER COUNTY,043,92 Years,14,4,10,8,2,6,0,0,0,0,0,0,1,0,1,5,2,3
BREWSTER COUNTY,043,93 Years,9,4,5,5,2,3,0,0,0,0,0,0,0,0,0,4,2,2
BREWSTER COUNTY,043,94 Years,10,3,7,6,1,5,0,0,0,0,0,0,0,0,0,4,2,2
BREWSTER COUNTY,043,95 Years +,23,6,17,12,2,10,0,0,0,0,0,0,1,0,1,10,4,6
BRISCOE COUNTY,045,All Ages,1572,785,787,1046,513,533,41,22,19,0,0,0,21,10,11,464,240,224
BRISCOE COUNTY,045,< 1 Year,21,9,12,12,6,6,0,0,0,0,0,0,0,0,0,9,3,6
BRISCOE COUNTY,045,1 Years,16,9,7,10,6,4,0,0,0,0,0,0,0,0,0,6,3,3
BRISCOE COUNTY,045,2 Years,17,9,8,11,5,6,0,0,0,0,0,0,0,0,0,6,4,2
BRISCOE COUNTY,045,3 Years,12,5,7,8,3,5,0,0,0,0,0,0,0,0,0,4,2,2
BRISCOE COUNTY,045,4 Years,13,6,7,6,2,4,0,0,0,0,0,0,0,0,0,7,4,3
BRISCOE COUNTY,045,5 Years,12,5,7,5,2,3,0,0,0,0,0,0,0,0,0,7,3,4
BRISCOE COUNTY,045,6 Years,13,6,7,5,1,4,0,0,0,0,0,0,0,0,0,8,5,3
BRISCOE COUNTY,045,7 Years,16,6,10,7,3,4,0,0,0,0,0,0,0,0,0,9,3,6
BRISCOE COUNTY,045,8 Years,16,8,8,6,4,2,0,0,0,0,0,0,0,0,0,10,4,6
BRISCOE COUNTY,045,9 Years,25,13,12,7,6,1,2,0,2,0,0,0,1,0,1,15,7,8
BRISCOE COUNTY,045,10 Years,17,8,9,8,3,5,0,0,0,0,0,0,1,0,1,8,5,3
BRISCOE COUNTY,045,11 Years,19,10,9,9,4,5,0,0,0,0,0,0,2,1,1,8,5,3
BRISCOE COUNTY,045,12 Years,23,11,12,9,3,6,0,0,0,0,0,0,0,0,0,14,8,6
BRISCOE COUNTY,045,13 Years,22,12,10,9,6,3,1,1,0,0,0,0,0,0,0,12,5,7
BRISCOE COUNTY,045,14 Years,20,11,9,11,6,5,1,1,0,0,0,0,0,0,0,8,4,4
BRISCOE COUNTY,045,15 Years,15,6,9,9,5,4,0,0,0,0,0,0,0,0,0,6,1,5
BRISCOE COUNTY,045,16 Years,19,12,7,11,8,3,1,0,1,0,0,0,0,0,0,7,4,3
BRISCOE COUNTY,045,17 Years,21,15,6,13,9,4,2,1,1,0,0,0,0,0,0,6,5,1
BRISCOE COUNTY,045,18 Years,15,9,6,9,5,4,1,1,0,0,0,0,0,0,0,5,3,2
BRISCOE COUNTY,045,19 Years,15,8,7,7,2,5,1,1,0,0,0,0,1,1,0,6,4,2
BRISCOE COUNTY,045,20 Years,17,11,6,10,6,4,1,1,0,0,0,0,0,0,0,6,4,2
BRISCOE COUNTY,045,21 Years,10,6,4,7,4,3,0,0,0,0,0,0,0,0,0,3,2,1
BRISCOE COUNTY,045,22 Years,12,7,5,6,3,3,0,0,0,0,0,0,1,0,1,5,4,1
BRISCOE COUNTY,045,23 Years,17,10,7,9,5,4,0,0,0,0,0,0,1,0,1,7,5,2
BRISCOE COUNTY,045,24 Years,14,8,6,8,4,4,0,0,0,0,0,0,0,0,0,6,4,2
BRISCOE COUNTY,045,25 Years,19,11,8,10,6,4,1,1,0,0,0,0,3,1,2,5,3,2
BRISCOE COUNTY,045,26 Years,16,11,5,8,5,3,1,1,0,0,0,0,1,1,0,6,4,2
BRISCOE COUNTY,045,27 Years,17,10,7,9,4,5,0,0,0,0,0,0,1,1,0,7,5,2
BRISCOE COUNTY,045,28 Years,13,8,5,7,4,3,0,0,0,0,0,0,0,0,0,6,4,2
BRISCOE COUNTY,045,29 Years,13,9,4,6,4,2,0,0,0,0,0,0,0,0,0,7,5,2
BRISCOE COUNTY,045,30 Years,13,7,6,5,3,2,0,0,0,0,0,0,0,0,0,8,4,4
BRISCOE COUNTY,045,31 Years,16,10,6,7,5,2,0,0,0,0,0,0,1,0,1,8,5,3
BRISCOE COUNTY,045,32 Years,10,3,7,4,2,2,0,0,0,0,0,0,1,0,1,5,1,4
BRISCOE COUNTY,045,33 Years,15,8,7,8,4,4,2,2,0,0,0,0,0,0,0,5,2,3
BRISCOE COUNTY,045,34 Years,11,5,6,6,3,3,1,1,0,0,0,0,0,0,0,4,1,3
BRISCOE COUNTY,045,35 Years,12,8,4,10,7,3,0,0,0,0,0,0,0,0,0,2,1,1
BRISCOE COUNTY,045,36 Years,12,6,6,7,3,4,0,0,0,0,0,0,0,0,0,5,3,2
BRISCOE COUNTY,045,37 Years,14,8,6,7,3,4,0,0,0,0,0,0,0,0,0,7,5,2
BRISCOE COUNTY,045,38 Years,18,11,7,12,7,5,0,0,0,0,0,0,0,0,0,6,4,2
BRISCOE COUNTY,045,39 Years,18,9,9,12,5,7,0,0,0,0,0,0,0,0,0,6,4,2
BRISCOE COUNTY,045,40 Years,13,3,10,6,1,5,0,0,0,0,0,0,0,0,0,7,2,5
BRISCOE COUNTY,045,41 Years,16,7,9,9,5,4,0,0,0,0,0,0,0,0,0,7,2,5
BRISCOE COUNTY,045,42 Years,21,15,6,10,8,2,2,1,1,0,0,0,0,0,0,9,6,3
BRISCOE COUNTY,045,43 Years,24,11,13,15,7,8,1,0,1,0,0,0,0,0,0,8,4,4
BRISCOE COUNTY,045,44 Years,23,12,11,17,9,8,1,0,1,0,0,0,0,0,0,5,3,2
BRISCOE COUNTY,045,45 Years,16,9,7,8,4,4,0,0,0,0,0,0,1,1,0,7,4,3
BRISCOE COUNTY,045,46 Years,19,9,10,11,5,6,1,0,1,0,0,0,0,0,0,7,4,3
BRISCOE COUNTY,045,47 Years,18,9,9,14,7,7,0,0,0,0,0,0,0,0,0,4,2,2
BRISCOE COUNTY,045,48 Years,16,7,9,14,6,8,0,0,0,0,0,0,0,0,0,2,1,1
BRISCOE COUNTY,045,49 Years,17,8,9,11,6,5,1,1,0,0,0,0,0,0,0,5,1,4
BRISCOE COUNTY,045,50 Years,23,11,12,16,9,7,1,1,0,0,0,0,0,0,0,6,1,5
BRISCOE COUNTY,045,51 Years,12,6,6,7,4,3,0,0,0,0,0,0,0,0,0,5,2,3
BRISCOE COUNTY,045,52 Years,15,8,7,13,7,6,0,0,0,0,0,0,0,0,0,2,1,1
BRISCOE COUNTY,045,53 Years,15,7,8,12,6,6,0,0,0,0,0,0,0,0,0,3,1,2
BRISCOE COUNTY,045,54 Years,25,11,14,21,10,11,1,0,1,0,0,0,0,0,0,3,1,2
BRISCOE COUNTY,045,55 Years,23,7,16,15,6,9,0,0,0,0,0,0,0,0,0,8,1,7
BRISCOE COUNTY,045,56 Years,21,10,11,15,6,9,0,0,0,0,0,0,1,1,0,5,3,2
BRISCOE COUNTY,045,57 Years,28,16,12,19,9,10,0,0,0,0,0,0,0,0,0,9,7,2
BRISCOE COUNTY,045,58 Years,24,15,9,18,10,8,0,0,0,0,0,0,0,0,0,6,5,1
BRISCOE COUNTY,045,59 Years,24,11,13,18,8,10,0,0,0,0,0,0,0,0,0,6,3,3
BRISCOE COUNTY,045,60 Years,21,11,10,15,9,6,0,0,0,0,0,0,0,0,0,6,2,4
BRISCOE COUNTY,045,61 Years,17,7,10,13,5,8,0,0,0,0,0,0,0,0,0,4,2,2
BRISCOE COUNTY,045,62 Years,23,11,12,18,8,10,1,1,0,0,0,0,0,0,0,4,2,2
BRISCOE COUNTY,045,63 Years,21,9,12,18,7,11,1,1,0,0,0,0,0,0,0,2,1,1
BRISCOE COUNTY,045,64 Years,20,8,12,16,6,10,1,1,0,0,0,0,1,0,1,2,1,1
BRISCOE COUNTY,045,65 Years,21,9,12,18,8,10,1,0,1,0,0,0,0,0,0,2,1,1
BRISCOE COUNTY,045,66 Years,20,11,9,18,9,9,0,0,0,0,0,0,1,1,0,1,1,0
BRISCOE COUNTY,045,67 Years,20,10,10,19,9,10,0,0,0,0,0,0,0,0,0,1,1,0
BRISCOE COUNTY,045,68 Years,18,9,9,15,7,8,1,0,1,0,0,0,1,1,0,1,1,0
BRISCOE COUNTY,045,69 Years,18,7,11,15,5,10,0,0,0,0,0,0,0,0,0,3,2,1
BRISCOE COUNTY,045,70 Years,22,9,13,18,8,10,0,0,0,0,0,0,0,0,0,4,1,3
BRISCOE COUNTY,045,71 Years,24,11,13,19,9,10,2,1,1,0,0,0,0,0,0,3,1,2
BRISCOE COUNTY,045,72 Years,28,14,14,23,12,11,1,0,1,0,0,0,1,1,0,3,1,2
BRISCOE COUNTY,045,73 Years,30,16,14,25,14,11,1,0,1,0,0,0,0,0,0,4,2,2
BRISCOE COUNTY,045,74 Years,18,10,8,14,9,5,0,0,0,0,0,0,0,0,0,4,1,3
BRISCOE COUNTY,045,75 Years,23,11,12,17,8,9,2,2,0,0,0,0,0,0,0,4,1,3
BRISCOE COUNTY,045,76 Years,22,11,11,18,8,10,1,1,0,0,0,0,0,0,0,3,2,1
BRISCOE COUNTY,045,77 Years,20,9,11,17,8,9,0,0,0,0,0,0,1,0,1,2,1,1
BRISCOE COUNTY,045,78 Years,15,9,6,14,8,6,0,0,0,0,0,0,0,0,0,1,1,0
BRISCOE COUNTY,045,79 Years,16,8,8,15,7,8,0,0,0,0,0,0,0,0,0,1,1,0
BRISCOE COUNTY,045,80 Years,13,4,9,11,3,8,0,0,0,0,0,0,0,0,0,2,1,1
BRISCOE COUNTY,045,81 Years,12,5,7,10,4,6,0,0,0,0,0,0,0,0,0,2,1,1
BRISCOE COUNTY,045,82 Years,11,4,7,10,4,6,0,0,0,0,0,0,0,0,0,1,0,1
BRISCOE COUNTY,045,83 Years,11,4,7,9,4,5,1,0,1,0,0,0,0,0,0,1,0,1
BRISCOE COUNTY,045,84 Years,10,3,7,8,3,5,1,0,1,0,0,0,0,0,0,1,0,1
BRISCOE COUNTY,045,85 Years,9,4,5,7,3,4,0,0,0,0,0,0,0,0,0,2,1,1
BRISCOE COUNTY,045,86 Years,7,3,4,7,3,4,0,0,0,0,0,0,0,0,0,0,0,0
BRISCOE COUNTY,045,87 Years,9,5,4,7,3,4,0,0,0,0,0,0,0,0,0,2,2,0
BRISCOE COUNTY,045,88 Years,6,3,3,5,2,3,0,0,0,0,0,0,0,0,0,1,1,0
BRISCOE COUNTY,045,89 Years,7,3,4,5,2,3,0,0,0,0,0,0,0,0,0,2,1,1
BRISCOE COUNTY,045,90 Years,4,2,2,4,2,2,0,0,0,0,0,0,0,0,0,0,0,0
BRISCOE COUNTY,045,91 Years,5,2,3,4,2,2,0,0,0,0,0,0,0,0,0,1,0,1
BRISCOE COUNTY,045,92 Years,5,2,3,4,2,2,0,0,0,0,0,0,0,0,0,1,0,1
BRISCOE COUNTY,045,93 Years,4,1,3,3,1,2,0,0,0,0,0,0,0,0,0,1,0,1
BRISCOE COUNTY,045,94 Years,3,1,2,3,1,2,0,0,0,0,0,0,0,0,0,0,0,0
BRISCOE COUNTY,045,95 Years +,12,3,9,5,1,4,4,1,3,0,0,0,0,0,0,3,1,2
BROOKS COUNTY,047,All Ages,7115,3670,3445,607,297,310,18,10,8,17,10,7,20,7,13,6453,3346,3107
BROOKS COUNTY,047,< 1 Year,110,57,53,7,3,4,0,0,0,0,0,0,0,0,0,103,54,49
BROOKS COUNTY,047,1 Years,103,55,48,7,3,4,0,0,0,0,0,0,0,0,0,96,52,44
BROOKS COUNTY,047,2 Years,106,59,47,7,4,3,0,0,0,0,0,0,0,0,0,99,55,44
BROOKS COUNTY,047,3 Years,107,59,48,7,3,4,0,0,0,0,0,0,0,0,0,100,56,44
BROOKS COUNTY,047,4 Years,108,57,51,8,3,5,0,0,0,0,0,0,0,0,0,100,54,46
BROOKS COUNTY,047,5 Years,110,56,54,10,5,5,0,0,0,0,0,0,0,0,0,100,51,49
BROOKS COUNTY,047,6 Years,107,51,56,10,4,6,0,0,0,0,0,0,0,0,0,97,47,50
BROOKS COUNTY,047,7 Years,116,59,57,11,6,5,0,0,0,0,0,0,0,0,0,105,53,52
BROOKS COUNTY,047,8 Years,112,59,53,9,5,4,0,0,0,0,0,0,0,0,0,103,54,49
BROOKS COUNTY,047,9 Years,110,57,53,8,4,4,0,0,0,0,0,0,0,0,0,102,53,49
BROOKS COUNTY,047,10 Years,95,53,42,7,3,4,0,0,0,0,0,0,0,0,0,88,50,38
BROOKS COUNTY,047,11 Years,96,52,44,10,7,3,0,0,0,1,0,1,0,0,0,85,45,40
BROOKS COUNTY,047,12 Years,110,61,49,7,5,2,0,0,0,0,0,0,1,0,1,102,56,46
BROOKS COUNTY,047,13 Years,106,61,45,9,6,3,0,0,0,0,0,0,0,0,0,97,55,42
BROOKS COUNTY,047,14 Years,93,46,47,7,4,3,0,0,0,0,0,0,0,0,0,86,42,44
BROOKS COUNTY,047,15 Years,88,46,42,4,3,1,1,0,1,0,0,0,2,2,0,81,41,40
BROOKS COUNTY,047,16 Years,72,32,40,4,0,4,0,0,0,0,0,0,1,1,0,67,31,36
BROOKS COUNTY,047,17 Years,94,47,47,8,2,6,0,0,0,0,0,0,0,0,0,86,45,41
BROOKS COUNTY,047,18 Years,86,42,44,5,3,2,0,0,0,0,0,0,1,0,1,80,39,41
BROOKS COUNTY,047,19 Years,82,48,34,6,3,3,1,1,0,0,0,0,1,1,0,74,43,31
BROOKS COUNTY,047,20 Years,83,52,31,6,4,2,1,0,1,0,0,0,0,0,0,76,48,28
BROOKS COUNTY,047,21 Years,85,49,36,7,4,3,0,0,0,0,0,0,0,0,0,78,45,33
BROOKS COUNTY,047,22 Years,84,50,34,5,4,1,0,0,0,0,0,0,0,0,0,79,46,33
BROOKS COUNTY,047,23 Years,90,50,40,4,2,2,0,0,0,0,0,0,1,0,1,85,48,37
BROOKS COUNTY,047,24 Years,85,51,34,4,1,3,0,0,0,0,0,0,1,0,1,80,50,30
BROOKS COUNTY,047,25 Years,87,52,35,3,2,1,0,0,0,0,0,0,0,0,0,84,50,34
BROOKS COUNTY,047,26 Years,114,63,51,6,2,4,0,0,0,0,0,0,0,0,0,108,61,47
BROOKS COUNTY,047,27 Years,117,68,49,5,2,3,0,0,0,0,0,0,0,0,0,112,66,46
BROOKS COUNTY,047,28 Years,111,63,48,3,1,2,0,0,0,1,1,0,1,0,1,106,61,45
BROOKS COUNTY,047,29 Years,114,61,53,4,2,2,0,0,0,1,1,0,2,1,1,107,57,50
BROOKS COUNTY,047,30 Years,101,61,40,4,2,2,1,1,0,1,1,0,0,0,0,95,57,38
BROOKS COUNTY,047,31 Years,111,64,47,8,2,6,0,0,0,0,0,0,0,0,0,103,62,41
BROOKS COUNTY,047,32 Years,100,55,45,6,2,4,1,1,0,2,1,1,0,0,0,91,51,40
BROOKS COUNTY,047,33 Years,88,41,47,5,2,3,0,0,0,1,0,1,1,0,1,81,39,42
BROOKS COUNTY,047,34 Years,84,49,35,5,2,3,0,0,0,0,0,0,1,0,1,78,47,31
BROOKS COUNTY,047,35 Years,89,54,35,6,3,3,0,0,0,0,0,0,0,0,0,83,51,32
BROOKS COUNTY,047,36 Years,88,41,47,6,1,5,1,1,0,0,0,0,0,0,0,81,39,42
BROOKS COUNTY,047,37 Years,85,40,45,6,3,3,3,1,2,0,0,0,0,0,0,76,36,40
BROOKS COUNTY,047,38 Years,98,51,47,6,3,3,1,1,0,0,0,0,0,0,0,91,47,44
BROOKS COUNTY,047,39 Years,80,36,44,6,3,3,1,1,0,0,0,0,0,0,0,73,32,41
BROOKS COUNTY,047,40 Years,64,35,29,4,2,2,0,0,0,0,0,0,0,0,0,60,33,27
BROOKS COUNTY,047,41 Years,69,39,30,3,1,2,0,0,0,0,0,0,0,0,0,66,38,28
BROOKS COUNTY,047,42 Years,60,28,32,5,0,5,0,0,0,0,0,0,0,0,0,55,28,27
BROOKS COUNTY,047,43 Years,66,28,38,5,2,3,0,0,0,0,0,0,0,0,0,61,26,35
BROOKS COUNTY,047,44 Years,66,38,28,4,2,2,2,1,1,1,1,0,1,1,0,58,33,25
BROOKS COUNTY,047,45 Years,51,33,18,4,3,1,0,0,0,1,1,0,0,0,0,46,29,17
BROOKS COUNTY,047,46 Years,76,38,38,11,6,5,0,0,0,1,1,0,0,0,0,64,31,33
BROOKS COUNTY,047,47 Years,71,29,42,8,4,4,0,0,0,1,1,0,1,1,0,61,23,38
BROOKS COUNTY,047,48 Years,63,29,34,7,3,4,0,0,0,0,0,0,0,0,0,56,26,30
BROOKS COUNTY,047,49 Years,56,28,28,7,3,4,0,0,0,0,0,0,0,0,0,49,25,24
BROOKS COUNTY,047,50 Years,58,25,33,3,1,2,0,0,0,0,0,0,0,0,0,55,24,31
BROOKS COUNTY,047,51 Years,60,33,27,2,2,0,1,0,1,1,1,0,1,0,1,55,30,25
BROOKS COUNTY,047,52 Years,70,40,30,4,2,2,0,0,0,1,1,0,0,0,0,65,37,28
BROOKS COUNTY,047,53 Years,72,37,35,5,3,2,0,0,0,0,0,0,0,0,0,67,34,33
BROOKS COUNTY,047,54 Years,78,40,38,6,4,2,0,0,0,0,0,0,0,0,0,72,36,36
BROOKS COUNTY,047,55 Years,72,36,36,5,4,1,1,1,0,0,0,0,0,0,0,66,31,35
BROOKS COUNTY,047,56 Years,82,41,41,8,4,4,1,1,0,0,0,0,0,0,0,73,36,37
BROOKS COUNTY,047,57 Years,91,42,49,8,3,5,0,0,0,0,0,0,0,0,0,83,39,44
BROOKS COUNTY,047,58 Years,78,40,38,7,2,5,0,0,0,0,0,0,0,0,0,71,38,33
BROOKS COUNTY,047,59 Years,82,35,47,4,2,2,0,0,0,0,0,0,0,0,0,78,33,45
BROOKS COUNTY,047,60 Years,73,41,32,7,4,3,0,0,0,0,0,0,0,0,0,66,37,29
BROOKS COUNTY,047,61 Years,69,31,38,6,4,2,0,0,0,1,0,1,0,0,0,62,27,35
BROOKS COUNTY,047,62 Years,79,37,42,7,3,4,0,0,0,0,0,0,1,0,1,71,34,37
BROOKS COUNTY,047,63 Years,79,42,37,10,5,5,0,0,0,0,0,0,0,0,0,69,37,32
BROOKS COUNTY,047,64 Years,84,38,46,10,5,5,0,0,0,2,0,2,0,0,0,72,33,39
BROOKS COUNTY,047,65 Years,78,43,35,11,5,6,0,0,0,0,0,0,0,0,0,67,38,29
BROOKS COUNTY,047,66 Years,77,39,38,11,5,6,0,0,0,0,0,0,0,0,0,66,34,32
BROOKS COUNTY,047,67 Years,69,36,33,8,3,5,0,0,0,0,0,0,0,0,0,61,33,28
BROOKS COUNTY,047,68 Years,73,41,32,7,5,2,0,0,0,0,0,0,0,0,0,66,36,30
BROOKS COUNTY,047,69 Years,73,32,41,9,3,6,0,0,0,0,0,0,0,0,0,64,29,35
BROOKS COUNTY,047,70 Years,71,33,38,9,3,6,0,0,0,0,0,0,0,0,0,62,30,32
BROOKS COUNTY,047,71 Years,72,39,33,11,6,5,0,0,0,0,0,0,0,0,0,61,33,28
BROOKS COUNTY,047,72 Years,77,36,41,9,5,4,0,0,0,0,0,0,0,0,0,68,31,37
BROOKS COUNTY,047,73 Years,72,39,33,7,5,2,0,0,0,0,0,0,0,0,0,65,34,31
BROOKS COUNTY,047,74 Years,83,44,39,10,6,4,0,0,0,0,0,0,0,0,0,73,38,35
BROOKS COUNTY,047,75 Years,62,31,31,3,1,2,0,0,0,0,0,0,0,0,0,59,30,29
BROOKS COUNTY,047,76 Years,59,30,29,9,5,4,0,0,0,0,0,0,0,0,0,50,25,25
BROOKS COUNTY,047,77 Years,54,26,28,8,5,3,0,0,0,0,0,0,1,0,1,45,21,24
BROOKS COUNTY,047,78 Years,46,23,23,7,6,1,0,0,0,0,0,0,1,0,1,38,17,21
BROOKS COUNTY,047,79 Years,51,22,29,7,4,3,0,0,0,1,0,1,0,0,0,43,18,25
BROOKS COUNTY,047,80 Years,52,21,31,5,2,3,0,0,0,0,0,0,0,0,0,47,19,28
BROOKS COUNTY,047,81 Years,43,20,23,6,4,2,0,0,0,0,0,0,0,0,0,37,16,21
BROOKS COUNTY,047,82 Years,38,18,20,5,2,3,0,0,0,0,0,0,0,0,0,33,16,17
BROOKS COUNTY,047,83 Years,38,20,18,11,6,5,0,0,0,0,0,0,0,0,0,27,14,13
BROOKS COUNTY,047,84 Years,35,15,20,5,4,1,0,0,0,0,0,0,0,0,0,30,11,19
BROOKS COUNTY,047,85 Years,30,11,19,6,4,2,0,0,0,0,0,0,1,0,1,23,7,16
BROOKS COUNTY,047,86 Years,19,7,12,3,1,2,0,0,0,0,0,0,0,0,0,16,6,10
BROOKS COUNTY,047,87 Years,18,5,13,3,1,2,0,0,0,0,0,0,0,0,0,15,4,11
BROOKS COUNTY,047,88 Years,26,7,19,4,0,4,0,0,0,0,0,0,0,0,0,22,7,15
BROOKS COUNTY,047,89 Years,28,9,19,6,2,4,1,0,1,0,0,0,0,0,0,21,7,14
BROOKS COUNTY,047,90 Years,22,6,16,4,1,3,1,0,1,0,0,0,0,0,0,17,5,12
BROOKS COUNTY,047,91 Years,20,7,13,4,1,3,0,0,0,0,0,0,0,0,0,16,6,10
BROOKS COUNTY,047,92 Years,14,6,8,4,2,2,0,0,0,0,0,0,0,0,0,10,4,6
BROOKS COUNTY,047,93 Years,9,4,5,2,1,1,0,0,0,0,0,0,0,0,0,7,3,4
BROOKS COUNTY,047,94 Years,10,3,7,2,1,1,0,0,0,0,0,0,0,0,0,8,2,6
BROOKS COUNTY,047,95 Years +,22,6,16,5,1,4,0,0,0,0,0,0,0,0,0,17,5,12
BROWN COUNTY,049,All Ages,38993,19218,19775,27372,13310,14062,1482,807,675,187,85,102,833,425,408,9119,4591,4528
BROWN COUNTY,049,< 1 Year,424,221,203,239,130,109,17,10,7,2,1,1,11,5,6,155,75,80
BROWN COUNTY,049,1 Years,423,222,201,240,130,110,19,10,9,2,1,1,11,5,6,151,76,75
BROWN COUNTY,049,2 Years,439,229,210,249,131,118,21,12,9,2,1,1,11,4,7,156,81,75
BROWN COUNTY,049,3 Years,446,232,214,258,127,131,22,13,9,4,3,1,14,8,6,148,81,67
BROWN COUNTY,049,4 Years,459,236,223,273,131,142,19,12,7,4,3,1,15,9,6,148,81,67
BROWN COUNTY,049,5 Years,460,235,225,280,136,144,21,11,10,3,3,0,17,12,5,139,73,66
BROWN COUNTY,049,6 Years,462,230,232,294,144,150,19,8,11,4,3,1,12,9,3,133,66,67
BROWN COUNTY,049,7 Years,460,220,240,289,136,153,21,11,10,4,3,1,13,8,5,133,62,71
BROWN COUNTY,049,8 Years,455,224,231,276,136,140,19,8,11,5,3,2,15,7,8,140,70,70
BROWN COUNTY,049,9 Years,463,245,218,269,161,108,25,15,10,3,2,1,13,7,6,153,60,93
BROWN COUNTY,049,10 Years,457,249,208,266,146,120,21,13,8,2,2,0,18,9,9,150,79,71
BROWN COUNTY,049,11 Years,445,242,203,249,135,114,16,7,9,3,2,1,18,14,4,159,84,75
BROWN COUNTY,049,12 Years,501,258,243,295,147,148,18,7,11,2,0,2,17,11,6,169,93,76
BROWN COUNTY,049,13 Years,495,257,238,259,140,119,16,7,9,4,1,3,16,10,6,200,99,101
BROWN COUNTY,049,14 Years,488,241,247,270,134,136,13,4,9,3,2,1,15,9,6,187,92,95
BROWN COUNTY,049,15 Years,530,262,268,304,156,148,20,6,14,2,1,1,24,11,13,180,88,92
BROWN COUNTY,049,16 Years,567,304,263,333,186,147,21,5,16,1,0,1,21,8,13,191,105,86
BROWN COUNTY,049,17 Years,561,275,286,334,168,166,19,6,13,3,2,1,16,6,10,189,93,96
BROWN COUNTY,049,18 Years,497,255,242,311,171,140,16,6,10,1,0,1,18,9,9,151,69,82
BROWN COUNTY,049,19 Years,465,232,233,272,140,132,18,6,12,1,0,1,21,12,9,153,74,79
BROWN COUNTY,049,20 Years,437,223,214,242,128,114,14,9,5,2,2,0,18,10,8,161,74,87
BROWN COUNTY,049,21 Years,431,215,216,244,127,117,16,6,10,2,0,2,14,8,6,155,74,81
BROWN COUNTY,049,22 Years,419,205,214,249,132,117,18,9,9,0,0,0,10,4,6,142,60,82
BROWN COUNTY,049,23 Years,411,199,212,251,125,126,17,7,10,0,0,0,10,4,6,133,63,70
BROWN COUNTY,049,24 Years,403,189,214,241,115,126,21,10,11,1,0,1,6,3,3,134,61,73
BROWN COUNTY,049,25 Years,428,220,208,244,126,118,31,15,16,1,0,1,10,7,3,142,72,70
BROWN COUNTY,049,26 Years,441,226,215,236,118,118,43,22,21,2,1,1,9,6,3,151,79,72
BROWN COUNTY,049,27 Years,500,275,225,282,152,130,33,22,11,1,1,0,13,5,8,171,95,76
BROWN COUNTY,049,28 Years,538,292,246,338,182,156,33,20,13,3,1,2,14,5,9,150,84,66
BROWN COUNTY,049,29 Years,551,293,258,339,174,165,35,21,14,3,1,2,10,4,6,164,93,71
BROWN COUNTY,049,30 Years,539,267,272,337,165,172,25,10,15,4,1,3,9,5,4,164,86,78
BROWN COUNTY,049,31 Years,526,256,270,337,162,175,23,13,10,3,1,2,11,6,5,152,74,78
BROWN COUNTY,049,32 Years,499,234,265,309,136,173,27,15,12,2,1,1,12,4,8,149,78,71
BROWN COUNTY,049,33 Years,471,248,223,285,135,150,20,16,4,1,1,0,12,3,9,153,93,60
BROWN COUNTY,049,34 Years,431,219,212,269,130,139,22,17,5,3,1,2,11,7,4,126,64,62
BROWN COUNTY,049,35 Years,461,220,241,301,133,168,19,15,4,2,0,2,6,4,2,133,68,65
BROWN COUNTY,049,36 Years,454,222,232,315,150,165,17,13,4,2,1,1,5,3,2,115,55,60
BROWN COUNTY,049,37 Years,441,210,231,306,145,161,17,12,5,1,1,0,3,1,2,114,51,63
BROWN COUNTY,049,38 Years,444,229,215,304,154,150,23,14,9,1,1,0,4,1,3,112,59,53
BROWN COUNTY,049,39 Years,438,219,219,312,154,158,17,10,7,1,0,1,5,0,5,103,55,48
BROWN COUNTY,049,40 Years,458,240,218,318,175,143,20,12,8,4,1,3,3,2,1,113,50,63
BROWN COUNTY,049,41 Years,421,221,200,296,159,137,19,15,4,3,1,2,2,2,0,101,44,57
BROWN COUNTY,049,42 Years,414,212,202,291,146,145,17,13,4,3,1,2,4,2,2,99,50,49
BROWN COUNTY,049,43 Years,418,197,221,269,122,147,22,17,5,5,2,3,6,4,2,116,52,64
BROWN COUNTY,049,44 Years,423,213,210,274,126,148,17,13,4,5,3,2,9,5,4,118,66,52
BROWN COUNTY,049,45 Years,425,215,210,288,138,150,14,10,4,5,2,3,6,3,3,112,62,50
BROWN COUNTY,049,46 Years,436,224,212,306,157,149,14,7,7,5,1,4,9,4,5,102,55,47
BROWN COUNTY,049,47 Years,477,229,248,344,165,179,13,7,6,3,1,2,4,1,3,113,55,58
BROWN COUNTY,049,48 Years,466,222,244,336,169,167,15,8,7,2,0,2,2,1,1,111,44,67
BROWN COUNTY,049,49 Years,473,252,221,355,186,169,17,12,5,3,1,2,4,3,1,94,50,44
BROWN COUNTY,049,50 Years,441,227,214,315,159,156,21,13,8,3,1,2,11,6,5,91,48,43
BROWN COUNTY,049,51 Years,429,226,203,309,163,146,18,10,8,3,2,1,7,3,4,92,48,44
BROWN COUNTY,049,52 Years,417,208,209,301,149,152,16,9,7,2,1,1,5,4,1,93,45,48
BROWN COUNTY,049,53 Years,436,217,219,321,160,161,14,8,6,3,1,2,5,2,3,93,46,47
BROWN COUNTY,049,54 Years,461,230,231,348,173,175,12,7,5,3,2,1,9,4,5,89,44,45
BROWN COUNTY,049,55 Years,485,256,229,365,188,177,14,7,7,4,2,2,8,4,4,94,55,39
BROWN COUNTY,049,56 Years,544,264,280,418,190,228,18,9,9,1,1,0,10,7,3,97,57,40
BROWN COUNTY,049,57 Years,522,256,266,406,197,209,15,7,8,0,0,0,12,5,7,89,47,42
BROWN COUNTY,049,58 Years,522,259,263,402,190,212,21,15,6,1,1,0,8,2,6,90,51,39
BROWN COUNTY,049,59 Years,545,264,281,429,198,231,20,15,5,2,1,1,9,3,6,85,47,38
BROWN COUNTY,049,60 Years,532,273,259,419,214,205,22,12,10,1,1,0,7,2,5,83,44,39
BROWN COUNTY,049,61 Years,506,246,260,405,195,210,22,10,12,1,0,1,7,5,2,71,36,35
BROWN COUNTY,049,62 Years,528,249,279,424,196,228,22,10,12,2,1,1,6,2,4,74,40,34
BROWN COUNTY,049,63 Years,506,238,268,427,202,225,14,6,8,1,0,1,6,3,3,58,27,31
BROWN COUNTY,049,64 Years,496,236,260,413,195,218,18,11,7,3,0,3,8,4,4,54,26,28
BROWN COUNTY,049,65 Years,473,227,246,380,186,194,16,9,7,2,1,1,12,4,8,63,27,36
BROWN COUNTY,049,66 Years,472,224,248,388,183,205,15,7,8,1,1,0,7,4,3,61,29,32
BROWN COUNTY,049,67 Years,471,223,248,388,180,208,14,8,6,2,0,2,6,2,4,61,33,28
BROWN COUNTY,049,68 Years,462,212,250,394,178,216,9,6,3,1,0,1,5,4,1,53,24,29
BROWN COUNTY,049,69 Years,475,220,255,395,183,212,10,5,5,1,0,1,9,4,5,60,28,32
BROWN COUNTY,049,70 Years,503,249,254,428,211,217,6,2,4,2,1,1,11,7,4,56,28,28
BROWN COUNTY,049,71 Years,467,218,249,397,183,214,11,5,6,2,1,1,12,8,4,45,21,24
BROWN COUNTY,049,72 Years,475,228,247,413,196,217,11,5,6,0,0,0,9,3,6,42,24,18
BROWN COUNTY,049,73 Years,397,196,201,343,170,173,7,4,3,3,2,1,8,4,4,36,16,20
BROWN COUNTY,049,74 Years,376,168,208,327,151,176,10,4,6,4,1,3,7,4,3,28,8,20
BROWN COUNTY,049,75 Years,376,176,200,333,158,175,6,3,3,2,0,2,9,4,5,26,11,15
BROWN COUNTY,049,76 Years,362,171,191,318,154,164,9,3,6,1,0,1,6,3,3,28,11,17
BROWN COUNTY,049,77 Years,332,145,187,295,131,164,6,2,4,0,0,0,6,3,3,25,9,16
BROWN COUNTY,049,78 Years,315,136,179,285,121,164,6,4,2,0,0,0,4,3,1,20,8,12
BROWN COUNTY,049,79 Years,279,126,153,248,111,137,7,3,4,2,1,1,7,3,4,15,8,7
BROWN COUNTY,049,80 Years,245,109,136,222,100,122,5,0,5,2,1,1,4,2,2,12,6,6
BROWN COUNTY,049,81 Years,218,101,117,197,92,105,3,1,2,0,0,0,5,3,2,13,5,8
BROWN COUNTY,049,82 Years,214,99,115,194,91,103,4,1,3,0,0,0,4,1,3,12,6,6
BROWN COUNTY,049,83 Years,219,95,124,195,84,111,6,2,4,0,0,0,6,3,3,12,6,6
BROWN COUNTY,049,84 Years,186,79,107,165,69,96,5,2,3,0,0,0,4,2,2,12,6,6
BROWN COUNTY,049,85 Years,155,65,90,140,58,82,1,0,1,0,0,0,2,1,1,12,6,6
BROWN COUNTY,049,86 Years,147,61,86,127,51,76,5,3,2,0,0,0,2,1,1,13,6,7
BROWN COUNTY,049,87 Years,149,60,89,127,46,81,5,4,1,0,0,0,4,3,1,13,7,6
BROWN COUNTY,049,88 Years,128,42,86,113,35,78,2,1,1,0,0,0,2,1,1,11,5,6
BROWN COUNTY,049,89 Years,117,41,76,101,35,66,4,1,3,0,0,0,2,0,2,10,5,5
BROWN COUNTY,049,90 Years,89,36,53,76,28,48,2,1,1,1,1,0,2,2,0,8,4,4
BROWN COUNTY,049,91 Years,76,25,51,66,21,45,2,1,1,1,0,1,1,0,1,6,3,3
BROWN COUNTY,049,92 Years,67,23,44,60,19,41,1,1,0,0,0,0,1,0,1,5,3,2
BROWN COUNTY,049,93 Years,54,19,35,48,16,32,0,0,0,0,0,0,0,0,0,6,3,3
BROWN COUNTY,049,94 Years,44,14,30,37,10,27,2,1,1,0,0,0,0,0,0,5,3,2
BROWN COUNTY,049,95 Years +,109,26,83,92,19,73,5,2,3,2,1,1,1,0,1,9,4,5
BURLESON COUNTY,051,All Ages,18373,9164,9209,11494,5661,5833,2241,1082,1159,25,7,18,310,164,146,4303,2250,2053
BURLESON COUNTY,051,< 1 Year,200,106,94,73,37,36,22,13,9,1,1,0,10,7,3,94,48,46
BURLESON COUNTY,051,1 Years,206,105,101,82,42,40,21,12,9,0,0,0,8,4,4,95,47,48
BURLESON COUNTY,051,2 Years,217,118,99,86,46,40,22,12,10,0,0,0,8,6,2,101,54,47
BURLESON COUNTY,051,3 Years,229,118,111,97,49,48,25,13,12,0,0,0,8,5,3,99,51,48
BURLESON COUNTY,051,4 Years,231,114,117,95,45,50,25,12,13,0,0,0,8,6,2,103,51,52
BURLESON COUNTY,051,5 Years,220,108,112,90,43,47,26,13,13,0,0,0,6,3,3,98,49,49
BURLESON COUNTY,051,6 Years,214,107,107,84,41,43,25,13,12,0,0,0,5,3,2,100,50,50
BURLESON COUNTY,051,7 Years,209,109,100,89,47,42,24,10,14,0,0,0,5,3,2,91,49,42
BURLESON COUNTY,051,8 Years,216,113,103,93,47,46,24,12,12,0,0,0,6,3,3,93,51,42
BURLESON COUNTY,051,9 Years,224,124,100,101,56,45,22,8,14,0,0,0,4,2,2,97,58,39
BURLESON COUNTY,051,10 Years,211,121,90,109,62,47,19,11,8,0,0,0,10,4,6,73,44,29
BURLESON COUNTY,051,11 Years,256,143,113,133,71,62,22,12,10,0,0,0,12,6,6,89,54,35
BURLESON COUNTY,051,12 Years,253,133,120,124,62,62,29,18,11,0,0,0,4,2,2,96,51,45
BURLESON COUNTY,051,13 Years,246,123,123,118,57,61,30,15,15,0,0,0,7,5,2,91,46,45
BURLESON COUNTY,051,14 Years,253,128,125,127,64,63,37,16,21,0,0,0,9,5,4,80,43,37
BURLESON COUNTY,051,15 Years,267,145,122,130,76,54,45,20,25,0,0,0,6,4,2,86,45,41
BURLESON COUNTY,051,16 Years,227,116,111,119,61,58,34,17,17,0,0,0,4,1,3,70,37,33
BURLESON COUNTY,051,17 Years,231,117,114,136,68,68,22,11,11,0,0,0,3,1,2,70,37,33
BURLESON COUNTY,051,18 Years,248,122,126,135,63,72,29,15,14,0,0,0,4,1,3,80,43,37
BURLESON COUNTY,051,19 Years,225,111,114,124,58,66,29,16,13,0,0,0,6,2,4,66,35,31
BURLESON COUNTY,051,20 Years,214,110,104,107,56,51,36,16,20,0,0,0,5,3,2,66,35,31
BURLESON COUNTY,051,21 Years,219,100,119,115,50,65,32,16,16,0,0,0,5,3,2,67,31,36
BURLESON COUNTY,051,22 Years,228,112,116,128,63,65,32,18,14,0,0,0,8,6,2,60,25,35
BURLESON COUNTY,051,23 Years,238,135,103,130,77,53,31,17,14,0,0,0,6,4,2,71,37,34
BURLESON COUNTY,051,24 Years,249,132,117,140,73,67,41,19,22,0,0,0,4,3,1,64,37,27
BURLESON COUNTY,051,25 Years,221,114,107,132,68,64,35,18,17,1,0,1,3,1,2,50,27,23
BURLESON COUNTY,051,26 Years,227,111,116,122,64,58,37,13,24,0,0,0,4,2,2,64,32,32
BURLESON COUNTY,051,27 Years,228,108,120,135,69,66,35,12,23,0,0,0,3,2,1,55,25,30
BURLESON COUNTY,051,28 Years,221,104,117,132,60,72,31,13,18,1,0,1,4,3,1,53,28,25
BURLESON COUNTY,051,29 Years,208,110,98,112,53,59,30,18,12,1,0,1,5,3,2,60,36,24
BURLESON COUNTY,051,30 Years,191,103,88,105,56,49,24,11,13,0,0,0,2,1,1,60,35,25
BURLESON COUNTY,051,31 Years,195,86,109,125,56,69,26,9,17,0,0,0,2,1,1,42,20,22
BURLESON COUNTY,051,32 Years,192,92,100,120,58,62,30,14,16,1,0,1,1,1,0,40,19,21
BURLESON COUNTY,051,33 Years,207,104,103,124,63,61,21,9,12,1,0,1,2,1,1,59,31,28
BURLESON COUNTY,051,34 Years,206,106,100,119,57,62,26,13,13,0,0,0,1,0,1,60,36,24
BURLESON COUNTY,051,35 Years,175,92,83,114,52,62,17,11,6,0,0,0,0,0,0,44,29,15
BURLESON COUNTY,051,36 Years,172,80,92,103,50,53,23,13,10,0,0,0,1,0,1,45,17,28
BURLESON COUNTY,051,37 Years,199,97,102,136,70,66,22,10,12,0,0,0,1,1,0,40,16,24
BURLESON COUNTY,051,38 Years,216,111,105,143,78,65,25,10,15,0,0,0,2,2,0,46,21,25
BURLESON COUNTY,051,39 Years,199,92,107,119,55,64,21,13,8,0,0,0,4,2,2,55,22,33
BURLESON COUNTY,051,40 Years,176,77,99,108,49,59,18,8,10,0,0,0,2,2,0,48,18,30
BURLESON COUNTY,051,41 Years,171,84,87,101,56,45,20,9,11,1,1,0,2,0,2,47,18,29
BURLESON COUNTY,051,42 Years,174,89,85,106,60,46,19,7,12,2,0,2,4,1,3,43,21,22
BURLESON COUNTY,051,43 Years,171,84,87,105,53,52,19,8,11,1,0,1,2,1,1,44,22,22
BURLESON COUNTY,051,44 Years,182,94,88,111,57,54,23,11,12,0,0,0,2,1,1,46,25,21
BURLESON COUNTY,051,45 Years,171,83,88,101,51,50,26,11,15,0,0,0,4,2,2,40,19,21
BURLESON COUNTY,051,46 Years,195,91,104,121,54,67,25,11,14,0,0,0,4,3,1,45,23,22
BURLESON COUNTY,051,47 Years,203,104,99,133,64,69,28,17,11,0,0,0,2,2,0,40,21,19
BURLESON COUNTY,051,48 Years,202,116,86,137,79,58,23,11,12,0,0,0,1,1,0,41,25,16
BURLESON COUNTY,051,49 Years,213,106,107,146,75,71,19,8,11,0,0,0,2,0,2,46,23,23
BURLESON COUNTY,051,50 Years,201,95,106,141,67,74,21,9,12,0,0,0,1,1,0,38,18,20
BURLESON COUNTY,051,51 Years,233,127,106,157,79,78,33,21,12,0,0,0,1,1,0,42,26,16
BURLESON COUNTY,051,52 Years,222,106,116,150,70,80,27,14,13,0,0,0,4,1,3,41,21,20
BURLESON COUNTY,051,53 Years,242,117,125,168,82,86,24,14,10,0,0,0,5,2,3,45,19,26
BURLESON COUNTY,051,54 Years,228,114,114,164,77,87,17,10,7,0,0,0,2,1,1,45,26,19
BURLESON COUNTY,051,55 Years,245,127,118,178,93,85,27,13,14,0,0,0,1,0,1,39,21,18
BURLESON COUNTY,051,56 Years,278,140,138,191,95,96,34,17,17,1,1,0,4,1,3,48,26,22
BURLESON COUNTY,051,57 Years,252,126,126,174,80,94,30,20,10,0,0,0,4,1,3,44,25,19
BURLESON COUNTY,051,58 Years,251,129,122,182,89,93,24,15,9,1,0,1,3,2,1,41,23,18
BURLESON COUNTY,051,59 Years,264,133,131,199,104,95,21,10,11,1,0,1,3,0,3,40,19,21
BURLESON COUNTY,051,60 Years,258,124,134,191,90,101,23,14,9,0,0,0,5,1,4,39,19,20
BURLESON COUNTY,051,61 Years,271,133,138,205,94,111,31,18,13,0,0,0,1,0,1,34,21,13
BURLESON COUNTY,051,62 Years,269,129,140,199,96,103,35,15,20,2,1,1,1,1,0,32,16,16
BURLESON COUNTY,051,63 Years,270,123,147,210,104,106,26,6,20,1,0,1,1,0,1,32,13,19
BURLESON COUNTY,051,64 Years,262,123,139,210,98,112,25,9,16,0,0,0,1,0,1,26,16,10
BURLESON COUNTY,051,65 Years,262,121,141,197,87,110,29,15,14,1,0,1,4,3,1,31,16,15
BURLESON COUNTY,051,66 Years,250,134,116,186,99,87,35,21,14,2,1,1,1,0,1,26,13,13
BURLESON COUNTY,051,67 Years,215,103,112,165,80,85,28,14,14,0,0,0,2,1,1,20,8,12
BURLESON COUNTY,051,68 Years,232,117,115,165,84,81,33,15,18,0,0,0,5,3,2,29,15,14
BURLESON COUNTY,051,69 Years,236,114,122,173,85,88,36,16,20,2,0,2,3,1,2,22,12,10
BURLESON COUNTY,051,70 Years,224,112,112,165,81,84,32,14,18,1,0,1,4,1,3,22,16,6
BURLESON COUNTY,051,71 Years,211,103,108,160,78,82,32,13,19,0,0,0,2,1,1,17,11,6
BURLESON COUNTY,051,72 Years,220,107,113,170,82,88,25,11,14,0,0,0,5,2,3,20,12,8
BURLESON COUNTY,051,73 Years,193,97,96,147,75,72,17,8,9,1,0,1,2,1,1,26,13,13
BURLESON COUNTY,051,74 Years,170,92,78,129,70,59,21,12,9,0,0,0,3,2,1,17,8,9
BURLESON COUNTY,051,75 Years,172,90,82,135,69,66,16,9,7,0,0,0,4,2,2,17,10,7
BURLESON COUNTY,051,76 Years,152,76,76,116,56,60,17,9,8,0,0,0,4,2,2,15,9,6
BURLESON COUNTY,051,77 Years,127,66,61,98,53,45,12,3,9,0,0,0,2,2,0,15,8,7
BURLESON COUNTY,051,78 Years,127,55,72,100,42,58,13,3,10,0,0,0,3,3,0,11,7,4
BURLESON COUNTY,051,79 Years,129,66,63,96,44,52,18,10,8,0,0,0,1,1,0,14,11,3
BURLESON COUNTY,051,80 Years,129,60,69,95,43,52,18,9,9,0,0,0,1,0,1,15,8,7
BURLESON COUNTY,051,81 Years,104,48,56,82,38,44,11,4,7,1,1,0,0,0,0,10,5,5
BURLESON COUNTY,051,82 Years,100,46,54,82,42,40,11,3,8,0,0,0,0,0,0,7,1,6
BURLESON COUNTY,051,83 Years,100,47,53,79,37,42,13,6,7,0,0,0,1,1,0,7,3,4
BURLESON COUNTY,051,84 Years,83,36,47,59,24,35,15,6,9,0,0,0,1,1,0,8,5,3
BURLESON COUNTY,051,85 Years,85,34,51,67,26,41,11,5,6,0,0,0,1,0,1,6,3,3
BURLESON COUNTY,051,86 Years,73,30,43,53,20,33,11,4,7,1,1,0,0,0,0,8,5,3
BURLESON COUNTY,051,87 Years,65,25,40,50,20,30,9,2,7,0,0,0,0,0,0,6,3,3
BURLESON COUNTY,051,88 Years,56,23,33,44,19,25,8,2,6,0,0,0,0,0,0,4,2,2
BURLESON COUNTY,051,89 Years,57,22,35,44,16,28,7,3,4,0,0,0,1,0,1,5,3,2
BURLESON COUNTY,051,90 Years,44,21,23,32,13,19,6,4,2,0,0,0,0,0,0,6,4,2
BURLESON COUNTY,051,91 Years,37,18,19,25,11,14,6,3,3,0,0,0,1,0,1,5,4,1
BURLESON COUNTY,051,92 Years,30,11,19,20,7,13,5,2,3,0,0,0,1,0,1,4,2,2
BURLESON COUNTY,051,93 Years,27,11,16,19,8,11,5,2,3,0,0,0,0,0,0,3,1,2
BURLESON COUNTY,051,94 Years,23,10,13,16,6,10,5,2,3,0,0,0,0,0,0,2,2,0
BURLESON COUNTY,051,95 Years +,48,15,33,31,7,24,11,4,7,0,0,0,0,0,0,6,4,2
BURNET COUNTY,053,All Ages,48716,23865,24851,35280,17042,18238,760,407,353,226,85,141,826,389,437,11624,5942,5682
BURNET COUNTY,053,< 1 Year,548,289,259,300,164,136,4,3,1,2,1,1,17,8,9,225,113,112
BURNET COUNTY,053,1 Years,542,286,256,303,163,140,4,3,1,2,1,1,14,7,7,219,112,107
BURNET COUNTY,053,2 Years,574,304,270,330,176,154,5,4,1,2,1,1,15,7,8,222,116,106
BURNET COUNTY,053,3 Years,606,317,289,336,178,158,4,3,1,3,2,1,14,6,8,249,128,121
BURNET COUNTY,053,4 Years,622,317,305,342,171,171,4,3,1,4,3,1,17,9,8,255,131,124
BURNET COUNTY,053,5 Years,609,304,305,326,163,163,5,3,2,5,2,3,17,7,10,256,129,127
BURNET COUNTY,053,6 Years,583,296,287,326,161,165,5,3,2,4,1,3,16,7,9,232,124,108
BURNET COUNTY,053,7 Years,596,295,301,336,166,170,5,3,2,4,1,3,16,7,9,235,118,117
BURNET COUNTY,053,8 Years,596,286,310,339,155,184,3,2,1,4,1,3,16,8,8,234,120,114
BURNET COUNTY,053,9 Years,611,325,286,342,182,160,5,3,2,3,2,1,15,7,8,246,131,115
BURNET COUNTY,053,10 Years,565,293,272,316,159,157,7,4,3,2,2,0,9,4,5,231,124,107
BURNET COUNTY,053,11 Years,555,294,261,333,171,162,9,6,3,2,2,0,11,6,5,200,109,91
BURNET COUNTY,053,12 Years,551,284,267,320,170,150,9,4,5,2,1,1,13,7,6,207,102,105
BURNET COUNTY,053,13 Years,570,283,287,336,168,168,12,5,7,2,2,0,10,6,4,210,102,108
BURNET COUNTY,053,14 Years,589,303,286,361,182,179,7,4,3,1,0,1,15,9,6,205,108,97
BURNET COUNTY,053,15 Years,576,282,294,342,166,176,8,5,3,3,1,2,9,3,6,214,107,107
BURNET COUNTY,053,16 Years,577,284,293,353,176,177,8,5,3,1,1,0,12,5,7,203,97,106
BURNET COUNTY,053,17 Years,609,305,304,374,187,187,10,5,5,2,0,2,12,5,7,211,108,103
BURNET COUNTY,053,18 Years,560,287,273,326,167,159,15,7,8,5,3,2,17,9,8,197,101,96
BURNET COUNTY,053,19 Years,507,266,241,286,151,135,21,11,10,2,1,1,14,8,6,184,95,89
BURNET COUNTY,053,20 Years,531,268,263,291,149,142,21,12,9,1,0,1,15,7,8,203,100,103
BURNET COUNTY,053,21 Years,523,248,275,273,131,142,15,11,4,1,0,1,14,7,7,220,99,121
BURNET COUNTY,053,22 Years,518,252,266,295,145,150,17,10,7,1,0,1,15,6,9,190,91,99
BURNET COUNTY,053,23 Years,534,267,267,327,165,162,13,6,7,3,1,2,14,8,6,177,87,90
BURNET COUNTY,053,24 Years,540,258,282,349,164,185,14,5,9,4,1,3,12,6,6,161,82,79
BURNET COUNTY,053,25 Years,567,260,307,366,164,202,18,6,12,3,1,2,11,4,7,169,85,84
BURNET COUNTY,053,26 Years,659,310,349,450,206,244,20,9,11,2,1,1,13,8,5,174,86,88
BURNET COUNTY,053,27 Years,626,297,329,415,195,220,23,12,11,2,1,1,16,6,10,170,83,87
BURNET COUNTY,053,28 Years,582,288,294,367,165,202,22,15,7,0,0,0,15,9,6,178,99,79
BURNET COUNTY,053,29 Years,583,325,258,368,192,176,19,12,7,3,1,2,9,5,4,184,115,69
BURNET COUNTY,053,30 Years,506,263,243,330,165,165,12,9,3,2,1,1,5,2,3,157,86,71
BURNET COUNTY,053,31 Years,489,254,235,325,157,168,14,11,3,2,0,2,4,1,3,144,85,59
BURNET COUNTY,053,32 Years,503,250,253,337,157,180,9,6,3,2,0,2,10,3,7,145,84,61
BURNET COUNTY,053,33 Years,531,268,263,351,163,188,9,6,3,1,0,1,8,3,5,162,96,66
BURNET COUNTY,053,34 Years,522,280,242,330,169,161,13,8,5,2,1,1,6,3,3,171,99,72
BURNET COUNTY,053,35 Years,560,279,281,358,168,190,16,8,8,2,0,2,7,4,3,177,99,78
BURNET COUNTY,053,36 Years,543,251,292,352,158,194,15,9,6,2,0,2,6,3,3,168,81,87
BURNET COUNTY,053,37 Years,544,268,276,370,177,193,12,7,5,1,0,1,6,3,3,155,81,74
BURNET COUNTY,053,38 Years,566,282,284,403,195,208,12,6,6,3,0,3,8,5,3,140,76,64
BURNET COUNTY,053,39 Years,582,282,300,404,186,218,16,9,7,2,0,2,2,2,0,158,85,73
BURNET COUNTY,053,40 Years,544,262,282,375,173,202,15,8,7,4,2,2,4,2,2,146,77,69
BURNET COUNTY,053,41 Years,513,231,282,335,158,177,15,7,8,4,2,2,5,2,3,154,62,92
BURNET COUNTY,053,42 Years,463,207,256,309,138,171,13,8,5,2,2,0,3,1,2,136,58,78
BURNET COUNTY,053,43 Years,510,260,250,347,172,175,12,8,4,5,2,3,7,5,2,139,73,66
BURNET COUNTY,053,44 Years,468,233,235,333,151,182,12,7,5,4,1,3,4,4,0,115,70,45
BURNET COUNTY,053,45 Years,464,227,237,326,158,168,8,4,4,3,1,2,5,3,2,122,61,61
BURNET COUNTY,053,46 Years,500,237,263,362,175,187,7,3,4,3,1,2,4,2,2,124,56,68
BURNET COUNTY,053,47 Years,542,267,275,388,193,195,7,3,4,4,3,1,8,4,4,135,64,71
BURNET COUNTY,053,48 Years,554,256,298,409,189,220,11,5,6,4,1,3,5,3,2,125,58,67
BURNET COUNTY,053,49 Years,532,249,283,406,190,216,11,4,7,4,0,4,8,2,6,103,53,50
BURNET COUNTY,053,50 Years,517,254,263,389,188,201,10,3,7,2,1,1,6,2,4,110,60,50
BURNET COUNTY,053,51 Years,534,262,272,378,183,195,9,5,4,3,1,2,7,2,5,137,71,66
BURNET COUNTY,053,52 Years,508,249,259,358,171,187,7,3,4,3,1,2,8,4,4,132,70,62
BURNET COUNTY,053,53 Years,511,246,265,380,182,198,7,3,4,3,0,3,8,3,5,113,58,55
BURNET COUNTY,053,54 Years,594,290,304,462,231,231,8,4,4,4,2,2,9,3,6,111,50,61
BURNET COUNTY,053,55 Years,655,315,340,513,248,265,9,7,2,3,1,2,9,4,5,121,55,66
BURNET COUNTY,053,56 Years,666,313,353,528,246,282,10,6,4,3,1,2,8,2,6,117,58,59
BURNET COUNTY,053,57 Years,695,326,369,551,254,297,6,3,3,7,2,5,12,5,7,119,62,57
BURNET COUNTY,053,58 Years,756,359,397,613,294,319,10,4,6,3,0,3,11,6,5,119,55,64
BURNET COUNTY,053,59 Years,776,396,380,630,326,304,10,4,6,5,2,3,12,7,5,119,57,62
BURNET COUNTY,053,60 Years,714,348,366,590,283,307,7,4,3,6,4,2,11,6,5,100,51,49
BURNET COUNTY,053,61 Years,787,385,402,668,329,339,4,2,2,6,2,4,9,3,6,100,49,51
BURNET COUNTY,053,62 Years,737,357,380,622,301,321,4,3,1,4,1,3,10,2,8,97,50,47
BURNET COUNTY,053,63 Years,733,358,375,627,302,325,6,4,2,3,1,2,10,6,4,87,45,42
BURNET COUNTY,053,64 Years,726,353,373,621,296,325,5,4,1,3,1,2,11,6,5,86,46,40
BURNET COUNTY,053,65 Years,694,357,337,601,301,300,4,3,1,3,2,1,12,7,5,74,44,30
BURNET COUNTY,053,66 Years,722,346,376,643,309,334,2,1,1,3,1,2,10,3,7,64,32,32
BURNET COUNTY,053,67 Years,674,327,347,603,291,312,5,2,3,3,2,1,8,2,6,55,30,25
BURNET COUNTY,053,68 Years,673,312,361,593,271,322,6,3,3,0,0,0,11,5,6,63,33,30
BURNET COUNTY,053,69 Years,616,303,313,552,272,280,5,3,2,3,2,1,9,3,6,47,23,24
BURNET COUNTY,053,70 Years,649,337,312,592,309,283,2,2,0,1,1,0,7,2,5,47,23,24
BURNET COUNTY,053,71 Years,653,315,338,587,280,307,3,1,2,2,0,2,9,5,4,52,29,23
BURNET COUNTY,053,72 Years,666,325,341,592,289,303,2,0,2,3,1,2,15,8,7,54,27,27
BURNET COUNTY,053,73 Years,533,275,258,467,240,227,5,0,5,1,0,1,8,4,4,52,31,21
BURNET COUNTY,053,74 Years,494,262,232,449,238,211,4,1,3,0,0,0,6,3,3,35,20,15
BURNET COUNTY,053,75 Years,479,234,245,435,214,221,6,2,4,1,0,1,7,4,3,30,14,16
BURNET COUNTY,053,76 Years,472,233,239,432,211,221,4,2,2,4,3,1,5,4,1,27,13,14
BURNET COUNTY,053,77 Years,409,203,206,378,191,187,3,2,1,2,1,1,3,1,2,23,8,15
BURNET COUNTY,053,78 Years,356,166,190,331,157,174,2,1,1,0,0,0,6,3,3,17,5,12
BURNET COUNTY,053,79 Years,328,142,186,302,134,168,2,0,2,0,0,0,5,3,2,19,5,14
BURNET COUNTY,053,80 Years,327,135,192,302,130,172,5,0,5,0,0,0,3,1,2,17,4,13
BURNET COUNTY,053,81 Years,308,136,172,290,129,161,1,0,1,2,0,2,2,2,0,13,5,8
BURNET COUNTY,053,82 Years,279,131,148,257,122,135,2,1,1,2,1,1,3,2,1,15,5,10
BURNET COUNTY,053,83 Years,231,114,117,212,107,105,3,1,2,0,0,0,4,1,3,12,5,7
BURNET COUNTY,053,84 Years,235,98,137,215,92,123,2,0,2,1,0,1,3,1,2,14,5,9
BURNET COUNTY,053,85 Years,213,87,126,195,82,113,2,0,2,2,0,2,2,1,1,12,4,8
BURNET COUNTY,053,86 Years,199,86,113,184,80,104,1,0,1,1,0,1,2,1,1,11,5,6
BURNET COUNTY,053,87 Years,174,77,97,161,71,90,0,0,0,1,0,1,2,1,1,10,5,5
BURNET COUNTY,053,88 Years,143,60,83,131,54,77,0,0,0,0,0,0,3,1,2,9,5,4
BURNET COUNTY,053,89 Years,134,54,80,121,49,72,2,1,1,0,0,0,3,1,2,8,3,5
BURNET COUNTY,053,90 Years,111,38,73,99,34,65,1,0,1,0,0,0,3,1,2,8,3,5
BURNET COUNTY,053,91 Years,89,27,62,81,25,56,0,0,0,0,0,0,1,0,1,7,2,5
BURNET COUNTY,053,92 Years,78,26,52,69,23,46,1,0,1,0,0,0,1,0,1,7,3,4
BURNET COUNTY,053,93 Years,63,21,42,55,18,37,1,1,0,0,0,0,1,0,1,6,2,4
BURNET COUNTY,053,94 Years,48,15,33,42,13,29,0,0,0,0,0,0,1,0,1,5,2,3
BURNET COUNTY,053,95 Years +,112,33,79,101,28,73,1,1,0,2,0,2,2,0,2,6,4,2
CALDWELL COUNTY,055,All Ages,43199,21725,21474,16812,8418,8394,2416,1279,1137,361,190,171,619,322,297,22991,11516,11475
CALDWELL COUNTY,055,< 1 Year,611,317,294,128,65,63,19,8,11,1,1,0,17,10,7,446,233,213
CALDWELL COUNTY,055,1 Years,605,316,289,131,69,62,18,9,9,1,1,0,13,8,5,442,229,213
CALDWELL COUNTY,055,2 Years,602,312,290,137,72,65,17,11,6,1,1,0,13,9,4,434,219,215
CALDWELL COUNTY,055,3 Years,597,310,287,144,76,68,18,12,6,2,1,1,14,10,4,419,211,208
CALDWELL COUNTY,055,4 Years,592,303,289,145,76,69,15,9,6,3,1,2,16,11,5,413,206,207
CALDWELL COUNTY,055,5 Years,555,282,273,137,72,65,12,6,6,2,1,1,16,10,6,388,193,195
CALDWELL COUNTY,055,6 Years,532,277,255,129,70,59,12,7,5,1,0,1,15,8,7,375,192,183
CALDWELL COUNTY,055,7 Years,521,269,252,128,67,61,13,8,5,1,0,1,11,5,6,368,189,179
CALDWELL COUNTY,055,8 Years,539,276,263,135,69,66,17,11,6,0,0,0,9,2,7,378,194,184
CALDWELL COUNTY,055,9 Years,533,249,284,129,63,66,17,11,6,1,1,0,11,5,6,375,169,206
CALDWELL COUNTY,055,10 Years,532,259,273,141,72,69,21,10,11,2,2,0,12,5,7,356,170,186
CALDWELL COUNTY,055,11 Years,620,316,304,157,80,77,32,15,17,2,1,1,10,4,6,419,216,203
CALDWELL COUNTY,055,12 Years,591,301,290,147,79,68,29,14,15,2,1,1,11,5,6,402,202,200
CALDWELL COUNTY,055,13 Years,611,321,290,160,87,73,32,18,14,1,1,0,8,2,6,410,213,197
CALDWELL COUNTY,055,14 Years,674,366,308,171,93,78,34,17,17,2,1,1,8,4,4,459,251,208
CALDWELL COUNTY,055,15 Years,671,348,323,186,104,82,32,12,20,4,1,3,6,3,3,443,228,215
CALDWELL COUNTY,055,16 Years,652,361,291,184,112,72,27,19,8,9,7,2,13,3,10,419,220,199
CALDWELL COUNTY,055,17 Years,692,362,330,180,96,84,42,23,19,26,15,11,14,9,5,430,219,211
CALDWELL COUNTY,055,18 Years,658,343,315,177,95,82,51,33,18,26,18,8,14,5,9,390,192,198
CALDWELL COUNTY,055,19 Years,604,303,301,157,81,76,37,26,11,24,12,12,11,2,9,375,182,193
CALDWELL COUNTY,055,20 Years,619,346,273,160,97,63,42,31,11,41,26,15,13,4,9,363,188,175
CALDWELL COUNTY,055,21 Years,561,326,235,173,105,68,37,27,10,26,16,10,10,5,5,315,173,142
CALDWELL COUNTY,055,22 Years,546,313,233,165,94,71,46,33,13,18,10,8,10,8,2,307,168,139
CALDWELL COUNTY,055,23 Years,522,280,242,155,82,73,40,28,12,11,8,3,15,8,7,301,154,147
CALDWELL COUNTY,055,24 Years,495,242,253,144,74,70,24,14,10,15,7,8,11,5,6,301,142,159
CALDWELL COUNTY,055,25 Years,515,250,265,159,78,81,31,17,14,9,4,5,8,3,5,308,148,160
CALDWELL COUNTY,055,26 Years,599,285,314,186,79,107,42,19,23,2,1,1,12,8,4,357,178,179
CALDWELL COUNTY,055,27 Years,665,339,326,204,100,104,46,24,22,2,1,1,13,7,6,400,207,193
CALDWELL COUNTY,055,28 Years,722,369,353,237,121,116,56,22,34,3,1,2,15,8,7,411,217,194
CALDWELL COUNTY,055,29 Years,706,354,352,248,124,124,60,27,33,4,2,2,9,7,2,385,194,191
CALDWELL COUNTY,055,30 Years,663,333,330,254,126,128,50,24,26,4,1,3,9,6,3,346,176,170
CALDWELL COUNTY,055,31 Years,673,350,323,245,117,128,44,27,17,3,1,2,8,5,3,373,200,173
CALDWELL COUNTY,055,32 Years,667,358,309,235,123,112,47,26,21,1,1,0,14,7,7,370,201,169
CALDWELL COUNTY,055,33 Years,589,315,274,206,118,88,41,26,15,1,0,1,6,3,3,335,168,167
CALDWELL COUNTY,055,34 Years,595,302,293,229,128,101,37,26,11,1,0,1,7,4,3,321,144,177
CALDWELL COUNTY,055,35 Years,546,271,275,199,111,88,36,20,16,1,0,1,9,6,3,301,134,167
CALDWELL COUNTY,055,36 Years,547,267,280,189,95,94,35,22,13,4,2,2,6,4,2,313,144,169
CALDWELL COUNTY,055,37 Years,532,265,267,185,95,90,32,16,16,2,1,1,5,4,1,308,149,159
CALDWELL COUNTY,055,38 Years,540,276,264,203,105,98,28,16,12,0,0,0,5,4,1,304,151,153
CALDWELL COUNTY,055,39 Years,546,258,288,215,99,116,37,16,21,2,0,2,6,4,2,286,139,147
CALDWELL COUNTY,055,40 Years,535,255,280,203,98,105,35,14,21,2,0,2,4,2,2,291,141,150
CALDWELL COUNTY,055,41 Years,514,239,275,206,87,119,31,14,17,3,1,2,3,1,2,271,136,135
CALDWELL COUNTY,055,42 Years,476,233,243,194,100,94,30,15,15,2,1,1,3,0,3,247,117,130
CALDWELL COUNTY,055,43 Years,481,226,255,183,88,95,26,15,11,2,2,0,2,1,1,268,120,148
CALDWELL COUNTY,055,44 Years,496,245,251,200,102,98,27,13,14,1,1,0,6,3,3,262,126,136
CALDWELL COUNTY,055,45 Years,504,246,258,184,98,86,26,13,13,3,0,3,6,3,3,285,132,153
CALDWELL COUNTY,055,46 Years,500,248,252,197,100,97,25,10,15,1,1,0,2,2,0,275,135,140
CALDWELL COUNTY,055,47 Years,522,258,264,216,111,105,24,12,12,3,0,3,4,2,2,275,133,142
CALDWELL COUNTY,055,48 Years,551,263,288,239,118,121,29,16,13,1,0,1,6,4,2,276,125,151
CALDWELL COUNTY,055,49 Years,535,259,276,238,115,123,21,13,8,2,0,2,7,4,3,267,127,140
CALDWELL COUNTY,055,50 Years,486,241,245,209,102,107,25,14,11,2,1,1,5,4,1,245,120,125
CALDWELL COUNTY,055,51 Years,497,247,250,212,104,108,26,14,12,4,2,2,5,4,1,250,123,127
CALDWELL COUNTY,055,52 Years,475,233,242,212,107,105,23,15,8,5,2,3,4,3,1,231,106,125
CALDWELL COUNTY,055,53 Years,507,263,244,225,118,107,23,10,13,5,3,2,4,3,1,250,129,121
CALDWELL COUNTY,055,54 Years,558,277,281,247,115,132,28,13,15,3,2,1,2,2,0,278,145,133
CALDWELL COUNTY,055,55 Years,521,273,248,228,119,109,33,19,14,3,1,2,3,2,1,254,132,122
CALDWELL COUNTY,055,56 Years,537,281,256,254,128,126,37,19,18,3,2,1,4,3,1,239,129,110
CALDWELL COUNTY,055,57 Years,510,257,253,247,125,122,41,21,20,3,1,2,9,5,4,210,105,105
CALDWELL COUNTY,055,58 Years,507,244,263,261,127,134,29,14,15,6,1,5,6,1,5,205,101,104
CALDWELL COUNTY,055,59 Years,573,303,270,301,159,142,34,20,14,3,1,2,6,2,4,229,121,108
CALDWELL COUNTY,055,60 Years,517,259,258,276,136,140,32,17,15,4,1,3,4,2,2,201,103,98
CALDWELL COUNTY,055,61 Years,495,251,244,258,129,129,34,15,19,3,0,3,8,6,2,192,101,91
CALDWELL COUNTY,055,62 Years,488,242,246,274,131,143,27,13,14,3,1,2,5,3,2,179,94,85
CALDWELL COUNTY,055,63 Years,516,239,277,292,127,165,28,13,15,4,2,2,7,2,5,185,95,90
CALDWELL COUNTY,055,64 Years,500,229,271,270,120,150,25,13,12,2,2,0,5,3,2,198,91,107
CALDWELL COUNTY,055,65 Years,486,227,259,261,122,139,23,11,12,3,2,1,7,3,4,192,89,103
CALDWELL COUNTY,055,66 Years,426,205,221,229,104,125,20,10,10,1,1,0,5,2,3,171,88,83
CALDWELL COUNTY,055,67 Years,435,226,209,262,137,125,22,9,13,2,1,1,2,1,1,147,78,69
CALDWELL COUNTY,055,68 Years,442,232,210,263,138,125,27,12,15,0,0,0,4,3,1,148,79,69
CALDWELL COUNTY,055,69 Years,409,203,206,247,119,128,23,13,10,2,0,2,5,2,3,132,69,63
CALDWELL COUNTY,055,70 Years,386,191,195,231,113,118,21,12,9,0,0,0,5,2,3,129,64,65
CALDWELL COUNTY,055,71 Years,384,195,189,231,113,118,18,10,8,3,0,3,5,2,3,127,70,57
CALDWELL COUNTY,055,72 Years,369,184,185,237,122,115,18,9,9,0,0,0,3,1,2,111,52,59
CALDWELL COUNTY,055,73 Years,309,148,161,189,95,94,15,7,8,0,0,0,2,0,2,103,46,57
CALDWELL COUNTY,055,74 Years,271,123,148,167,78,89,17,8,9,0,0,0,1,0,1,86,37,49
CALDWELL COUNTY,055,75 Years,274,133,141,179,85,94,15,6,9,0,0,0,3,1,2,77,41,36
CALDWELL COUNTY,055,76 Years,270,115,155,173,77,96,17,3,14,1,0,1,3,1,2,76,34,42
CALDWELL COUNTY,055,77 Years,208,89,119,127,54,73,15,5,10,1,0,1,5,3,2,60,27,33
CALDWELL COUNTY,055,78 Years,194,93,101,125,60,65,12,7,5,1,1,0,2,1,1,54,24,30
CALDWELL COUNTY,055,79 Years,185,90,95,122,59,63,14,7,7,1,1,0,2,0,2,46,23,23
CALDWELL COUNTY,055,80 Years,178,85,93,114,56,58,11,6,5,3,2,1,0,0,0,50,21,29
CALDWELL COUNTY,055,81 Years,160,67,93,106,47,59,11,5,6,1,1,0,0,0,0,42,14,28
CALDWELL COUNTY,055,82 Years,130,58,72,78,35,43,9,4,5,1,1,0,2,0,2,40,18,22
CALDWELL COUNTY,055,83 Years,133,58,75,81,35,46,9,4,5,1,0,1,2,0,2,40,19,21
CALDWELL COUNTY,055,84 Years,141,72,69,87,41,46,9,4,5,1,1,0,0,0,0,44,26,18
CALDWELL COUNTY,055,85 Years,114,56,58,71,32,39,7,3,4,1,0,1,1,0,1,34,21,13
CALDWELL COUNTY,055,86 Years,99,43,56,62,26,36,7,3,4,1,0,1,3,1,2,26,13,13
CALDWELL COUNTY,055,87 Years,97,44,53,63,28,35,7,3,4,1,1,0,1,1,0,25,11,14
CALDWELL COUNTY,055,88 Years,84,37,47,53,21,32,6,2,4,1,1,0,0,0,0,24,13,11
CALDWELL COUNTY,055,89 Years,71,32,39,47,19,28,4,0,4,1,1,0,0,0,0,19,12,7
CALDWELL COUNTY,055,90 Years,62,26,36,38,15,23,4,1,3,0,0,0,1,1,0,19,9,10
CALDWELL COUNTY,055,91 Years,45,20,25,29,12,17,6,2,4,0,0,0,0,0,0,10,6,4
CALDWELL COUNTY,055,92 Years,47,16,31,31,10,21,5,2,3,0,0,0,1,0,1,10,4,6
CALDWELL COUNTY,055,93 Years,40,15,25,24,8,16,5,2,3,0,0,0,0,0,0,11,5,6
CALDWELL COUNTY,055,94 Years,33,12,21,20,8,12,4,1,3,0,0,0,0,0,0,9,3,6
CALDWELL COUNTY,055,95 Years +,76,29,47,45,16,29,10,3,7,0,0,0,1,0,1,20,10,10
CALHOUN COUNTY,057,All Ages,22028,11236,10792,9208,4653,4555,542,277,265,1082,598,484,250,146,104,10946,5562,5384
CALHOUN COUNTY,057,< 1 Year,302,147,155,95,51,44,4,2,2,15,6,9,7,3,4,181,85,96
CALHOUN COUNTY,057,1 Years,292,145,147,88,44,44,4,2,2,13,7,6,6,3,3,181,89,92
CALHOUN COUNTY,057,2 Years,301,151,150,94,47,47,4,3,1,12,7,5,7,4,3,184,90,94
CALHOUN COUNTY,057,3 Years,314,159,155,100,50,50,4,3,1,13,8,5,7,4,3,190,94,96
CALHOUN COUNTY,057,4 Years,329,171,158,105,55,50,4,2,2,19,11,8,6,3,3,195,100,95
CALHOUN COUNTY,057,5 Years,342,177,165,106,55,51,5,4,1,28,16,12,8,5,3,195,97,98
CALHOUN COUNTY,057,6 Years,321,161,160,96,46,50,5,1,4,29,20,9,6,4,2,185,90,95
CALHOUN COUNTY,057,7 Years,308,147,161,94,45,49,3,1,2,26,15,11,5,3,2,180,83,97
CALHOUN COUNTY,057,8 Years,298,142,156,96,46,50,3,1,2,18,12,6,4,2,2,177,81,96
CALHOUN COUNTY,057,9 Years,328,161,167,106,54,52,3,0,3,16,7,9,4,3,1,199,97,102
CALHOUN COUNTY,057,10 Years,270,135,135,73,33,40,8,5,3,11,5,6,3,2,1,175,90,85
CALHOUN COUNTY,057,11 Years,283,146,137,73,36,37,8,4,4,11,5,6,5,3,2,186,98,88
CALHOUN COUNTY,057,12 Years,283,141,142,82,40,42,7,3,4,8,4,4,3,2,1,183,92,91
CALHOUN COUNTY,057,13 Years,295,151,144,87,50,37,6,0,6,10,4,6,3,2,1,189,95,94
CALHOUN COUNTY,057,14 Years,283,142,141,81,39,42,4,1,3,18,9,9,4,2,2,176,91,85
CALHOUN COUNTY,057,15 Years,310,160,150,93,44,49,6,3,3,19,8,11,3,2,1,189,103,86
CALHOUN COUNTY,057,16 Years,319,175,144,102,60,42,8,5,3,20,8,12,5,2,3,184,100,84
CALHOUN COUNTY,057,17 Years,295,160,135,99,58,41,6,4,2,15,6,9,2,1,1,173,91,82
CALHOUN COUNTY,057,18 Years,269,146,123,87,47,40,5,3,2,10,5,5,3,1,2,164,90,74
CALHOUN COUNTY,057,19 Years,266,138,128,73,42,31,6,3,3,12,6,6,3,1,2,172,86,86
CALHOUN COUNTY,057,20 Years,273,156,117,83,48,35,7,4,3,12,7,5,6,4,2,165,93,72
CALHOUN COUNTY,057,21 Years,254,134,120,78,39,39,6,4,2,7,3,4,2,1,1,161,87,74
CALHOUN COUNTY,057,22 Years,280,145,135,95,49,46,6,3,3,15,7,8,0,0,0,164,86,78
CALHOUN COUNTY,057,23 Years,278,135,143,105,48,57,7,4,3,14,6,8,3,0,3,149,77,72
CALHOUN COUNTY,057,24 Years,276,152,124,94,50,44,5,3,2,16,10,6,4,3,1,157,86,71
CALHOUN COUNTY,057,25 Years,316,167,149,107,49,58,6,3,3,17,13,4,3,3,0,183,99,84
CALHOUN COUNTY,057,26 Years,335,179,156,109,53,56,8,2,6,21,14,7,4,2,2,193,108,85
CALHOUN COUNTY,057,27 Years,330,174,156,114,54,60,9,6,3,18,12,6,4,2,2,185,100,85
CALHOUN COUNTY,057,28 Years,320,157,163,102,47,55,9,3,6,14,7,7,2,2,0,193,98,95
CALHOUN COUNTY,057,29 Years,271,135,136,81,43,38,8,2,6,9,3,6,3,3,0,170,84,86
CALHOUN COUNTY,057,30 Years,286,159,127,104,55,49,2,1,1,7,6,1,2,2,0,171,95,76
CALHOUN COUNTY,057,31 Years,286,159,127,87,46,41,5,2,3,10,8,2,1,1,0,183,102,81
CALHOUN COUNTY,057,32 Years,269,151,118,89,50,39,6,2,4,10,7,3,2,1,1,162,91,71
CALHOUN COUNTY,057,33 Years,261,141,120,86,48,38,8,5,3,11,9,2,2,1,1,154,78,76
CALHOUN COUNTY,057,34 Years,269,144,125,86,50,36,6,3,3,13,8,5,2,1,1,162,82,80
CALHOUN COUNTY,057,35 Years,257,139,118,89,53,36,5,2,3,13,9,4,1,0,1,149,75,74
CALHOUN COUNTY,057,36 Years,234,110,124,89,32,57,3,2,1,12,6,6,3,2,1,127,68,59
CALHOUN COUNTY,057,37 Years,278,125,153,91,31,60,1,1,0,15,10,5,1,1,0,170,82,88
CALHOUN COUNTY,057,38 Years,273,138,135,99,49,50,6,4,2,10,7,3,1,1,0,157,77,80
CALHOUN COUNTY,057,39 Years,269,132,137,100,39,61,3,1,2,12,9,3,3,1,2,151,82,69
CALHOUN COUNTY,057,40 Years,232,114,118,84,44,40,4,1,3,10,6,4,3,1,2,131,62,69
CALHOUN COUNTY,057,41 Years,230,123,107,85,53,32,3,2,1,10,6,4,1,1,0,131,61,70
CALHOUN COUNTY,057,42 Years,225,116,109,95,57,38,3,2,1,11,4,7,1,1,0,115,52,63
CALHOUN COUNTY,057,43 Years,222,119,103,83,48,35,5,3,2,12,5,7,2,0,2,120,63,57
CALHOUN COUNTY,057,44 Years,220,114,106,76,39,37,6,3,3,10,3,7,1,0,1,127,69,58
CALHOUN COUNTY,057,45 Years,208,105,103,81,33,48,9,6,3,7,2,5,1,1,0,110,63,47
CALHOUN COUNTY,057,46 Years,224,111,113,84,41,43,8,3,5,7,4,3,0,0,0,125,63,62
CALHOUN COUNTY,057,47 Years,230,108,122,84,40,44,5,3,2,7,3,4,3,1,2,131,61,70
CALHOUN COUNTY,057,48 Years,238,116,122,96,46,50,8,5,3,10,6,4,2,1,1,122,58,64
CALHOUN COUNTY,057,49 Years,262,133,129,113,58,55,8,4,4,16,7,9,1,1,0,124,63,61
CALHOUN COUNTY,057,50 Years,253,128,125,119,56,63,5,2,3,11,5,6,2,1,1,116,64,52
CALHOUN COUNTY,057,51 Years,235,120,115,105,51,54,6,4,2,10,5,5,1,0,1,113,60,53
CALHOUN COUNTY,057,52 Years,254,122,132,105,47,58,7,4,3,14,4,10,3,1,2,125,66,59
CALHOUN COUNTY,057,53 Years,265,131,134,114,52,62,3,1,2,20,9,11,1,1,0,127,68,59
CALHOUN COUNTY,057,54 Years,304,160,144,140,74,66,10,4,6,13,7,6,3,2,1,138,73,65
CALHOUN COUNTY,057,55 Years,288,162,126,142,81,61,6,5,1,11,8,3,1,1,0,128,67,61
CALHOUN COUNTY,057,56 Years,312,169,143,145,77,68,9,5,4,17,10,7,3,2,1,138,75,63
CALHOUN COUNTY,057,57 Years,296,157,139,142,75,67,10,5,5,11,7,4,5,4,1,128,66,62
CALHOUN COUNTY,057,58 Years,276,144,132,142,75,67,6,3,3,16,7,9,4,2,2,108,57,51
CALHOUN COUNTY,057,59 Years,291,154,137,150,83,67,9,4,5,17,6,11,5,3,2,110,58,52
CALHOUN COUNTY,057,60 Years,289,148,141,141,71,70,9,4,5,14,8,6,4,3,1,121,62,59
CALHOUN COUNTY,057,61 Years,282,144,138,144,75,69,10,6,4,19,11,8,1,1,0,108,51,57
CALHOUN COUNTY,057,62 Years,272,138,134,154,82,72,11,7,4,18,10,8,3,1,2,86,38,48
CALHOUN COUNTY,057,63 Years,270,122,148,150,71,79,10,5,5,14,10,4,4,2,2,92,34,58
CALHOUN COUNTY,057,64 Years,283,139,144,158,80,78,12,6,6,8,6,2,2,0,2,103,47,56
CALHOUN COUNTY,057,65 Years,252,126,126,148,80,68,7,3,4,14,7,7,4,3,1,79,33,46
CALHOUN COUNTY,057,66 Years,250,131,119,143,77,66,8,5,3,19,9,10,4,3,1,76,37,39
CALHOUN COUNTY,057,67 Years,259,136,123,145,73,72,10,8,2,14,7,7,3,2,1,87,46,41
CALHOUN COUNTY,057,68 Years,208,102,106,122,60,62,4,3,1,14,8,6,2,1,1,66,30,36
CALHOUN COUNTY,057,69 Years,193,99,94,110,58,52,6,3,3,15,10,5,3,2,1,59,26,33
CALHOUN COUNTY,057,70 Years,217,105,112,130,62,68,9,3,6,11,6,5,5,2,3,62,32,30
CALHOUN COUNTY,057,71 Years,225,105,120,146,70,76,5,1,4,8,5,3,4,2,2,62,27,35
CALHOUN COUNTY,057,72 Years,202,101,101,136,69,67,2,2,0,6,3,3,4,3,1,54,24,30
CALHOUN COUNTY,057,73 Years,174,92,82,120,64,56,4,4,0,5,4,1,2,2,0,43,18,25
CALHOUN COUNTY,057,74 Years,173,90,83,117,61,56,5,2,3,3,3,0,4,3,1,44,21,23
CALHOUN COUNTY,057,75 Years,170,87,83,121,63,58,4,2,2,4,4,0,1,1,0,40,17,23
CALHOUN COUNTY,057,76 Years,178,96,82,126,66,60,4,3,1,6,4,2,1,1,0,41,22,19
CALHOUN COUNTY,057,77 Years,156,77,79,111,54,57,3,1,2,6,3,3,1,0,1,35,19,16
CALHOUN COUNTY,057,78 Years,135,64,71,95,40,55,5,1,4,6,4,2,1,1,0,28,18,10
CALHOUN COUNTY,057,79 Years,114,57,57,86,42,44,7,3,4,4,2,2,2,1,1,15,9,6
CALHOUN COUNTY,057,80 Years,115,60,55,79,42,37,4,2,2,4,2,2,3,1,2,25,13,12
CALHOUN COUNTY,057,81 Years,107,54,53,76,39,37,6,3,3,2,2,0,0,0,0,23,10,13
CALHOUN COUNTY,057,82 Years,114,58,56,76,38,38,8,5,3,7,5,2,0,0,0,23,10,13
CALHOUN COUNTY,057,83 Years,99,51,48,71,36,35,6,5,1,5,3,2,1,0,1,16,7,9
CALHOUN COUNTY,057,84 Years,84,39,45,57,28,29,3,1,2,5,2,3,1,1,0,18,7,11
CALHOUN COUNTY,057,85 Years,84,34,50,62,25,37,4,2,2,3,2,1,0,0,0,15,5,10
CALHOUN COUNTY,057,86 Years,68,26,42,48,17,31,4,2,2,2,1,1,1,1,0,13,5,8
CALHOUN COUNTY,057,87 Years,62,24,38,41,18,23,3,1,2,5,1,4,0,0,0,13,4,9
CALHOUN COUNTY,057,88 Years,57,25,32,38,17,21,2,1,1,5,1,4,0,0,0,12,6,6
CALHOUN COUNTY,057,89 Years,59,29,30,39,18,21,4,2,2,4,3,1,1,1,0,11,5,6
CALHOUN COUNTY,057,90 Years,44,19,25,30,14,16,2,1,1,3,1,2,0,0,0,9,3,6
CALHOUN COUNTY,057,91 Years,32,14,18,19,9,10,2,1,1,2,1,1,0,0,0,9,3,6
CALHOUN COUNTY,057,92 Years,24,11,13,15,9,6,1,0,1,2,0,2,0,0,0,6,2,4
CALHOUN COUNTY,057,93 Years,25,12,13,16,6,10,2,1,1,2,2,0,0,0,0,5,3,2
CALHOUN COUNTY,057,94 Years,20,8,12,11,4,7,3,1,2,1,1,0,0,0,0,5,2,3
CALHOUN COUNTY,057,95 Years +,44,20,24,24,10,14,4,1,3,3,3,0,2,1,1,11,5,6
CALLAHAN COUNTY,059,All Ages,14070,7005,7065,12035,5966,6069,152,72,80,71,19,52,336,166,170,1476,782,694
CALLAHAN COUNTY,059,< 1 Year,127,63,64,105,49,56,2,1,1,0,0,0,4,2,2,16,11,5
CALLAHAN COUNTY,059,1 Years,140,68,72,112,53,59,1,0,1,0,0,0,5,2,3,22,13,9
CALLAHAN COUNTY,059,2 Years,149,73,76,118,57,61,2,1,1,1,0,1,5,2,3,23,13,10
CALLAHAN COUNTY,059,3 Years,157,82,75,123,65,58,2,1,1,1,0,1,4,2,2,27,14,13
CALLAHAN COUNTY,059,4 Years,156,83,73,120,64,56,2,1,1,1,0,1,7,4,3,26,14,12
CALLAHAN COUNTY,059,5 Years,145,81,64,111,62,49,3,2,1,1,0,1,8,4,4,22,13,9
CALLAHAN COUNTY,059,6 Years,144,80,64,104,57,47,2,1,1,2,1,1,12,6,6,24,15,9
CALLAHAN COUNTY,059,7 Years,126,69,57,92,52,40,2,1,1,2,1,1,10,5,5,20,10,10
CALLAHAN COUNTY,059,8 Years,127,69,58,96,54,42,2,1,1,2,1,1,7,4,3,20,9,11
CALLAHAN COUNTY,059,9 Years,158,94,64,127,79,48,3,0,3,1,0,1,6,5,1,21,10,11
CALLAHAN COUNTY,059,10 Years,147,75,72,119,60,59,3,0,3,1,0,1,4,2,2,20,13,7
CALLAHAN COUNTY,059,11 Years,142,72,70,113,58,55,2,1,1,0,0,0,5,2,3,22,11,11
CALLAHAN COUNTY,059,12 Years,168,91,77,132,77,55,3,1,2,1,0,1,4,2,2,28,11,17
CALLAHAN COUNTY,059,13 Years,174,99,75,140,86,54,3,1,2,1,0,1,3,2,1,27,10,17
CALLAHAN COUNTY,059,14 Years,164,99,65,129,83,46,2,1,1,0,0,0,9,5,4,24,10,14
CALLAHAN COUNTY,059,15 Years,180,102,78,149,87,62,4,3,1,0,0,0,7,4,3,20,8,12
CALLAHAN COUNTY,059,16 Years,167,89,78,134,68,66,1,1,0,0,0,0,6,5,1,26,15,11
CALLAHAN COUNTY,059,17 Years,183,92,91,148,73,75,2,1,1,0,0,0,7,5,2,26,13,13
CALLAHAN COUNTY,059,18 Years,153,77,76,128,67,61,1,0,1,0,0,0,5,3,2,19,7,12
CALLAHAN COUNTY,059,19 Years,127,67,60,91,48,43,2,2,0,0,0,0,6,4,2,28,13,15
CALLAHAN COUNTY,059,20 Years,134,65,69,93,45,48,3,2,1,0,0,0,9,5,4,29,13,16
CALLAHAN COUNTY,059,21 Years,129,62,67,88,44,44,3,0,3,1,1,0,8,3,5,29,14,15
CALLAHAN COUNTY,059,22 Years,134,69,65,93,44,49,3,2,1,2,0,2,11,6,5,25,17,8
CALLAHAN COUNTY,059,23 Years,143,69,74,109,51,58,4,2,2,0,0,0,4,2,2,26,14,12
CALLAHAN COUNTY,059,24 Years,150,69,81,117,54,63,2,1,1,0,0,0,3,0,3,28,14,14
CALLAHAN COUNTY,059,25 Years,159,81,78,123,59,64,5,4,1,0,0,0,5,2,3,26,16,10
CALLAHAN COUNTY,059,26 Years,180,96,84,149,78,71,3,2,1,2,1,1,3,1,2,23,14,9
CALLAHAN COUNTY,059,27 Years,158,84,74,126,63,63,2,1,1,3,2,1,0,0,0,27,18,9
CALLAHAN COUNTY,059,28 Years,156,84,72,135,72,63,2,1,1,1,1,0,1,1,0,17,9,8
CALLAHAN COUNTY,059,29 Years,170,94,76,134,71,63,3,1,2,2,0,2,2,1,1,29,21,8
CALLAHAN COUNTY,059,30 Years,192,103,89,154,75,79,3,1,2,1,0,1,2,1,1,32,26,6
CALLAHAN COUNTY,059,31 Years,172,81,91,152,70,82,0,0,0,2,0,2,3,0,3,15,11,4
CALLAHAN COUNTY,059,32 Years,156,78,78,136,71,65,1,1,0,1,0,1,2,1,1,16,5,11
CALLAHAN COUNTY,059,33 Years,155,77,78,128,65,63,0,0,0,0,0,0,3,1,2,24,11,13
CALLAHAN COUNTY,059,34 Years,150,70,80,129,57,72,0,0,0,0,0,0,3,1,2,18,12,6
CALLAHAN COUNTY,059,35 Years,173,77,96,142,64,78,2,1,1,0,0,0,5,1,4,24,11,13
CALLAHAN COUNTY,059,36 Years,180,95,85,142,74,68,1,0,1,0,0,0,4,1,3,33,20,13
CALLAHAN COUNTY,059,37 Years,168,94,74,139,73,66,1,1,0,1,0,1,2,1,1,25,19,6
CALLAHAN COUNTY,059,38 Years,164,86,78,131,72,59,2,1,1,1,0,1,3,3,0,27,10,17
CALLAHAN COUNTY,059,39 Years,178,87,91,139,71,68,4,1,3,1,0,1,3,1,2,31,14,17
CALLAHAN COUNTY,059,40 Years,161,82,79,128,64,64,1,0,1,1,0,1,2,0,2,29,18,11
CALLAHAN COUNTY,059,41 Years,167,85,82,150,76,74,0,0,0,0,0,0,5,3,2,12,6,6
CALLAHAN COUNTY,059,42 Years,166,89,77,150,79,71,1,1,0,1,0,1,3,1,2,11,8,3
CALLAHAN COUNTY,059,43 Years,162,81,81,144,70,74,2,2,0,0,0,0,1,0,1,15,9,6
CALLAHAN COUNTY,059,44 Years,152,72,80,135,67,68,4,1,3,0,0,0,4,0,4,9,4,5
CALLAHAN COUNTY,059,45 Years,163,78,85,143,73,70,3,1,2,1,0,1,2,1,1,14,3,11
CALLAHAN COUNTY,059,46 Years,150,63,87,136,58,78,3,3,0,0,0,0,3,1,2,8,1,7
CALLAHAN COUNTY,059,47 Years,156,77,79,144,71,73,0,0,0,0,0,0,1,0,1,11,6,5
CALLAHAN COUNTY,059,48 Years,182,79,103,171,74,97,0,0,0,1,0,1,2,1,1,8,4,4
CALLAHAN COUNTY,059,49 Years,174,79,95,158,73,85,1,0,1,1,1,0,3,0,3,11,5,6
CALLAHAN COUNTY,059,50 Years,183,87,96,159,74,85,2,1,1,1,1,0,5,1,4,16,10,6
CALLAHAN COUNTY,059,51 Years,176,86,90,159,78,81,2,2,0,1,0,1,3,1,2,11,5,6
CALLAHAN COUNTY,059,52 Years,171,88,83,151,79,72,1,0,1,2,0,2,2,1,1,15,8,7
CALLAHAN COUNTY,059,53 Years,160,82,78,140,74,66,0,0,0,2,1,1,2,1,1,16,6,10
CALLAHAN COUNTY,059,54 Years,163,81,82,147,75,72,0,0,0,1,0,1,2,2,0,13,4,9
CALLAHAN COUNTY,059,55 Years,193,95,98,177,88,89,1,1,0,0,0,0,2,0,2,13,6,7
CALLAHAN COUNTY,059,56 Years,230,113,117,203,103,100,2,1,1,0,0,0,2,1,1,23,8,15
CALLAHAN COUNTY,059,57 Years,234,109,125,210,97,113,1,1,0,0,0,0,2,1,1,21,10,11
CALLAHAN COUNTY,059,58 Years,211,108,103,185,91,94,3,2,1,1,1,0,8,5,3,14,9,5
CALLAHAN COUNTY,059,59 Years,242,116,126,207,100,107,4,2,2,3,0,3,6,3,3,22,11,11
CALLAHAN COUNTY,059,60 Years,228,112,116,205,101,104,4,2,2,1,0,1,2,1,1,16,8,8
CALLAHAN COUNTY,059,61 Years,205,96,109,188,87,101,1,0,1,0,0,0,3,3,0,13,6,7
CALLAHAN COUNTY,059,62 Years,201,101,100,178,85,93,1,0,1,2,1,1,4,3,1,16,12,4
CALLAHAN COUNTY,059,63 Years,201,92,109,185,82,103,0,0,0,0,0,0,5,2,3,11,8,3
CALLAHAN COUNTY,059,64 Years,219,103,116,197,91,106,2,1,1,2,1,1,7,4,3,11,6,5
CALLAHAN COUNTY,059,65 Years,224,109,115,205,97,108,2,1,1,3,2,1,5,2,3,9,7,2
CALLAHAN COUNTY,059,66 Years,189,98,91,176,91,85,1,0,1,1,1,0,2,1,1,9,5,4
CALLAHAN COUNTY,059,67 Years,183,89,94,168,80,88,2,2,0,1,0,1,4,3,1,8,4,4
CALLAHAN COUNTY,059,68 Years,175,85,90,161,79,82,1,1,0,1,0,1,4,2,2,8,3,5
CALLAHAN COUNTY,059,69 Years,180,80,100,166,75,91,3,0,3,1,0,1,3,2,1,7,3,4
CALLAHAN COUNTY,059,70 Years,191,82,109,181,79,102,1,0,1,0,0,0,2,1,1,7,2,5
CALLAHAN COUNTY,059,71 Years,187,79,108,180,77,103,0,0,0,0,0,0,2,0,2,5,2,3
CALLAHAN COUNTY,059,72 Years,181,86,95,170,83,87,1,1,0,1,0,1,3,0,3,6,2,4
CALLAHAN COUNTY,059,73 Years,139,73,66,126,66,60,0,0,0,1,1,0,3,1,2,9,5,4
CALLAHAN COUNTY,059,74 Years,145,62,83,134,57,77,2,1,1,1,1,0,2,0,2,6,3,3
CALLAHAN COUNTY,059,75 Years,137,73,64,124,65,59,1,0,1,0,0,0,3,2,1,9,6,3
CALLAHAN COUNTY,059,76 Years,124,63,61,117,57,60,1,1,0,0,0,0,1,1,0,5,4,1
CALLAHAN COUNTY,059,77 Years,116,64,52,105,56,49,1,1,0,1,0,1,2,2,0,7,5,2
CALLAHAN COUNTY,059,78 Years,101,53,48,94,48,46,1,1,0,0,0,0,1,1,0,5,3,2
CALLAHAN COUNTY,059,79 Years,103,53,50,97,49,48,0,0,0,0,0,0,3,1,2,3,3,0
CALLAHAN COUNTY,059,80 Years,100,43,57,93,41,52,2,0,2,1,0,1,1,1,0,3,1,2
CALLAHAN COUNTY,059,81 Years,99,43,56,94,43,51,2,0,2,0,0,0,0,0,0,3,0,3
CALLAHAN COUNTY,059,82 Years,92,50,42,82,45,37,0,0,0,2,0,2,2,2,0,6,3,3
CALLAHAN COUNTY,059,83 Years,76,37,39,67,34,33,0,0,0,2,0,2,2,1,1,5,2,3
CALLAHAN COUNTY,059,84 Years,71,35,36,67,34,33,0,0,0,1,0,1,1,0,1,2,1,1
CALLAHAN COUNTY,059,85 Years,48,22,26,45,21,24,0,0,0,0,0,0,1,0,1,2,1,1
CALLAHAN COUNTY,059,86 Years,48,16,32,43,15,28,1,0,1,1,0,1,0,0,0,3,1,2
CALLAHAN COUNTY,059,87 Years,50,20,30,46,18,28,0,0,0,0,0,0,2,1,1,2,1,1
CALLAHAN COUNTY,059,88 Years,50,19,31,43,15,28,0,0,0,0,0,0,2,1,1,5,3,2
CALLAHAN COUNTY,059,89 Years,37,17,20,32,14,18,0,0,0,0,0,0,1,1,0,4,2,2
CALLAHAN COUNTY,059,90 Years,35,17,18,33,15,18,0,0,0,0,0,0,0,0,0,2,2,0
CALLAHAN COUNTY,059,91 Years,22,10,12,20,9,11,1,0,1,0,0,0,0,0,0,1,1,0
CALLAHAN COUNTY,059,92 Years,23,9,14,18,6,12,0,0,0,0,0,0,1,1,0,4,2,2
CALLAHAN COUNTY,059,93 Years,16,5,11,13,4,9,0,0,0,0,0,0,1,1,0,2,0,2
CALLAHAN COUNTY,059,94 Years,14,4,10,11,3,8,0,0,0,0,0,0,1,0,1,2,1,1
CALLAHAN COUNTY,059,95 Years +,29,9,20,24,8,16,2,0,2,0,0,0,0,0,0,3,1,2
CAMERON COUNTY,061,All Ages,426210,206708,219502,37470,19008,18462,1438,829,609,2670,1330,1340,1626,808,818,383006,184733,198273
CAMERON COUNTY,061,< 1 Year,6392,3245,3147,247,136,111,19,10,9,16,8,8,80,40,40,6030,3051,2979
CAMERON COUNTY,061,1 Years,6320,3215,3105,263,145,118,25,13,12,14,7,7,81,39,42,5937,3011,2926
CAMERON COUNTY,061,2 Years,6536,3332,3204,290,159,131,25,11,14,16,10,6,18,10,8,6187,3142,3045
CAMERON COUNTY,061,3 Years,6819,3481,3338,331,177,154,35,16,19,19,11,8,20,11,9,6414,3266,3148
CAMERON COUNTY,061,4 Years,7116,3639,3477,367,192,175,34,17,17,23,13,10,25,14,11,6667,3403,3264
CAMERON COUNTY,061,5 Years,7257,3718,3539,387,191,196,33,16,17,27,15,12,28,14,14,6782,3482,3300
CAMERON COUNTY,061,6 Years,7264,3722,3542,393,194,199,28,16,12,26,14,12,27,14,13,6790,3484,3306
CAMERON COUNTY,061,7 Years,7325,3744,3581,398,201,197,24,13,11,26,14,12,24,12,12,6853,3504,3349
CAMERON COUNTY,061,8 Years,7450,3808,3642,419,223,196,22,12,10,29,15,14,22,13,9,6958,3545,3413
CAMERON COUNTY,061,9 Years,6971,3522,3449,398,199,199,15,4,11,31,14,17,20,9,11,6507,3296,3211
CAMERON COUNTY,061,10 Years,6668,3357,3311,404,199,205,12,6,6,25,14,11,19,11,8,6208,3127,3081
CAMERON COUNTY,061,11 Years,6841,3433,3408,395,200,195,8,3,5,21,8,13,19,10,9,6398,3212,3186
CAMERON COUNTY,061,12 Years,6858,3518,3340,389,196,193,10,3,7,29,18,11,21,11,10,6409,3290,3119
CAMERON COUNTY,061,13 Years,6903,3503,3400,346,170,176,13,4,9,26,16,10,27,13,14,6491,3300,3191
CAMERON COUNTY,061,14 Years,7085,3521,3564,363,169,194,12,6,6,30,13,17,25,11,14,6655,3322,3333
CAMERON COUNTY,061,15 Years,7163,3604,3559,371,187,184,18,11,7,42,19,23,25,15,10,6707,3372,3335
CAMERON COUNTY,061,16 Years,7184,3620,3564,354,179,175,20,9,11,32,17,15,27,15,12,6751,3400,3351
CAMERON COUNTY,061,17 Years,7232,3592,3640,341,175,166,18,9,9,41,28,13,22,13,9,6810,3367,3443
CAMERON COUNTY,061,18 Years,6992,3562,3430,314,178,136,21,8,13,37,25,12,27,12,15,6593,3339,3254
CAMERON COUNTY,061,19 Years,6542,3368,3174,269,150,119,17,5,12,35,17,18,20,9,11,6201,3187,3014
CAMERON COUNTY,061,20 Years,6271,3255,3016,250,128,122,13,8,5,45,22,23,19,11,8,5944,3086,2858
CAMERON COUNTY,061,21 Years,6158,3118,3040,254,132,122,18,10,8,40,20,20,23,8,15,5823,2948,2875
CAMERON COUNTY,061,22 Years,6008,3063,2945,253,126,127,19,12,7,40,20,20,21,12,9,5675,2893,2782
CAMERON COUNTY,061,23 Years,5982,3078,2904,276,133,143,17,8,9,36,17,19,20,11,9,5633,2909,2724
CAMERON COUNTY,061,24 Years,5968,3046,2922,296,137,159,19,9,10,32,20,12,24,12,12,5597,2868,2729
CAMERON COUNTY,061,25 Years,6027,3089,2938,323,163,160,16,8,8,38,19,19,31,15,16,5619,2884,2735
CAMERON COUNTY,061,26 Years,6199,3196,3003,345,171,174,17,7,10,38,22,16,22,15,7,5777,2981,2796
CAMERON COUNTY,061,27 Years,6089,3133,2956,348,187,161,16,5,11,41,25,16,20,11,9,5664,2905,2759
CAMERON COUNTY,061,28 Years,5916,3004,2912,321,171,150,23,11,12,30,17,13,20,10,10,5522,2795,2727
CAMERON COUNTY,061,29 Years,5626,2845,2781,315,169,146,28,17,11,29,16,13,20,9,11,5234,2634,2600
CAMERON COUNTY,061,30 Years,5280,2665,2615,309,171,138,28,21,7,21,14,7,25,11,14,4897,2448,2449
CAMERON COUNTY,061,31 Years,5049,2546,2503,325,192,133,20,14,6,24,16,8,20,11,9,4660,2313,2347
CAMERON COUNTY,061,32 Years,4906,2439,2467,320,178,142,19,13,6,27,18,9,19,9,10,4521,2221,2300
CAMERON COUNTY,061,33 Years,4861,2433,2428,351,188,163,22,13,9,35,22,13,12,8,4,4441,2202,2239
CAMERON COUNTY,061,34 Years,4962,2474,2488,344,191,153,22,15,7,32,18,14,17,9,8,4547,2241,2306
CAMERON COUNTY,061,35 Years,4897,2431,2466,341,194,147,24,16,8,31,16,15,18,13,5,4483,2192,2291
CAMERON COUNTY,061,36 Years,4920,2449,2471,335,173,162,15,10,5,37,22,15,13,10,3,4520,2234,2286
CAMERON COUNTY,061,37 Years,5075,2452,2623,336,170,166,21,15,6,35,16,19,17,13,4,4666,2238,2428
CAMERON COUNTY,061,38 Years,5298,2521,2777,335,173,162,21,15,6,38,14,24,15,11,4,4889,2308,2581
CAMERON COUNTY,061,39 Years,5188,2500,2688,345,170,175,21,15,6,28,17,11,14,7,7,4780,2291,2489
CAMERON COUNTY,061,40 Years,4874,2297,2577,313,165,148,20,15,5,31,10,21,12,4,8,4498,2103,2395
CAMERON COUNTY,061,41 Years,4900,2347,2553,322,167,155,19,13,6,41,19,22,10,4,6,4508,2144,2364
CAMERON COUNTY,061,42 Years,5121,2434,2687,322,175,147,17,14,3,40,17,23,9,6,3,4733,2222,2511
CAMERON COUNTY,061,43 Years,5234,2476,2758,305,165,140,19,14,5,45,22,23,10,5,5,4855,2270,2585
CAMERON COUNTY,061,44 Years,5325,2570,2755,314,155,159,19,13,6,38,18,20,6,3,3,4948,2381,2567
CAMERON COUNTY,061,45 Years,5213,2497,2716,313,176,137,19,10,9,39,22,17,13,4,9,4829,2285,2544
CAMERON COUNTY,061,46 Years,5089,2361,2728,316,166,150,18,12,6,42,23,19,16,6,10,4697,2154,2543
CAMERON COUNTY,061,47 Years,5041,2329,2712,347,182,165,15,11,4,51,22,29,15,6,9,4613,2108,2505
CAMERON COUNTY,061,48 Years,5160,2324,2836,374,190,184,16,12,4,48,17,31,14,6,8,4708,2099,2609
CAMERON COUNTY,061,49 Years,5152,2360,2792,412,212,200,13,9,4,51,18,33,14,5,9,4662,2116,2546
CAMERON COUNTY,061,50 Years,4809,2237,2572,408,221,187,15,9,6,47,21,26,18,6,12,4321,1980,2341
CAMERON COUNTY,061,51 Years,4595,2102,2493,363,181,182,15,9,6,47,20,27,14,5,9,4156,1887,2269
CAMERON COUNTY,061,52 Years,4596,2106,2490,367,180,187,16,10,6,53,23,30,13,6,7,4147,1887,2260
CAMERON COUNTY,061,53 Years,4372,2021,2351,384,190,194,12,8,4,46,24,22,16,6,10,3914,1793,2121
CAMERON COUNTY,061,54 Years,4486,2084,2402,426,209,217,25,19,6,48,22,26,24,12,12,3963,1822,2141
CAMERON COUNTY,061,55 Years,4454,2016,2438,479,244,235,20,10,10,49,23,26,18,11,7,3888,1728,2160
CAMERON COUNTY,061,56 Years,4440,2031,2409,486,243,243,11,5,6,38,18,20,15,9,6,3890,1756,2134
CAMERON COUNTY,061,57 Years,4343,2013,2330,485,243,242,15,9,6,33,17,16,16,6,10,3794,1738,2056
CAMERON COUNTY,061,58 Years,4412,2004,2408,547,268,279,18,14,4,39,14,25,15,7,8,3793,1701,2092
CAMERON COUNTY,061,59 Years,4390,2056,2334,558,287,271,17,10,7,47,23,24,19,8,11,3749,1728,2021
CAMERON COUNTY,061,60 Years,4253,2009,2244,584,293,291,17,10,7,44,21,23,21,8,13,3587,1677,1910
CAMERON COUNTY,061,61 Years,4192,1962,2230,547,284,263,13,8,5,34,19,15,24,12,12,3574,1639,1935
CAMERON COUNTY,061,62 Years,4178,1904,2274,587,300,287,17,9,8,32,18,14,13,5,8,3529,1572,1957
CAMERON COUNTY,061,63 Years,4152,1866,2286,623,298,325,17,9,8,39,27,12,19,9,10,3454,1523,1931
CAMERON COUNTY,061,64 Years,4053,1779,2274,638,297,341,19,14,5,38,18,20,20,10,10,3338,1440,1898
CAMERON COUNTY,061,65 Years,4000,1798,2202,654,314,340,16,11,5,30,14,16,18,9,9,3282,1450,1832
CAMERON COUNTY,061,66 Years,3968,1841,2127,692,323,369,17,9,8,35,16,19,12,8,4,3212,1485,1727
CAMERON COUNTY,061,67 Years,3707,1686,2021,692,327,365,21,12,9,32,13,19,10,6,4,2952,1328,1624
CAMERON COUNTY,061,68 Years,3650,1641,2009,690,352,338,18,11,7,25,10,15,18,10,8,2899,1258,1641
CAMERON COUNTY,061,69 Years,3599,1662,1937,702,374,328,8,4,4,25,7,18,17,8,9,2847,1269,1578
CAMERON COUNTY,061,70 Years,3419,1601,1818,701,387,314,9,4,5,20,7,13,20,10,10,2669,1193,1476
CAMERON COUNTY,061,71 Years,3389,1551,1838,727,369,358,14,8,6,21,13,8,18,9,9,2609,1152,1457
CAMERON COUNTY,061,72 Years,3233,1513,1720,757,381,376,8,5,3,17,7,10,15,8,7,2436,1112,1324
CAMERON COUNTY,061,73 Years,2863,1338,1525,648,340,308,6,5,1,15,8,7,9,5,4,2185,980,1205
CAMERON COUNTY,061,74 Years,2735,1252,1483,648,329,319,7,5,2,18,8,10,11,4,7,2051,906,1145
CAMERON COUNTY,061,75 Years,2569,1137,1432,676,342,334,10,6,4,11,5,6,11,2,9,1861,782,1079
CAMERON COUNTY,061,76 Years,2278,1021,1257,623,326,297,7,4,3,15,6,9,10,3,7,1623,682,941
CAMERON COUNTY,061,77 Years,2125,931,1194,564,282,282,5,2,3,12,6,6,12,5,7,1532,636,896
CAMERON COUNTY,061,78 Years,2019,869,1150,540,263,277,7,5,2,11,6,5,13,6,7,1448,589,859
CAMERON COUNTY,061,79 Years,1914,842,1072,502,250,252,5,3,2,9,4,5,11,4,7,1387,581,806
CAMERON COUNTY,061,80 Years,1728,737,991,459,224,235,5,4,1,10,5,5,8,3,5,1246,501,745
CAMERON COUNTY,061,81 Years,1639,693,946,428,210,218,5,1,4,7,4,3,10,4,6,1189,474,715
CAMERON COUNTY,061,82 Years,1476,627,849,378,191,187,4,2,2,6,4,2,7,4,3,1081,426,655
CAMERON COUNTY,061,83 Years,1363,552,811,359,180,179,2,1,1,6,2,4,6,4,2,990,365,625
CAMERON COUNTY,061,84 Years,1231,483,748,311,145,166,7,4,3,8,4,4,7,4,3,898,326,572
CAMERON COUNTY,061,85 Years,1073,429,644,248,119,129,4,2,2,8,3,5,4,2,2,809,303,506
CAMERON COUNTY,061,86 Years,948,366,582,212,95,117,5,3,2,5,2,3,4,3,1,722,263,459
CAMERON COUNTY,061,87 Years,861,318,543,199,87,112,3,3,0,6,2,4,3,0,3,650,226,424
CAMERON COUNTY,061,88 Years,791,296,495,193,87,106,2,1,1,6,2,4,3,1,2,587,205,382
CAMERON COUNTY,061,89 Years,691,253,438,159,71,88,1,1,0,4,1,3,5,2,3,522,178,344
CAMERON COUNTY,061,90 Years,555,197,358,133,60,73,1,0,1,4,0,4,3,2,1,414,135,279
CAMERON COUNTY,061,91 Years,458,153,305,100,41,59,1,0,1,5,1,4,2,1,1,350,110,240
CAMERON COUNTY,061,92 Years,368,128,240,82,32,50,2,0,2,4,2,2,1,0,1,279,94,185
CAMERON COUNTY,061,93 Years,302,101,201,64,25,39,2,0,2,3,2,1,2,0,2,231,74,157
CAMERON COUNTY,061,94 Years,247,82,165,50,19,31,1,1,0,1,0,1,2,0,2,193,62,131
CAMERON COUNTY,061,95 Years +,579,184,395,98,35,63,5,2,3,9,3,6,3,0,3,464,144,320
CAMP COUNTY,063,All Ages,12914,6308,6606,7176,3457,3719,2102,965,1137,69,33,36,406,202,204,3161,1651,1510
CAMP COUNTY,063,< 1 Year,171,81,90,65,32,33,26,12,14,0,0,0,18,7,11,62,30,32
CAMP COUNTY,063,1 Years,165,84,81,67,36,31,21,11,10,0,0,0,18,9,9,59,28,31
CAMP COUNTY,063,2 Years,172,82,90,70,35,35,22,11,11,0,0,0,22,12,10,58,24,34
CAMP COUNTY,063,3 Years,167,84,83,73,38,35,17,9,8,0,0,0,18,11,7,59,26,33
CAMP COUNTY,063,4 Years,180,87,93,74,38,36,19,10,9,2,1,1,17,9,8,68,29,39
CAMP COUNTY,063,5 Years,191,94,97,81,44,37,18,9,9,2,1,1,18,5,13,72,35,37
CAMP COUNTY,063,6 Years,200,98,102,82,42,40,28,14,14,2,1,1,15,5,10,73,36,37
CAMP COUNTY,063,7 Years,177,86,91,73,36,37,26,12,14,2,1,1,14,5,9,62,32,30
CAMP COUNTY,063,8 Years,178,83,95,75,34,41,29,12,17,2,1,1,9,6,3,63,30,33
CAMP COUNTY,063,9 Years,167,91,76,69,42,27,20,11,9,3,1,2,13,4,9,62,33,29
CAMP COUNTY,063,10 Years,169,96,73,68,37,31,20,12,8,1,0,1,12,8,4,68,39,29
CAMP COUNTY,063,11 Years,180,89,91,79,37,42,24,10,14,0,0,0,12,6,6,65,36,29
CAMP COUNTY,063,12 Years,185,86,99,82,39,43,24,15,9,0,0,0,11,4,7,68,28,40
CAMP COUNTY,063,13 Years,176,86,90,83,42,41,20,14,6,1,1,0,9,4,5,63,25,38
CAMP COUNTY,063,14 Years,189,94,95,80,46,34,26,13,13,1,1,0,7,2,5,75,32,43
CAMP COUNTY,063,15 Years,193,87,106,78,35,43,33,17,16,0,0,0,6,3,3,76,32,44
CAMP COUNTY,063,16 Years,176,86,90,74,33,41,31,16,15,2,2,0,7,5,2,62,30,32
CAMP COUNTY,063,17 Years,173,80,93,72,31,41,28,12,16,1,1,0,6,3,3,66,33,33
CAMP COUNTY,063,18 Years,159,75,84,61,27,34,23,10,13,2,0,2,6,4,2,67,34,33
CAMP COUNTY,063,19 Years,149,69,80,60,26,34,24,11,13,2,0,2,7,4,3,56,28,28
CAMP COUNTY,063,20 Years,155,78,77,63,31,32,30,15,15,4,2,2,4,1,3,54,29,25
CAMP COUNTY,063,21 Years,161,94,67,67,39,28,32,17,15,1,1,0,6,3,3,55,34,21
CAMP COUNTY,063,22 Years,166,91,75,64,41,23,30,15,15,0,0,0,7,4,3,65,31,34
CAMP COUNTY,063,23 Years,161,88,73,68,37,31,32,16,16,0,0,0,7,5,2,54,30,24
CAMP COUNTY,063,24 Years,172,95,77,76,44,32,29,15,14,1,1,0,4,1,3,62,34,28
CAMP COUNTY,063,25 Years,168,96,72,78,44,34,30,19,11,4,2,2,3,2,1,53,29,24
CAMP COUNTY,063,26 Years,178,90,88,74,37,37,37,15,22,1,1,0,8,5,3,58,32,26
CAMP COUNTY,063,27 Years,178,79,99,83,37,46,37,12,25,1,1,0,6,2,4,51,27,24
CAMP COUNTY,063,28 Years,178,84,94,100,49,51,25,11,14,0,0,0,3,1,2,50,23,27
CAMP COUNTY,063,29 Years,180,88,92,100,45,55,32,18,14,0,0,0,4,1,3,44,24,20
CAMP COUNTY,063,30 Years,174,81,93,90,38,52,35,14,21,0,0,0,4,2,2,45,27,18
CAMP COUNTY,063,31 Years,152,76,76,83,45,38,22,10,12,0,0,0,4,2,2,43,19,24
CAMP COUNTY,063,32 Years,165,84,81,92,44,48,25,13,12,0,0,0,3,1,2,45,26,19
CAMP COUNTY,063,33 Years,141,65,76,76,34,42,22,7,15,0,0,0,3,2,1,40,22,18
CAMP COUNTY,063,34 Years,149,67,82,78,37,41,29,10,19,1,0,1,2,1,1,39,19,20
CAMP COUNTY,063,35 Years,136,72,64,78,36,42,24,14,10,0,0,0,2,1,1,32,21,11
CAMP COUNTY,063,36 Years,140,78,62,78,43,35,22,13,9,1,1,0,4,1,3,35,20,15
CAMP COUNTY,063,37 Years,141,75,66,72,37,35,27,14,13,2,1,1,3,1,2,37,22,15
CAMP COUNTY,063,38 Years,156,82,74,77,39,38,21,7,14,3,2,1,3,1,2,52,33,19
CAMP COUNTY,063,39 Years,148,70,78,76,35,41,27,9,18,1,1,0,4,2,2,40,23,17
CAMP COUNTY,063,40 Years,150,78,72,79,37,42,33,18,15,0,0,0,2,1,1,36,22,14
CAMP COUNTY,063,41 Years,158,66,92,91,36,55,26,9,17,0,0,0,3,1,2,38,20,18
CAMP COUNTY,063,42 Years,159,76,83,84,35,49,31,16,15,0,0,0,3,1,2,41,24,17
CAMP COUNTY,063,43 Years,140,79,61,80,40,40,20,13,7,0,0,0,2,2,0,38,24,14
CAMP COUNTY,063,44 Years,129,63,66,69,31,38,16,8,8,0,0,0,3,1,2,41,23,18
CAMP COUNTY,063,45 Years,120,60,60,68,28,40,15,7,8,1,0,1,0,0,0,36,25,11
CAMP COUNTY,063,46 Years,130,62,68,78,34,44,16,7,9,2,1,1,2,0,2,32,20,12
CAMP COUNTY,063,47 Years,148,66,82,89,40,49,20,8,12,2,1,1,0,0,0,37,17,20
CAMP COUNTY,063,48 Years,158,75,83,95,46,49,23,9,14,0,0,0,2,2,0,38,18,20
CAMP COUNTY,063,49 Years,151,74,77,85,43,42,25,11,14,0,0,0,3,2,1,38,18,20
CAMP COUNTY,063,50 Years,141,66,75,80,37,43,26,10,16,0,0,0,3,2,1,32,17,15
CAMP COUNTY,063,51 Years,135,60,75,84,40,44,17,6,11,0,0,0,3,1,2,31,13,18
CAMP COUNTY,063,52 Years,127,61,66,80,39,41,21,8,13,0,0,0,1,0,1,25,14,11
CAMP COUNTY,063,53 Years,132,59,73,67,31,36,34,15,19,1,0,1,1,0,1,29,13,16
CAMP COUNTY,063,54 Years,167,71,96,90,32,58,37,20,17,1,0,1,3,2,1,36,17,19
CAMP COUNTY,063,55 Years,149,76,73,88,42,46,30,12,18,3,2,1,1,0,1,27,20,7
CAMP COUNTY,063,56 Years,142,79,63,76,44,32,31,15,16,1,1,0,1,1,0,33,18,15
CAMP COUNTY,063,57 Years,168,89,79,109,60,49,24,10,14,2,1,1,2,1,1,31,17,14
CAMP COUNTY,063,58 Years,172,80,92,120,57,63,22,8,14,1,0,1,3,1,2,26,14,12
CAMP COUNTY,063,59 Years,159,73,86,103,47,56,30,10,20,1,0,1,2,2,0,23,14,9
CAMP COUNTY,063,60 Years,156,83,73,105,55,50,29,12,17,0,0,0,1,1,0,21,15,6
CAMP COUNTY,063,61 Years,162,83,79,110,58,52,31,13,18,1,0,1,1,0,1,19,12,7
CAMP COUNTY,063,62 Years,184,85,99,134,60,74,33,16,17,1,0,1,1,1,0,15,8,7
CAMP COUNTY,063,63 Years,163,74,89,120,53,67,29,13,16,2,1,1,2,2,0,10,5,5
CAMP COUNTY,063,64 Years,186,92,94,130,62,68,38,18,20,0,0,0,3,2,1,15,10,5
CAMP COUNTY,063,65 Years,181,88,93,124,58,66,35,17,18,1,0,1,3,2,1,18,11,7
CAMP COUNTY,063,66 Years,168,89,79,122,60,62,25,15,10,0,0,0,2,2,0,19,12,7
CAMP COUNTY,063,67 Years,150,81,69,109,60,49,26,12,14,1,1,0,2,1,1,12,7,5
CAMP COUNTY,063,68 Years,141,64,77,98,45,53,32,12,20,2,1,1,2,1,1,7,5,2
CAMP COUNTY,063,69 Years,148,69,79,109,51,58,30,13,17,0,0,0,2,2,0,7,3,4
CAMP COUNTY,063,70 Years,147,72,75,114,55,59,21,12,9,1,0,1,2,2,0,9,3,6
CAMP COUNTY,063,71 Years,133,66,67,101,51,50,26,12,14,0,0,0,1,0,1,5,3,2
CAMP COUNTY,063,72 Years,136,66,70,102,52,50,20,6,14,1,0,1,3,2,1,10,6,4
CAMP COUNTY,063,73 Years,113,53,60,87,42,45,16,6,10,1,0,1,0,0,0,9,5,4
CAMP COUNTY,063,74 Years,96,42,54,76,32,44,13,6,7,0,0,0,1,1,0,6,3,3
CAMP COUNTY,063,75 Years,93,43,50,70,33,37,14,6,8,0,0,0,2,2,0,7,2,5
CAMP COUNTY,063,76 Years,91,38,53,72,31,41,13,5,8,0,0,0,0,0,0,6,2,4
CAMP COUNTY,063,77 Years,80,38,42,59,31,28,14,4,10,0,0,0,0,0,0,7,3,4
CAMP COUNTY,063,78 Years,81,37,44,62,29,33,11,4,7,0,0,0,0,0,0,8,4,4
CAMP COUNTY,063,79 Years,81,39,42,67,33,34,9,2,7,0,0,0,3,3,0,2,1,1
CAMP COUNTY,063,80 Years,60,32,28,51,27,24,6,2,4,0,0,0,2,2,0,1,1,0
CAMP COUNTY,063,81 Years,58,26,32,49,21,28,5,2,3,0,0,0,1,0,1,3,3,0
CAMP COUNTY,063,82 Years,56,22,34,49,19,30,4,1,3,0,0,0,1,0,1,2,2,0
CAMP COUNTY,063,83 Years,54,25,29,43,18,25,6,3,3,0,0,0,0,0,0,5,4,1
CAMP COUNTY,063,84 Years,46,22,24,38,17,21,6,3,3,0,0,0,0,0,0,2,2,0
CAMP COUNTY,063,85 Years,40,17,23,34,14,20,5,2,3,0,0,0,0,0,0,1,1,0
CAMP COUNTY,063,86 Years,36,13,23,29,11,18,7,2,5,0,0,0,0,0,0,0,0,0
CAMP COUNTY,063,87 Years,38,14,24,33,13,20,4,1,3,0,0,0,0,0,0,1,0,1
CAMP COUNTY,063,88 Years,33,15,18,26,12,14,6,2,4,0,0,0,1,1,0,0,0,0
CAMP COUNTY,063,89 Years,27,12,15,19,8,11,7,3,4,0,0,0,0,0,0,1,1,0
CAMP COUNTY,063,90 Years,26,11,15,18,7,11,7,3,4,0,0,0,0,0,0,1,1,0
CAMP COUNTY,063,91 Years,20,6,14,12,2,10,7,3,4,0,0,0,0,0,0,1,1,0
CAMP COUNTY,063,92 Years,14,4,10,10,2,8,4,2,2,0,0,0,0,0,0,0,0,0
CAMP COUNTY,063,93 Years,16,6,10,11,4,7,4,2,2,0,0,0,0,0,0,1,0,1
CAMP COUNTY,063,94 Years,15,6,9,10,4,6,5,2,3,0,0,0,0,0,0,0,0,0
CAMP COUNTY,063,95 Years +,34,11,23,19,6,13,10,3,7,0,0,0,1,0,1,4,2,2
CARSON COUNTY,065,All Ages,5951,3000,2951,5114,2577,2537,42,19,23,20,8,12,142,84,58,633,312,321
CARSON COUNTY,065,< 1 Year,54,28,26,40,20,20,0,0,0,0,0,0,0,0,0,14,8,6
CARSON COUNTY,065,1 Years,52,28,24,42,23,19,0,0,0,0,0,0,0,0,0,10,5,5
CARSON COUNTY,065,2 Years,59,28,31,47,22,25,0,0,0,0,0,0,0,0,0,12,6,6
CARSON COUNTY,065,3 Years,64,29,35,54,26,28,0,0,0,0,0,0,0,0,0,10,3,7
CARSON COUNTY,065,4 Years,75,32,43,62,27,35,0,0,0,0,0,0,2,0,2,11,5,6
CARSON COUNTY,065,5 Years,70,33,37,57,28,29,1,0,1,0,0,0,2,1,1,10,4,6
CARSON COUNTY,065,6 Years,76,39,37,62,32,30,1,0,1,0,0,0,2,1,1,11,6,5
CARSON COUNTY,065,7 Years,75,45,30,63,38,25,1,0,1,0,0,0,2,1,1,9,6,3
CARSON COUNTY,065,8 Years,81,49,32,66,39,27,0,0,0,0,0,0,0,0,0,15,10,5
CARSON COUNTY,065,9 Years,66,37,29,54,30,24,0,0,0,0,0,0,0,0,0,12,7,5
CARSON COUNTY,065,10 Years,77,42,35,63,36,27,2,1,1,0,0,0,1,1,0,11,4,7
CARSON COUNTY,065,11 Years,78,43,35,63,36,27,2,1,1,0,0,0,1,1,0,12,5,7
CARSON COUNTY,065,12 Years,87,48,39,74,42,32,2,1,1,0,0,0,1,0,1,10,5,5
CARSON COUNTY,065,13 Years,84,42,42,68,33,35,1,0,1,0,0,0,3,0,3,12,9,3
CARSON COUNTY,065,14 Years,92,48,44,77,37,40,0,0,0,0,0,0,1,1,0,14,10,4
CARSON COUNTY,065,15 Years,92,50,42,72,40,32,0,0,0,2,1,1,3,2,1,15,7,8
CARSON COUNTY,065,16 Years,85,46,39,72,41,31,0,0,0,1,0,1,2,1,1,10,4,6
CARSON COUNTY,065,17 Years,72,39,33,60,32,28,0,0,0,1,0,1,3,2,1,8,5,3
CARSON COUNTY,065,18 Years,76,36,40,61,28,33,0,0,0,1,0,1,5,3,2,9,5,4
CARSON COUNTY,065,19 Years,66,35,31,50,25,25,1,1,0,0,0,0,4,4,0,11,5,6
CARSON COUNTY,065,20 Years,58,29,29,44,23,21,1,0,1,1,1,0,3,3,0,9,2,7
CARSON COUNTY,065,21 Years,64,24,40,50,19,31,1,0,1,0,0,0,4,2,2,9,3,6
CARSON COUNTY,065,22 Years,73,36,37,55,29,26,2,0,2,1,1,0,1,1,0,14,5,9
CARSON COUNTY,065,23 Years,79,40,39,63,34,29,1,0,1,1,1,0,2,1,1,12,4,8
CARSON COUNTY,065,24 Years,70,36,34,60,31,29,2,1,1,0,0,0,2,2,0,6,2,4
CARSON COUNTY,065,25 Years,82,41,41,69,34,35,1,0,1,0,0,0,4,2,2,8,5,3
CARSON COUNTY,065,26 Years,102,54,48,86,44,42,1,1,0,0,0,0,4,2,2,11,7,4
CARSON COUNTY,065,27 Years,85,44,41,72,34,38,0,0,0,0,0,0,3,3,0,10,7,3
CARSON COUNTY,065,28 Years,70,34,36,60,28,32,0,0,0,0,0,0,1,1,0,9,5,4
CARSON COUNTY,065,29 Years,78,35,43,68,31,37,1,1,0,0,0,0,1,0,1,8,3,5
CARSON COUNTY,065,30 Years,78,33,45,69,28,41,1,0,1,0,0,0,0,0,0,8,5,3
CARSON COUNTY,065,31 Years,72,35,37,63,31,32,1,1,0,0,0,0,0,0,0,8,3,5
CARSON COUNTY,065,32 Years,68,35,33,60,32,28,1,0,1,0,0,0,2,2,0,5,1,4
CARSON COUNTY,065,33 Years,73,40,33,68,36,32,0,0,0,0,0,0,1,1,0,4,3,1
CARSON COUNTY,065,34 Years,81,46,35,71,38,33,0,0,0,0,0,0,1,1,0,9,7,2
CARSON COUNTY,065,35 Years,58,32,26,52,28,24,0,0,0,0,0,0,3,2,1,3,2,1
CARSON COUNTY,065,36 Years,74,41,33,68,39,29,0,0,0,0,0,0,1,0,1,5,2,3
CARSON COUNTY,065,37 Years,81,48,33,73,42,31,0,0,0,0,0,0,1,1,0,7,5,2
CARSON COUNTY,065,38 Years,80,41,39,69,39,30,0,0,0,1,0,1,1,1,0,9,1,8
CARSON COUNTY,065,39 Years,83,46,37,69,41,28,1,1,0,1,0,1,2,1,1,10,3,7
CARSON COUNTY,065,40 Years,66,34,32,60,30,30,1,1,0,0,0,0,1,1,0,4,2,2
CARSON COUNTY,065,41 Years,73,32,41,69,32,37,0,0,0,0,0,0,1,0,1,3,0,3
CARSON COUNTY,065,42 Years,72,39,33,64,36,28,0,0,0,0,0,0,2,2,0,6,1,5
CARSON COUNTY,065,43 Years,53,30,23,46,25,21,0,0,0,0,0,0,2,2,0,5,3,2
CARSON COUNTY,065,44 Years,73,33,40,67,29,38,0,0,0,0,0,0,1,0,1,5,4,1
CARSON COUNTY,065,45 Years,69,36,33,61,31,30,0,0,0,0,0,0,3,1,2,5,4,1
CARSON COUNTY,065,46 Years,68,33,35,61,29,32,0,0,0,0,0,0,1,0,1,6,4,2
CARSON COUNTY,065,47 Years,67,33,34,58,27,31,0,0,0,0,0,0,1,0,1,8,6,2
CARSON COUNTY,065,48 Years,72,35,37,63,28,35,0,0,0,1,1,0,1,1,0,7,5,2
CARSON COUNTY,065,49 Years,63,26,37,56,22,34,0,0,0,1,1,0,1,1,0,5,2,3
CARSON COUNTY,065,50 Years,70,28,42,55,23,32,1,0,1,1,1,0,2,1,1,11,3,8
CARSON COUNTY,065,51 Years,80,39,41,72,35,37,0,0,0,0,0,0,1,1,0,7,3,4
CARSON COUNTY,065,52 Years,72,35,37,64,33,31,1,0,1,1,0,1,2,0,2,4,2,2
CARSON COUNTY,065,53 Years,70,32,38,58,28,30,1,0,1,0,0,0,3,1,2,8,3,5
CARSON COUNTY,065,54 Years,75,32,43,65,29,36,0,0,0,1,0,1,2,1,1,7,2,5
CARSON COUNTY,065,55 Years,81,38,43,73,35,38,0,0,0,0,0,0,1,0,1,7,3,4
CARSON COUNTY,065,56 Years,88,40,48,76,38,38,1,1,0,1,0,1,0,0,0,10,1,9
CARSON COUNTY,065,57 Years,86,48,38,71,39,32,1,1,0,1,0,1,0,0,0,13,8,5
CARSON COUNTY,065,58 Years,74,43,31,61,35,26,2,1,1,0,0,0,1,1,0,10,6,4
CARSON COUNTY,065,59 Years,85,38,47,74,32,42,1,1,0,0,0,0,1,1,0,9,4,5
CARSON COUNTY,065,60 Years,80,39,41,70,34,36,1,1,0,0,0,0,3,2,1,6,2,4
CARSON COUNTY,065,61 Years,89,51,38,74,40,34,0,0,0,0,0,0,5,4,1,10,7,3
CARSON COUNTY,065,62 Years,81,39,42,70,34,36,0,0,0,0,0,0,4,1,3,7,4,3
CARSON COUNTY,065,63 Years,79,38,41,71,34,37,1,1,0,0,0,0,1,0,1,6,3,3
CARSON COUNTY,065,64 Years,79,45,34,73,40,33,1,1,0,0,0,0,0,0,0,5,4,1
CARSON COUNTY,065,65 Years,82,45,37,75,41,34,0,0,0,1,0,1,2,2,0,4,2,2
CARSON COUNTY,065,66 Years,79,45,34,71,40,31,0,0,0,0,0,0,3,2,1,5,3,2
CARSON COUNTY,065,67 Years,73,41,32,68,38,30,0,0,0,0,0,0,1,1,0,4,2,2
CARSON COUNTY,065,68 Years,57,27,30,51,24,27,0,0,0,0,0,0,2,2,0,4,1,3
CARSON COUNTY,065,69 Years,57,28,29,53,27,26,0,0,0,0,0,0,0,0,0,4,1,3
CARSON COUNTY,065,70 Years,68,32,36,58,26,32,1,1,0,1,1,0,3,1,2,5,3,2
CARSON COUNTY,065,71 Years,60,30,30,55,26,29,1,1,0,0,0,0,2,1,1,2,2,0
CARSON COUNTY,065,72 Years,63,29,34,58,25,33,0,0,0,0,0,0,2,2,0,3,2,1
CARSON COUNTY,065,73 Years,41,19,22,35,15,20,0,0,0,0,0,0,2,2,0,4,2,2
CARSON COUNTY,065,74 Years,36,18,18,34,17,17,0,0,0,1,0,1,1,1,0,0,0,0
CARSON COUNTY,065,75 Years,53,25,28,49,24,25,0,0,0,0,0,0,1,0,1,3,1,2
CARSON COUNTY,065,76 Years,42,17,25,36,16,20,1,0,1,0,0,0,0,0,0,5,1,4
CARSON COUNTY,065,77 Years,37,20,17,35,19,16,0,0,0,0,0,0,0,0,0,2,1,1
CARSON COUNTY,065,78 Years,30,13,17,28,13,15,1,0,1,0,0,0,0,0,0,1,0,1
CARSON COUNTY,065,79 Years,38,15,23,36,14,22,0,0,0,0,0,0,1,0,1,1,1,0
CARSON COUNTY,065,80 Years,36,16,20,33,15,18,0,0,0,0,0,0,1,0,1,2,1,1
CARSON COUNTY,065,81 Years,30,16,14,27,14,13,0,0,0,0,0,0,1,1,0,2,1,1
CARSON COUNTY,065,82 Years,26,12,14,23,11,12,0,0,0,0,0,0,1,1,0,2,0,2
CARSON COUNTY,065,83 Years,25,13,12,21,11,10,0,0,0,0,0,0,3,2,1,1,0,1
CARSON COUNTY,065,84 Years,22,10,12,19,9,10,0,0,0,0,0,0,2,1,1,1,0,1
CARSON COUNTY,065,85 Years,18,9,9,16,8,8,0,0,0,0,0,0,1,0,1,1,1,0
CARSON COUNTY,065,86 Years,17,7,10,15,6,9,0,0,0,0,0,0,1,0,1,1,1,0
CARSON COUNTY,065,87 Years,14,7,7,12,6,6,0,0,0,0,0,0,0,0,0,2,1,1
CARSON COUNTY,065,88 Years,17,10,7,15,8,7,0,0,0,0,0,0,0,0,0,2,2,0
CARSON COUNTY,065,89 Years,17,9,8,15,8,7,0,0,0,0,0,0,1,0,1,1,1,0
CARSON COUNTY,065,90 Years,15,6,9,12,6,6,0,0,0,0,0,0,1,0,1,2,0,2
CARSON COUNTY,065,91 Years,11,4,7,9,3,6,0,0,0,0,0,0,0,0,0,2,1,1
CARSON COUNTY,065,92 Years,10,5,5,9,4,5,0,0,0,0,0,0,0,0,0,1,1,0
CARSON COUNTY,065,93 Years,7,3,4,6,3,3,1,0,1,0,0,0,0,0,0,0,0,0
CARSON COUNTY,065,94 Years,4,2,2,4,2,2,0,0,0,0,0,0,0,0,0,0,0,0
CARSON COUNTY,065,95 Years +,11,4,7,8,4,4,0,0,0,0,0,0,1,0,1,2,0,2
CASS COUNTY,067,All Ages,30451,14712,15739,23212,11252,11960,5080,2406,2674,110,49,61,710,310,400,1339,695,644
CASS COUNTY,067,< 1 Year,335,165,170,222,115,107,60,29,31,1,1,0,23,7,16,29,13,16
CASS COUNTY,067,1 Years,329,157,172,216,110,106,64,28,36,1,0,1,21,7,14,27,12,15
CASS COUNTY,067,2 Years,345,168,177,222,111,111,67,31,36,3,2,1,26,10,16,27,14,13
CASS COUNTY,067,3 Years,375,182,193,246,121,125,73,35,38,2,1,1,26,11,15,28,14,14
CASS COUNTY,067,4 Years,400,191,209,269,129,140,77,39,38,2,1,1,25,8,17,27,14,13
CASS COUNTY,067,5 Years,415,206,209,273,136,137,77,40,37,4,2,2,30,11,19,31,17,14
CASS COUNTY,067,6 Years,406,202,204,264,128,136,84,46,38,3,2,1,24,10,14,31,16,15
CASS COUNTY,067,7 Years,394,194,200,257,125,132,76,40,36,3,2,1,23,9,14,35,18,17
CASS COUNTY,067,8 Years,400,191,209,270,124,146,78,41,37,1,1,0,14,7,7,37,18,19
CASS COUNTY,067,9 Years,407,192,215,280,136,144,69,25,44,0,0,0,15,8,7,43,23,20
CASS COUNTY,067,10 Years,349,180,169,222,112,110,72,40,32,0,0,0,17,6,11,38,22,16
CASS COUNTY,067,11 Years,361,190,171,240,124,116,77,45,32,1,1,0,15,7,8,28,13,15
CASS COUNTY,067,12 Years,360,182,178,252,131,121,70,34,36,2,2,0,13,2,11,23,13,10
CASS COUNTY,067,13 Years,373,197,176,259,136,123,75,40,35,3,1,2,10,5,5,26,15,11
CASS COUNTY,067,14 Years,382,189,193,262,130,132,80,38,42,3,2,1,14,7,7,23,12,11
CASS COUNTY,067,15 Years,373,191,182,262,126,136,77,45,32,1,0,1,12,6,6,21,14,7
CASS COUNTY,067,16 Years,359,195,164,258,135,123,62,40,22,2,1,1,11,5,6,26,14,12
CASS COUNTY,067,17 Years,345,182,163,247,135,112,63,33,30,0,0,0,11,6,5,24,8,16
CASS COUNTY,067,18 Years,323,170,153,235,132,103,55,22,33,2,0,2,13,9,4,18,7,11
CASS COUNTY,067,19 Years,307,152,155,216,111,105,55,21,34,2,1,1,12,6,6,22,13,9
CASS COUNTY,067,20 Years,301,156,145,199,110,89,60,25,35,1,1,0,14,6,8,27,14,13
CASS COUNTY,067,21 Years,294,154,140,200,104,96,58,29,29,2,0,2,9,5,4,25,16,9
CASS COUNTY,067,22 Years,293,148,145,197,102,95,63,28,35,1,0,1,10,5,5,22,13,9
CASS COUNTY,067,23 Years,304,173,131,205,126,79,61,30,31,0,0,0,10,4,6,28,13,15
CASS COUNTY,067,24 Years,340,187,153,237,132,105,66,36,30,1,0,1,11,6,5,25,13,12
CASS COUNTY,067,25 Years,352,186,166,247,124,123,71,40,31,1,0,1,9,7,2,24,15,9
CASS COUNTY,067,26 Years,344,179,165,242,120,122,73,42,31,0,0,0,9,6,3,20,11,9
CASS COUNTY,067,27 Years,345,178,167,248,131,117,74,35,39,0,0,0,7,5,2,16,7,9
CASS COUNTY,067,28 Years,320,168,152,237,127,110,60,29,31,1,1,0,4,2,2,18,9,9
CASS COUNTY,067,29 Years,337,168,169,249,121,128,62,34,28,1,0,1,5,2,3,20,11,9
CASS COUNTY,067,30 Years,337,168,169,254,124,130,63,36,27,1,0,1,5,2,3,14,6,8
CASS COUNTY,067,31 Years,296,139,157,222,101,121,57,31,26,1,0,1,5,3,2,11,4,7
CASS COUNTY,067,32 Years,282,128,154,216,94,122,52,27,25,0,0,0,3,2,1,11,5,6
CASS COUNTY,067,33 Years,327,140,187,251,105,146,56,25,31,3,2,1,3,2,1,14,6,8
CASS COUNTY,067,34 Years,315,157,158,240,124,116,54,23,31,2,1,1,4,0,4,15,9,6
CASS COUNTY,067,35 Years,303,143,160,244,118,126,45,21,24,2,0,2,2,0,2,10,4,6
CASS COUNTY,067,36 Years,299,140,159,234,108,126,46,23,23,4,2,2,1,0,1,14,7,7
CASS COUNTY,067,37 Years,316,150,166,252,119,133,45,22,23,1,0,1,3,1,2,15,8,7
CASS COUNTY,067,38 Years,346,155,191,276,124,152,43,20,23,3,0,3,3,1,2,21,10,11
CASS COUNTY,067,39 Years,344,168,176,259,129,130,58,27,31,1,0,1,3,1,2,23,11,12
CASS COUNTY,067,40 Years,339,157,182,258,123,135,54,22,32,2,1,1,7,2,5,18,9,9
CASS COUNTY,067,41 Years,333,155,178,266,125,141,48,20,28,1,1,0,5,2,3,13,7,6
CASS COUNTY,067,42 Years,320,152,168,257,122,135,43,19,24,1,1,0,1,0,1,18,10,8
CASS COUNTY,067,43 Years,284,125,159,209,91,118,51,19,32,0,0,0,3,2,1,21,13,8
CASS COUNTY,067,44 Years,318,154,164,237,123,114,56,20,36,1,0,1,6,2,4,18,9,9
CASS COUNTY,067,45 Years,310,155,155,229,121,108,54,22,32,1,0,1,7,3,4,19,9,10
CASS COUNTY,067,46 Years,337,161,176,266,130,136,46,20,26,4,1,3,7,3,4,14,7,7
CASS COUNTY,067,47 Years,358,174,184,283,136,147,55,27,28,4,2,2,5,3,2,11,6,5
CASS COUNTY,067,48 Years,371,187,184,297,151,146,48,22,26,5,4,1,8,3,5,13,7,6
CASS COUNTY,067,49 Years,373,171,202,296,137,159,53,23,30,3,1,2,6,2,4,15,8,7
CASS COUNTY,067,50 Years,372,178,194,290,138,152,59,28,31,1,1,0,6,3,3,16,8,8
CASS COUNTY,067,51 Years,351,184,167,262,140,122,69,34,35,1,1,0,5,2,3,14,7,7
CASS COUNTY,067,52 Years,352,176,176,269,135,134,64,32,32,1,0,1,5,3,2,13,6,7
CASS COUNTY,067,53 Years,376,186,190,290,144,146,64,27,37,3,2,1,6,5,1,13,8,5
CASS COUNTY,067,54 Years,414,209,205,338,172,166,59,28,31,1,0,1,6,3,3,10,6,4
CASS COUNTY,067,55 Years,422,200,222,334,160,174,70,34,36,1,1,0,9,3,6,8,2,6
CASS COUNTY,067,56 Years,416,187,229,337,151,186,62,28,34,0,0,0,7,3,4,10,5,5
CASS COUNTY,067,57 Years,407,190,217,314,149,165,71,26,45,1,0,1,10,7,3,11,8,3
CASS COUNTY,067,58 Years,404,199,205,316,165,151,72,25,47,1,0,1,6,3,3,9,6,3
CASS COUNTY,067,59 Years,423,199,224,336,162,174,72,31,41,1,1,0,5,2,3,9,3,6
CASS COUNTY,067,60 Years,449,209,240,355,162,193,76,42,34,0,0,0,7,1,6,11,4,7
CASS COUNTY,067,61 Years,454,227,227,365,179,186,67,34,33,0,0,0,5,1,4,17,13,4
CASS COUNTY,067,62 Years,448,210,238,368,174,194,65,28,37,0,0,0,6,1,5,9,7,2
CASS COUNTY,067,63 Years,433,204,229,354,167,187,65,31,34,0,0,0,9,4,5,5,2,3
CASS COUNTY,067,64 Years,451,215,236,374,182,192,64,30,34,1,0,1,7,2,5,5,1,4
CASS COUNTY,067,65 Years,424,193,231,354,164,190,56,23,33,2,1,1,3,1,2,9,4,5
CASS COUNTY,067,66 Years,385,183,202,322,158,164,52,21,31,1,0,1,4,1,3,6,3,3
CASS COUNTY,067,67 Years,376,189,187,319,164,155,48,22,26,0,0,0,4,2,2,5,1,4
CASS COUNTY,067,68 Years,390,195,195,320,164,156,61,28,33,1,0,1,4,2,2,4,1,3
CASS COUNTY,067,69 Years,405,194,211,333,156,177,66,35,31,0,0,0,3,1,2,3,2,1
CASS COUNTY,067,70 Years,403,194,209,329,154,175,65,36,29,0,0,0,6,3,3,3,1,2
CASS COUNTY,067,71 Years,414,215,199,336,172,164,66,34,32,0,0,0,5,3,2,7,6,1
CASS COUNTY,067,72 Years,420,201,219,350,165,185,63,32,31,0,0,0,4,1,3,3,3,0
CASS COUNTY,067,73 Years,360,167,193,291,136,155,57,24,33,1,1,0,7,4,3,4,2,2
CASS COUNTY,067,74 Years,360,160,200,303,136,167,48,19,29,1,1,0,4,2,2,4,2,2
CASS COUNTY,067,75 Years,365,166,199,315,145,170,42,17,25,0,0,0,5,3,2,3,1,2
CASS COUNTY,067,76 Years,344,166,178,287,133,154,48,27,21,1,1,0,4,3,1,4,2,2
CASS COUNTY,067,77 Years,322,156,166,277,135,142,37,18,19,2,0,2,4,2,2,2,1,1
CASS COUNTY,067,78 Years,267,127,140,234,115,119,29,10,19,0,0,0,2,1,1,2,1,1
CASS COUNTY,067,79 Years,250,116,134,215,101,114,32,14,18,0,0,0,1,0,1,2,1,1
CASS COUNTY,067,80 Years,231,100,131,200,85,115,25,13,12,1,1,0,3,1,2,2,0,2
CASS COUNTY,067,81 Years,188,77,111,164,68,96,17,6,11,0,0,0,4,2,2,3,1,2
CASS COUNTY,067,82 Years,169,77,92,143,64,79,21,9,12,0,0,0,1,1,0,4,3,1
CASS COUNTY,067,83 Years,160,71,89,130,62,68,28,7,21,0,0,0,1,1,0,1,1,0
CASS COUNTY,067,84 Years,154,60,94,132,51,81,18,7,11,0,0,0,2,1,1,2,1,1
CASS COUNTY,067,85 Years,125,50,75,109,43,66,12,5,7,0,0,0,2,1,1,2,1,1
CASS COUNTY,067,86 Years,117,48,69,103,43,60,12,4,8,0,0,0,2,1,1,0,0,0
CASS COUNTY,067,87 Years,102,38,64,89,34,55,11,3,8,1,0,1,0,0,0,1,1,0
CASS COUNTY,067,88 Years,83,28,55,72,23,49,9,4,5,0,0,0,1,0,1,1,1,0
CASS COUNTY,067,89 Years,74,25,49,63,22,41,8,3,5,2,0,2,1,0,1,0,0,0
CASS COUNTY,067,90 Years,69,22,47,55,17,38,11,3,8,1,0,1,1,1,0,1,1,0
CASS COUNTY,067,91 Years,57,18,39,48,15,33,8,3,5,0,0,0,1,0,1,0,0,0
CASS COUNTY,067,92 Years,43,16,27,36,13,23,6,3,3,0,0,0,1,0,1,0,0,0
CASS COUNTY,067,93 Years,36,10,26,29,8,21,7,2,5,0,0,0,0,0,0,0,0,0
CASS COUNTY,067,94 Years,30,7,23,22,5,17,8,2,6,0,0,0,0,0,0,0,0,0
CASS COUNTY,067,95 Years +,80,18,62,51,12,39,24,5,19,0,0,0,1,0,1,4,1,3
CASTRO COUNTY,069,All Ages,7380,3739,3641,2362,1177,1185,170,94,76,39,21,18,60,25,35,4749,2422,2327
CASTRO COUNTY,069,< 1 Year,112,55,57,29,14,15,0,0,0,0,0,0,0,0,0,83,41,42
CASTRO COUNTY,069,1 Years,108,54,54,26,13,13,0,0,0,0,0,0,0,0,0,82,41,41
CASTRO COUNTY,069,2 Years,109,57,52,27,15,12,3,3,0,0,0,0,0,0,0,79,39,40
CASTRO COUNTY,069,3 Years,113,60,53,25,15,10,2,2,0,0,0,0,0,0,0,86,43,43
CASTRO COUNTY,069,4 Years,118,66,52,26,16,10,1,1,0,2,1,1,2,1,1,87,47,40
CASTRO COUNTY,069,5 Years,121,67,54,25,15,10,1,1,0,2,1,1,2,1,1,91,49,42
CASTRO COUNTY,069,6 Years,119,62,57,21,11,10,1,1,0,2,1,1,2,1,1,93,48,45
CASTRO COUNTY,069,7 Years,120,57,63,20,10,10,3,1,2,2,1,1,2,1,1,93,44,49
CASTRO COUNTY,069,8 Years,123,58,65,20,11,9,4,2,2,2,1,1,2,1,1,95,43,52
CASTRO COUNTY,069,9 Years,125,66,59,24,12,12,4,2,2,2,0,2,3,2,1,92,50,42
CASTRO COUNTY,069,10 Years,118,62,56,23,11,12,5,4,1,0,0,0,2,1,1,88,46,42
CASTRO COUNTY,069,11 Years,101,50,51,24,14,10,2,1,1,0,0,0,0,0,0,75,35,40
CASTRO COUNTY,069,12 Years,107,50,57,22,12,10,2,0,2,0,0,0,4,0,4,79,38,41
CASTRO COUNTY,069,13 Years,98,53,45,23,15,8,2,0,2,1,0,1,2,1,1,70,37,33
CASTRO COUNTY,069,14 Years,102,51,51,24,16,8,2,1,1,0,0,0,1,0,1,75,34,41
CASTRO COUNTY,069,15 Years,112,56,56,25,13,12,1,1,0,0,0,0,2,2,0,84,40,44
CASTRO COUNTY,069,16 Years,103,61,42,27,19,8,3,2,1,0,0,0,1,1,0,72,39,33
CASTRO COUNTY,069,17 Years,97,52,45,22,13,9,4,3,1,0,0,0,2,2,0,69,34,35
CASTRO COUNTY,069,18 Years,107,51,56,24,11,13,4,1,3,0,0,0,0,0,0,79,39,40
CASTRO COUNTY,069,19 Years,94,45,49,18,8,10,2,0,2,0,0,0,1,1,0,73,36,37
CASTRO COUNTY,069,20 Years,88,41,47,15,7,8,3,2,1,0,0,0,0,0,0,70,32,38
CASTRO COUNTY,069,21 Years,98,52,46,18,10,8,4,2,2,1,0,1,0,0,0,75,40,35
CASTRO COUNTY,069,22 Years,98,54,44,20,14,6,5,4,1,0,0,0,0,0,0,73,36,37
CASTRO COUNTY,069,23 Years,94,43,51,22,9,13,3,2,1,1,1,0,1,0,1,67,31,36
CASTRO COUNTY,069,24 Years,92,47,45,20,6,14,6,5,1,1,1,0,0,0,0,65,35,30
CASTRO COUNTY,069,25 Years,105,54,51,31,16,15,4,4,0,0,0,0,1,1,0,69,33,36
CASTRO COUNTY,069,26 Years,106,48,58,36,20,16,1,1,0,1,1,0,1,1,0,67,25,42
CASTRO COUNTY,069,27 Years,98,52,46,35,23,12,0,0,0,1,0,1,0,0,0,62,29,33
CASTRO COUNTY,069,28 Years,73,40,33,19,11,8,0,0,0,0,0,0,0,0,0,54,29,25
CASTRO COUNTY,069,29 Years,68,30,38,15,5,10,1,0,1,0,0,0,0,0,0,52,25,27
CASTRO COUNTY,069,30 Years,76,36,40,15,6,9,4,0,4,1,1,0,2,0,2,54,29,25
CASTRO COUNTY,069,31 Years,70,36,34,16,7,9,2,1,1,1,1,0,1,0,1,50,27,23
CASTRO COUNTY,069,32 Years,80,37,43,20,5,15,5,3,2,0,0,0,1,0,1,54,29,25
CASTRO COUNTY,069,33 Years,84,41,43,20,5,15,4,3,1,0,0,0,0,0,0,60,33,27
CASTRO COUNTY,069,34 Years,92,55,37,21,11,10,1,1,0,1,1,0,0,0,0,69,42,27
CASTRO COUNTY,069,35 Years,86,43,43,23,14,9,1,0,1,2,0,2,1,0,1,59,29,30
CASTRO COUNTY,069,36 Years,88,37,51,22,8,14,1,0,1,1,0,1,1,0,1,63,29,34
CASTRO COUNTY,069,37 Years,81,37,44,25,10,15,1,0,1,0,0,0,3,2,1,52,25,27
CASTRO COUNTY,069,38 Years,87,50,37,26,16,10,1,1,0,1,1,0,1,0,1,58,32,26
CASTRO COUNTY,069,39 Years,93,47,46,25,12,13,3,2,1,1,1,0,0,0,0,64,32,32
CASTRO COUNTY,069,40 Years,90,42,48,28,14,14,1,0,1,0,0,0,1,1,0,60,27,33
CASTRO COUNTY,069,41 Years,88,49,39,26,12,14,0,0,0,2,1,1,0,0,0,60,36,24
CASTRO COUNTY,069,42 Years,75,39,36,24,9,15,0,0,0,2,1,1,0,0,0,49,29,20
CASTRO COUNTY,069,43 Years,90,48,42,25,11,14,1,1,0,1,1,0,0,0,0,63,35,28
CASTRO COUNTY,069,44 Years,76,42,34,20,10,10,3,3,0,0,0,0,2,0,2,51,29,22
CASTRO COUNTY,069,45 Years,85,38,47,25,11,14,4,1,3,1,1,0,2,0,2,53,25,28
CASTRO COUNTY,069,46 Years,79,41,38,22,9,13,1,1,0,1,1,0,0,0,0,55,30,25
CASTRO COUNTY,069,47 Years,71,44,27,18,8,10,0,0,0,1,0,1,0,0,0,52,36,16
CASTRO COUNTY,069,48 Years,83,50,33,27,11,16,0,0,0,1,1,0,0,0,0,55,38,17
CASTRO COUNTY,069,49 Years,90,50,40,35,16,19,1,0,1,0,0,0,0,0,0,54,34,20
CASTRO COUNTY,069,50 Years,76,40,36,26,12,14,0,0,0,0,0,0,0,0,0,50,28,22
CASTRO COUNTY,069,51 Years,76,40,36,31,13,18,1,0,1,1,1,0,0,0,0,43,26,17
CASTRO COUNTY,069,52 Years,71,36,35,28,13,15,0,0,0,0,0,0,1,0,1,42,23,19
CASTRO COUNTY,069,53 Years,85,47,38,25,13,12,2,1,1,0,0,0,2,2,0,56,31,25
CASTRO COUNTY,069,54 Years,81,44,37,34,18,16,2,1,1,0,0,0,0,0,0,45,25,20
CASTRO COUNTY,069,55 Years,95,46,49,46,23,23,2,1,1,0,0,0,0,0,0,47,22,25
CASTRO COUNTY,069,56 Years,89,42,47,41,20,21,2,1,1,0,0,0,0,0,0,46,21,25
CASTRO COUNTY,069,57 Years,91,48,43,35,18,17,1,0,1,0,0,0,0,0,0,55,30,25
CASTRO COUNTY,069,58 Years,103,57,46,40,22,18,3,2,1,0,0,0,0,0,0,60,33,27
CASTRO COUNTY,069,59 Years,89,41,48,35,17,18,3,1,2,0,0,0,0,0,0,51,23,28
CASTRO COUNTY,069,60 Years,93,51,42,40,22,18,2,0,2,0,0,0,1,1,0,50,28,22
CASTRO COUNTY,069,61 Years,96,53,43,40,23,17,4,2,2,0,0,0,1,0,1,51,28,23
CASTRO COUNTY,069,62 Years,97,53,44,40,26,14,5,3,2,0,0,0,2,1,1,50,23,27
CASTRO COUNTY,069,63 Years,80,43,37,32,18,14,6,4,2,0,0,0,0,0,0,42,21,21
CASTRO COUNTY,069,64 Years,100,50,50,40,20,20,2,1,1,0,0,0,1,0,1,57,29,28
CASTRO COUNTY,069,65 Years,92,45,47,42,21,21,1,0,1,0,0,0,1,0,1,48,24,24
CASTRO COUNTY,069,66 Years,87,51,36,34,20,14,3,2,1,0,0,0,0,0,0,50,29,21
CASTRO COUNTY,069,67 Years,84,41,43,36,16,20,5,2,3,0,0,0,0,0,0,43,23,20
CASTRO COUNTY,069,68 Years,72,36,36,30,17,13,3,2,1,1,0,1,0,0,0,38,17,21
CASTRO COUNTY,069,69 Years,61,28,33,24,14,10,3,2,1,1,0,1,0,0,0,33,12,21
CASTRO COUNTY,069,70 Years,53,22,31,22,11,11,1,1,0,0,0,0,1,0,1,29,10,19
CASTRO COUNTY,069,71 Years,60,27,33,29,15,14,0,0,0,0,0,0,1,0,1,30,12,18
CASTRO COUNTY,069,72 Years,59,31,28,33,17,16,0,0,0,0,0,0,0,0,0,26,14,12
CASTRO COUNTY,069,73 Years,56,26,30,30,16,14,1,0,1,0,0,0,0,0,0,25,10,15
CASTRO COUNTY,069,74 Years,52,27,25,27,15,12,1,1,0,0,0,0,0,0,0,24,11,13
CASTRO COUNTY,069,75 Years,46,20,26,25,11,14,1,1,0,0,0,0,0,0,0,20,8,12
CASTRO COUNTY,069,76 Years,63,26,37,37,14,23,0,0,0,0,0,0,0,0,0,26,12,14
CASTRO COUNTY,069,77 Years,54,28,26,26,13,13,0,0,0,0,0,0,1,1,0,27,14,13
CASTRO COUNTY,069,78 Years,47,24,23,23,11,12,0,0,0,1,1,0,0,0,0,23,12,11
CASTRO COUNTY,069,79 Years,40,17,23,21,9,12,0,0,0,0,0,0,0,0,0,19,8,11
CASTRO COUNTY,069,80 Years,38,17,21,21,9,12,0,0,0,0,0,0,0,0,0,17,8,9
CASTRO COUNTY,069,81 Years,35,16,19,19,6,13,0,0,0,0,0,0,0,0,0,16,10,6
CASTRO COUNTY,069,82 Years,37,21,16,23,13,10,0,0,0,0,0,0,0,0,0,14,8,6
CASTRO COUNTY,069,83 Years,27,14,13,17,9,8,1,1,0,0,0,0,0,0,0,9,4,5
CASTRO COUNTY,069,84 Years,31,12,19,20,8,12,0,0,0,0,0,0,1,0,1,10,4,6
CASTRO COUNTY,069,85 Years,32,14,18,26,11,15,0,0,0,0,0,0,0,0,0,6,3,3
CASTRO COUNTY,069,86 Years,23,7,16,17,5,12,0,0,0,0,0,0,1,0,1,5,2,3
CASTRO COUNTY,069,87 Years,20,5,15,14,3,11,1,0,1,0,0,0,0,0,0,5,2,3
CASTRO COUNTY,069,88 Years,16,8,8,12,6,6,0,0,0,0,0,0,0,0,0,4,2,2
CASTRO COUNTY,069,89 Years,14,7,7,9,5,4,1,0,1,0,0,0,0,0,0,4,2,2
CASTRO COUNTY,069,90 Years,17,6,11,12,4,8,2,1,1,0,0,0,0,0,0,3,1,2
CASTRO COUNTY,069,91 Years,13,5,8,8,3,5,2,1,1,0,0,0,0,0,0,3,1,2
CASTRO COUNTY,069,92 Years,7,3,4,4,2,2,0,0,0,0,0,0,0,0,0,3,1,2
CASTRO COUNTY,069,93 Years,10,3,7,7,2,5,0,0,0,0,0,0,0,0,0,3,1,2
CASTRO COUNTY,069,94 Years,6,2,4,3,1,2,0,0,0,0,0,0,0,0,0,3,1,2
CASTRO COUNTY,069,95 Years +,15,3,12,9,2,7,2,0,2,0,0,0,0,0,0,4,1,3
CHAMBERS COUNTY,071,All Ages,44298,22330,21968,28880,14502,14378,3638,1787,1851,430,200,230,721,364,357,10629,5477,5152
CHAMBERS COUNTY,071,< 1 Year,622,302,320,357,176,181,31,16,15,6,3,3,23,9,14,205,98,107
CHAMBERS COUNTY,071,1 Years,633,310,323,366,184,182,36,15,21,8,5,3,22,11,11,201,95,106
CHAMBERS COUNTY,071,2 Years,631,314,317,374,189,185,41,20,21,5,3,2,18,10,8,193,92,101
CHAMBERS COUNTY,071,3 Years,632,319,313,379,194,185,49,23,26,6,3,3,18,10,8,180,89,91
CHAMBERS COUNTY,071,4 Years,623,333,290,386,209,177,47,22,25,5,3,2,17,8,9,168,91,77
CHAMBERS COUNTY,071,5 Years,597,316,281,374,195,179,45,21,24,4,2,2,12,7,5,162,91,71
CHAMBERS COUNTY,071,6 Years,588,308,280,367,194,173,44,19,25,4,2,2,8,5,3,165,88,77
CHAMBERS COUNTY,071,7 Years,593,303,290,356,182,174,44,20,24,3,1,2,8,5,3,182,95,87
CHAMBERS COUNTY,071,8 Years,623,310,313,361,183,178,59,26,33,3,1,2,10,5,5,190,95,95
CHAMBERS COUNTY,071,9 Years,644,287,357,361,159,202,68,26,42,4,1,3,11,4,7,200,97,103
CHAMBERS COUNTY,071,10 Years,683,352,331,372,195,177,61,30,31,2,0,2,15,6,9,233,121,112
CHAMBERS COUNTY,071,11 Years,667,346,321,385,203,182,60,24,36,3,1,2,16,8,8,203,110,93
CHAMBERS COUNTY,071,12 Years,641,322,319,371,192,179,68,26,42,5,3,2,16,7,9,181,94,87
CHAMBERS COUNTY,071,13 Years,652,350,302,368,204,164,58,26,32,5,4,1,14,8,6,207,108,99
CHAMBERS COUNTY,071,14 Years,650,332,318,349,185,164,56,23,33,5,1,4,13,7,6,227,116,111
CHAMBERS COUNTY,071,15 Years,648,338,310,375,195,180,48,23,25,5,4,1,14,5,9,206,111,95
CHAMBERS COUNTY,071,16 Years,657,344,313,376,215,161,40,19,21,7,3,4,16,8,8,218,99,119
CHAMBERS COUNTY,071,17 Years,632,347,285,358,202,156,42,18,24,9,5,4,12,7,5,211,115,96
CHAMBERS COUNTY,071,18 Years,626,341,285,361,205,156,42,27,15,7,2,5,14,6,8,202,101,101
CHAMBERS COUNTY,071,19 Years,567,300,267,303,166,137,44,26,18,6,2,4,18,7,11,196,99,97
CHAMBERS COUNTY,071,20 Years,527,275,252,274,146,128,36,19,17,5,4,1,11,6,5,201,100,101
CHAMBERS COUNTY,071,21 Years,563,283,280,288,149,139,36,20,16,8,4,4,13,7,6,218,103,115
CHAMBERS COUNTY,071,22 Years,546,275,271,299,154,145,34,18,16,8,5,3,15,6,9,190,92,98
CHAMBERS COUNTY,071,23 Years,601,301,300,347,167,180,41,24,17,19,11,8,14,7,7,180,92,88
CHAMBERS COUNTY,071,24 Years,623,308,315,377,185,192,46,23,23,7,4,3,13,6,7,180,90,90
CHAMBERS COUNTY,071,25 Years,666,331,335,414,202,212,62,35,27,3,2,1,15,7,8,172,85,87
CHAMBERS COUNTY,071,26 Years,730,379,351,458,238,220,71,41,30,2,1,1,11,6,5,188,93,95
CHAMBERS COUNTY,071,27 Years,757,382,375,474,241,233,85,45,40,11,1,10,11,7,4,176,88,88
CHAMBERS COUNTY,071,28 Years,751,392,359,489,252,237,77,44,33,5,1,4,7,5,2,173,90,83
CHAMBERS COUNTY,071,29 Years,660,326,334,447,219,228,60,28,32,0,0,0,5,4,1,148,75,73
CHAMBERS COUNTY,071,30 Years,627,304,323,415,193,222,63,33,30,2,2,0,4,2,2,143,74,69
CHAMBERS COUNTY,071,31 Years,641,321,320,411,198,213,65,41,24,4,1,3,8,1,7,153,80,73
CHAMBERS COUNTY,071,32 Years,555,299,256,381,205,176,38,25,13,6,3,3,8,4,4,122,62,60
CHAMBERS COUNTY,071,33 Years,593,324,269,387,209,178,40,24,16,19,16,3,4,4,0,143,71,72
CHAMBERS COUNTY,071,34 Years,595,318,277,393,196,197,44,27,17,9,7,2,6,2,4,143,86,57
CHAMBERS COUNTY,071,35 Years,528,263,265,358,167,191,33,22,11,4,3,1,6,4,2,127,67,60
CHAMBERS COUNTY,071,36 Years,548,267,281,351,161,190,36,24,12,5,2,3,3,1,2,153,79,74
CHAMBERS COUNTY,071,37 Years,591,287,304,371,164,207,50,34,16,6,2,4,4,2,2,160,85,75
CHAMBERS COUNTY,071,38 Years,598,303,295,383,191,192,33,19,14,4,1,3,8,4,4,170,88,82
CHAMBERS COUNTY,071,39 Years,628,332,296,410,225,185,43,18,25,6,2,4,9,5,4,160,82,78
CHAMBERS COUNTY,071,40 Years,521,276,245,351,179,172,27,13,14,6,2,4,3,2,1,134,80,54
CHAMBERS COUNTY,071,41 Years,549,272,277,362,172,190,33,19,14,4,0,4,7,4,3,143,77,66
CHAMBERS COUNTY,071,42 Years,583,280,303,378,182,196,47,21,26,5,3,2,4,2,2,149,72,77
CHAMBERS COUNTY,071,43 Years,582,283,299,365,179,186,47,17,30,4,1,3,4,2,2,162,84,78
CHAMBERS COUNTY,071,44 Years,536,259,277,336,166,170,51,20,31,7,3,4,2,1,1,140,69,71
CHAMBERS COUNTY,071,45 Years,565,267,298,351,164,187,47,18,29,7,3,4,4,2,2,156,80,76
CHAMBERS COUNTY,071,46 Years,575,284,291,352,176,176,56,26,30,6,2,4,7,3,4,154,77,77
CHAMBERS COUNTY,071,47 Years,594,269,325,380,176,204,49,22,27,6,1,5,8,2,6,151,68,83
CHAMBERS COUNTY,071,48 Years,625,301,324,410,198,212,66,34,32,11,2,9,10,4,6,128,63,65
CHAMBERS COUNTY,071,49 Years,610,296,314,404,195,209,60,30,30,8,3,5,11,6,5,127,62,65
CHAMBERS COUNTY,071,50 Years,596,298,298,405,196,209,56,29,27,5,2,3,5,2,3,125,69,56
CHAMBERS COUNTY,071,51 Years,538,266,272,367,180,187,48,22,26,5,3,2,3,2,1,115,59,56
CHAMBERS COUNTY,071,52 Years,558,278,280,373,183,190,42,17,25,9,3,6,6,3,3,128,72,56
CHAMBERS COUNTY,071,53 Years,539,270,269,380,187,193,36,21,15,6,2,4,7,4,3,110,56,54
CHAMBERS COUNTY,071,54 Years,532,274,258,385,196,189,39,22,17,5,3,2,8,5,3,95,48,47
CHAMBERS COUNTY,071,55 Years,514,267,247,371,189,182,41,23,18,6,2,4,6,3,3,90,50,40
CHAMBERS COUNTY,071,56 Years,527,285,242,384,206,178,42,23,19,5,4,1,8,4,4,88,48,40
CHAMBERS COUNTY,071,57 Years,531,277,254,392,198,194,45,23,22,3,2,1,8,3,5,83,51,32
CHAMBERS COUNTY,071,58 Years,530,279,251,379,196,183,42,21,21,10,5,5,14,8,6,85,49,36
CHAMBERS COUNTY,071,59 Years,548,287,261,384,206,178,49,22,27,5,2,3,14,8,6,96,49,47
CHAMBERS COUNTY,071,60 Years,511,254,257,365,184,181,44,19,25,6,4,2,7,5,2,89,42,47
CHAMBERS COUNTY,071,61 Years,493,247,246,361,175,186,40,23,17,4,2,2,6,4,2,82,43,39
CHAMBERS COUNTY,071,62 Years,523,275,248,391,215,176,41,20,21,3,1,2,8,4,4,80,35,45
CHAMBERS COUNTY,071,63 Years,501,274,227,371,205,166,35,17,18,5,4,1,5,3,2,85,45,40
CHAMBERS COUNTY,071,64 Years,488,251,237,368,190,178,33,15,18,4,2,2,5,3,2,78,41,37
CHAMBERS COUNTY,071,65 Years,479,234,245,366,175,191,31,16,15,4,1,3,9,6,3,69,36,33
CHAMBERS COUNTY,071,66 Years,483,240,243,369,177,192,40,15,25,2,1,1,5,3,2,67,44,23
CHAMBERS COUNTY,071,67 Years,388,207,181,302,161,141,36,14,22,2,2,0,4,2,2,44,28,16
CHAMBERS COUNTY,071,68 Years,339,179,160,260,137,123,31,14,17,1,1,0,6,3,3,41,24,17
CHAMBERS COUNTY,071,69 Years,327,170,157,252,133,119,34,14,20,7,3,4,5,3,2,29,17,12
CHAMBERS COUNTY,071,70 Years,334,160,174,265,124,141,33,17,16,4,1,3,3,1,2,29,17,12
CHAMBERS COUNTY,071,71 Years,362,177,185,289,142,147,32,15,17,4,1,3,8,3,5,29,16,13
CHAMBERS COUNTY,071,72 Years,364,181,183,286,142,144,35,18,17,6,3,3,7,2,5,30,16,14
CHAMBERS COUNTY,071,73 Years,297,148,149,238,113,125,29,15,14,3,2,1,2,1,1,25,17,8
CHAMBERS COUNTY,071,74 Years,253,123,130,202,97,105,27,16,11,3,1,2,1,0,1,20,9,11
CHAMBERS COUNTY,071,75 Years,233,113,120,187,91,96,24,11,13,1,0,1,4,3,1,17,8,9
CHAMBERS COUNTY,071,76 Years,219,112,107,181,93,88,18,7,11,0,0,0,3,1,2,17,11,6
CHAMBERS COUNTY,071,77 Years,188,87,101,157,74,83,13,3,10,2,1,1,5,4,1,11,5,6
CHAMBERS COUNTY,071,78 Years,175,79,96,137,64,73,21,10,11,2,0,2,3,2,1,12,3,9
CHAMBERS COUNTY,071,79 Years,153,69,84,117,52,65,16,6,10,1,0,1,3,1,2,16,10,6
CHAMBERS COUNTY,071,80 Years,134,62,72,102,47,55,14,4,10,1,0,1,1,0,1,16,11,5
CHAMBERS COUNTY,071,81 Years,108,53,55,85,43,42,12,4,8,1,0,1,2,1,1,8,5,3
CHAMBERS COUNTY,071,82 Years,109,46,63,88,37,51,12,4,8,1,0,1,2,2,0,6,3,3
CHAMBERS COUNTY,071,83 Years,98,47,51,83,41,42,9,2,7,1,0,1,0,0,0,5,4,1
CHAMBERS COUNTY,071,84 Years,84,38,46,67,32,35,12,4,8,0,0,0,1,0,1,4,2,2
CHAMBERS COUNTY,071,85 Years,86,36,50,73,28,45,8,4,4,1,1,0,1,1,0,3,2,1
CHAMBERS COUNTY,071,86 Years,73,30,43,59,25,34,10,4,6,0,0,0,1,0,1,3,1,2
CHAMBERS COUNTY,071,87 Years,55,20,35,47,16,31,6,3,3,0,0,0,0,0,0,2,1,1
CHAMBERS COUNTY,071,88 Years,67,21,46,58,16,42,7,4,3,0,0,0,0,0,0,2,1,1
CHAMBERS COUNTY,071,89 Years,67,20,47,58,15,43,8,4,4,0,0,0,1,1,0,0,0,0
CHAMBERS COUNTY,071,90 Years,50,15,35,41,12,29,6,2,4,0,0,0,1,1,0,2,0,2
CHAMBERS COUNTY,071,91 Years,34,13,21,25,8,17,5,3,2,0,0,0,1,1,0,3,1,2
CHAMBERS COUNTY,071,92 Years,28,8,20,22,6,16,2,1,1,1,0,1,0,0,0,3,1,2
CHAMBERS COUNTY,071,93 Years,27,8,19,21,7,14,3,0,3,1,0,1,0,0,0,2,1,1
CHAMBERS COUNTY,071,94 Years,25,7,18,16,4,12,3,0,3,1,0,1,1,0,1,4,3,1
CHAMBERS COUNTY,071,95 Years +,53,14,39,36,8,28,9,2,7,0,0,0,1,0,1,7,4,3
CHEROKEE COUNTY,073,All Ages,53539,27218,26321,32318,15965,16353,7337,3961,3376,242,106,136,1155,549,606,12487,6637,5850
CHEROKEE COUNTY,073,< 1 Year,690,360,330,315,160,155,99,54,45,3,2,1,31,18,13,242,126,116
CHEROKEE COUNTY,073,1 Years,700,362,338,317,160,157,94,51,43,2,1,1,36,19,17,251,131,120
CHEROKEE COUNTY,073,2 Years,702,355,347,333,168,165,92,50,42,2,1,1,30,13,17,245,123,122
CHEROKEE COUNTY,073,3 Years,739,361,378,352,175,177,90,47,43,2,1,1,36,15,21,259,123,136
CHEROKEE COUNTY,073,4 Years,740,368,372,366,182,184,89,47,42,1,0,1,33,16,17,251,123,128
CHEROKEE COUNTY,073,5 Years,758,373,385,356,175,181,97,49,48,1,0,1,41,20,21,263,129,134
CHEROKEE COUNTY,073,6 Years,731,369,362,353,172,181,93,50,43,1,0,1,38,18,20,246,129,117
CHEROKEE COUNTY,073,7 Years,727,359,368,354,173,181,91,45,46,2,1,1,37,17,20,243,123,120
CHEROKEE COUNTY,073,8 Years,728,366,362,367,183,184,86,43,43,4,2,2,33,18,15,238,120,118
CHEROKEE COUNTY,073,9 Years,708,353,355,351,169,182,82,46,36,3,0,3,30,14,16,242,124,118
CHEROKEE COUNTY,073,10 Years,783,394,389,370,182,188,101,53,48,1,0,1,33,11,22,278,148,130
CHEROKEE COUNTY,073,11 Years,765,390,375,365,183,182,88,47,41,2,2,0,30,13,17,280,145,135
CHEROKEE COUNTY,073,12 Years,761,391,370,363,187,176,100,56,44,1,1,0,26,13,13,271,134,137
CHEROKEE COUNTY,073,13 Years,810,429,381,391,207,184,102,54,48,3,2,1,24,11,13,290,155,135
CHEROKEE COUNTY,073,14 Years,817,433,384,389,210,179,120,60,60,6,2,4,23,15,8,279,146,133
CHEROKEE COUNTY,073,15 Years,809,421,388,396,214,182,112,59,53,4,2,2,24,13,11,273,133,140
CHEROKEE COUNTY,073,16 Years,812,423,389,375,187,188,130,76,54,3,2,1,34,16,18,270,142,128
CHEROKEE COUNTY,073,17 Years,778,410,368,360,175,185,103,65,38,7,5,2,28,15,13,280,150,130
CHEROKEE COUNTY,073,18 Years,742,408,334,349,183,166,123,83,40,3,2,1,19,9,10,248,131,117
CHEROKEE COUNTY,073,19 Years,664,376,288,289,157,132,115,74,41,4,0,4,28,12,16,228,133,95
CHEROKEE COUNTY,073,20 Years,666,371,295,291,163,128,113,74,39,4,1,3,23,10,13,235,123,112
CHEROKEE COUNTY,073,21 Years,609,330,279,282,155,127,93,57,36,1,0,1,17,6,11,216,112,104
CHEROKEE COUNTY,073,22 Years,596,324,272,283,155,128,99,51,48,4,2,2,15,6,9,195,110,85
CHEROKEE COUNTY,073,23 Years,584,306,278,295,158,137,92,46,46,3,1,2,13,6,7,181,95,86
CHEROKEE COUNTY,073,24 Years,565,295,270,304,160,144,72,37,35,7,5,2,12,6,6,170,87,83
CHEROKEE COUNTY,073,25 Years,630,326,304,343,180,163,93,43,50,3,2,1,16,10,6,175,91,84
CHEROKEE COUNTY,073,26 Years,644,339,305,342,181,161,110,55,55,3,1,2,15,7,8,174,95,79
CHEROKEE COUNTY,073,27 Years,707,358,349,374,182,192,129,72,57,6,3,3,15,8,7,183,93,90
CHEROKEE COUNTY,073,28 Years,853,457,396,440,223,217,189,123,66,4,2,2,14,6,8,206,103,103
CHEROKEE COUNTY,073,29 Years,789,412,377,431,214,217,153,98,55,1,1,0,18,8,10,186,91,95
CHEROKEE COUNTY,073,30 Years,711,369,342,411,204,207,121,79,42,4,1,3,10,5,5,165,80,85
CHEROKEE COUNTY,073,31 Years,684,348,336,404,195,209,108,60,48,2,1,1,10,5,5,160,87,73
CHEROKEE COUNTY,073,32 Years,623,321,302,351,169,182,100,57,43,3,2,1,8,3,5,161,90,71
CHEROKEE COUNTY,073,33 Years,580,312,268,337,164,173,86,53,33,2,2,0,5,2,3,150,91,59
CHEROKEE COUNTY,073,34 Years,571,296,275,340,163,177,79,46,33,2,2,0,5,2,3,145,83,62
CHEROKEE COUNTY,073,35 Years,632,321,311,369,181,188,90,49,41,3,2,1,8,4,4,162,85,77
CHEROKEE COUNTY,073,36 Years,609,302,307,374,188,186,75,38,37,3,1,2,9,5,4,148,70,78
CHEROKEE COUNTY,073,37 Years,595,303,292,354,174,180,81,41,40,6,2,4,7,4,3,147,82,65
CHEROKEE COUNTY,073,38 Years,647,328,319,391,199,192,86,37,49,7,4,3,10,4,6,153,84,69
CHEROKEE COUNTY,073,39 Years,677,330,347,400,193,207,95,42,53,5,1,4,10,5,5,167,89,78
CHEROKEE COUNTY,073,40 Years,631,322,309,371,185,186,83,42,41,4,0,4,5,1,4,168,94,74
CHEROKEE COUNTY,073,41 Years,631,339,292,355,182,173,98,57,41,4,2,2,7,5,2,167,93,74
CHEROKEE COUNTY,073,42 Years,682,372,310,377,190,187,100,58,42,3,1,2,8,5,3,194,118,76
CHEROKEE COUNTY,073,43 Years,637,348,289,364,198,166,96,56,40,1,0,1,7,3,4,169,91,78
CHEROKEE COUNTY,073,44 Years,637,338,299,364,185,179,95,61,34,2,0,2,5,2,3,171,90,81
CHEROKEE COUNTY,073,45 Years,684,361,323,403,200,203,100,61,39,3,1,2,5,2,3,173,97,76
CHEROKEE COUNTY,073,46 Years,676,372,304,395,202,193,99,63,36,2,2,0,4,2,2,176,103,73
CHEROKEE COUNTY,073,47 Years,685,363,322,396,200,196,103,65,38,2,2,0,5,4,1,179,92,87
CHEROKEE COUNTY,073,48 Years,697,372,325,437,228,209,93,53,40,2,2,0,4,2,2,161,87,74
CHEROKEE COUNTY,073,49 Years,651,348,303,403,204,199,89,51,38,1,1,0,5,1,4,153,91,62
CHEROKEE COUNTY,073,50 Years,642,344,298,392,200,192,100,55,45,1,1,0,9,5,4,140,83,57
CHEROKEE COUNTY,073,51 Years,623,316,307,398,192,206,85,49,36,3,1,2,7,4,3,130,70,60
CHEROKEE COUNTY,073,52 Years,598,319,279,367,186,181,95,53,42,3,1,2,6,2,4,127,77,50
CHEROKEE COUNTY,073,53 Years,625,328,297,383,196,187,95,51,44,5,1,4,8,3,5,134,77,57
CHEROKEE COUNTY,073,54 Years,657,358,299,426,236,190,97,57,40,4,1,3,11,5,6,119,59,60
CHEROKEE COUNTY,073,55 Years,637,328,309,437,217,220,78,43,35,4,3,1,9,4,5,109,61,48
CHEROKEE COUNTY,073,56 Years,665,349,316,447,228,219,96,53,43,3,2,1,13,7,6,106,59,47
CHEROKEE COUNTY,073,57 Years,645,327,318,441,211,230,84,45,39,6,2,4,10,5,5,104,64,40
CHEROKEE COUNTY,073,58 Years,617,301,316,416,196,220,82,39,43,6,1,5,10,4,6,103,61,42
CHEROKEE COUNTY,073,59 Years,678,333,345,482,237,245,91,42,49,6,3,3,7,4,3,92,47,45
CHEROKEE COUNTY,073,60 Years,688,337,351,507,246,261,85,41,44,6,2,4,6,3,3,84,45,39
CHEROKEE COUNTY,073,61 Years,636,331,305,464,243,221,77,42,35,5,1,4,7,3,4,83,42,41
CHEROKEE COUNTY,073,62 Years,644,322,322,481,238,243,78,41,37,4,2,2,13,5,8,68,36,32
CHEROKEE COUNTY,073,63 Years,618,302,316,458,222,236,84,41,43,3,1,2,9,3,6,64,35,29
CHEROKEE COUNTY,073,64 Years,639,311,328,480,232,248,90,45,45,2,0,2,8,5,3,59,29,30
CHEROKEE COUNTY,073,65 Years,653,304,349,498,224,274,99,53,46,2,0,2,8,5,3,46,22,24
CHEROKEE COUNTY,073,66 Years,623,290,333,493,230,263,79,36,43,4,1,3,8,4,4,39,19,20
CHEROKEE COUNTY,073,67 Years,588,276,312,468,225,243,71,28,43,3,1,2,5,1,4,41,21,20
CHEROKEE COUNTY,073,68 Years,575,268,307,442,207,235,77,31,46,1,0,1,6,3,3,49,27,22
CHEROKEE COUNTY,073,69 Years,560,279,281,450,220,230,65,30,35,1,1,0,8,6,2,36,22,14
CHEROKEE COUNTY,073,70 Years,530,263,267,432,212,220,55,26,29,1,1,0,7,5,2,35,19,16
CHEROKEE COUNTY,073,71 Years,543,251,292,443,201,242,55,27,28,0,0,0,7,4,3,38,19,19
CHEROKEE COUNTY,073,72 Years,545,244,301,451,197,254,47,23,24,2,1,1,7,2,5,38,21,17
CHEROKEE COUNTY,073,73 Years,447,212,235,372,174,198,43,21,22,1,0,1,3,1,2,28,16,12
CHEROKEE COUNTY,073,74 Years,438,217,221,362,180,182,40,18,22,1,0,1,5,1,4,30,18,12
CHEROKEE COUNTY,073,75 Years,397,190,207,331,161,170,35,11,24,1,0,1,6,4,2,24,14,10
CHEROKEE COUNTY,073,76 Years,388,190,198,326,156,170,36,15,21,0,0,0,3,2,1,23,17,6
CHEROKEE COUNTY,073,77 Years,356,168,188,301,141,160,32,14,18,3,2,1,3,0,3,17,11,6
CHEROKEE COUNTY,073,78 Years,327,155,172,283,135,148,25,11,14,1,1,0,4,2,2,14,6,8
CHEROKEE COUNTY,073,79 Years,303,148,155,253,123,130,27,11,16,2,1,1,4,2,2,17,11,6
CHEROKEE COUNTY,073,80 Years,258,129,129,219,108,111,23,10,13,1,1,0,1,1,0,14,9,5
CHEROKEE COUNTY,073,81 Years,224,107,117,188,92,96,21,7,14,1,0,1,3,2,1,11,6,5
CHEROKEE COUNTY,073,82 Years,225,102,123,191,87,104,19,8,11,0,0,0,4,1,3,11,6,5
CHEROKEE COUNTY,073,83 Years,203,87,116,176,75,101,16,5,11,0,0,0,2,1,1,9,6,3
CHEROKEE COUNTY,073,84 Years,202,89,113,168,75,93,21,7,14,1,0,1,2,1,1,10,6,4
CHEROKEE COUNTY,073,85 Years,177,73,104,144,57,87,19,6,13,0,0,0,2,1,1,12,9,3
CHEROKEE COUNTY,073,86 Years,135,57,78,112,45,67,12,5,7,0,0,0,2,1,1,9,6,3
CHEROKEE COUNTY,073,87 Years,121,50,71,100,42,58,11,4,7,0,0,0,3,1,2,7,3,4
CHEROKEE COUNTY,073,88 Years,99,37,62,81,30,51,10,4,6,2,1,1,2,0,2,4,2,2
CHEROKEE COUNTY,073,89 Years,93,32,61,73,25,48,7,3,4,1,0,1,3,0,3,9,4,5
CHEROKEE COUNTY,073,90 Years,80,27,53,65,21,44,8,3,5,0,0,0,3,1,2,4,2,2
CHEROKEE COUNTY,073,91 Years,68,23,45,56,19,37,8,3,5,0,0,0,1,0,1,3,1,2
CHEROKEE COUNTY,073,92 Years,53,17,36,43,14,29,6,2,4,0,0,0,0,0,0,4,1,3
CHEROKEE COUNTY,073,93 Years,46,12,34,37,10,27,5,2,3,0,0,0,0,0,0,4,0,4
CHEROKEE COUNTY,073,94 Years,37,11,26,29,8,21,6,2,4,0,0,0,0,0,0,2,1,1
CHEROKEE COUNTY,073,95 Years +,86,20,66,60,14,46,15,4,11,0,0,0,1,0,1,10,2,8
CHILDRESS COUNTY,075,All Ages,7038,4109,2929,4037,2037,2000,702,555,147,59,34,25,133,69,64,2107,1414,693
CHILDRESS COUNTY,075,< 1 Year,66,30,36,43,18,25,3,2,1,0,0,0,0,0,0,20,10,10
CHILDRESS COUNTY,075,1 Years,72,38,34,44,22,22,3,2,1,0,0,0,5,5,0,20,9,11
CHILDRESS COUNTY,075,2 Years,77,40,37,47,22,25,4,2,2,0,0,0,4,4,0,22,12,10
CHILDRESS COUNTY,075,3 Years,78,45,33,45,23,22,4,2,2,0,0,0,4,3,1,25,17,8
CHILDRESS COUNTY,075,4 Years,82,43,39,45,22,23,4,1,3,2,1,1,4,2,2,27,17,10
CHILDRESS COUNTY,075,5 Years,75,38,37,39,20,19,4,1,3,2,1,1,4,2,2,26,14,12
CHILDRESS COUNTY,075,6 Years,78,40,38,41,23,18,2,0,2,2,1,1,6,3,3,27,13,14
CHILDRESS COUNTY,075,7 Years,78,41,37,38,21,17,1,0,1,2,1,1,4,2,2,33,17,16
CHILDRESS COUNTY,075,8 Years,82,46,36,43,24,19,2,1,1,0,0,0,4,2,2,33,19,14
CHILDRESS COUNTY,075,9 Years,80,42,38,42,25,17,2,1,1,0,0,0,4,2,2,32,14,18
CHILDRESS COUNTY,075,10 Years,87,50,37,52,29,23,1,0,1,0,0,0,3,2,1,31,19,12
CHILDRESS COUNTY,075,11 Years,89,47,42,51,26,25,4,3,1,1,1,0,3,2,1,30,15,15
CHILDRESS COUNTY,075,12 Years,90,41,49,53,23,30,6,3,3,0,0,0,2,1,1,29,14,15
CHILDRESS COUNTY,075,13 Years,87,46,41,45,19,26,5,4,1,1,1,0,1,1,0,35,21,14
CHILDRESS COUNTY,075,14 Years,82,39,43,48,21,27,2,2,0,2,0,2,2,1,1,28,15,13
CHILDRESS COUNTY,075,15 Years,66,33,33,38,21,17,2,1,1,2,1,1,4,1,3,20,9,11
CHILDRESS COUNTY,075,16 Years,68,37,31,43,24,19,2,2,0,1,1,0,2,0,2,20,10,10
CHILDRESS COUNTY,075,17 Years,85,42,43,40,17,23,5,2,3,1,1,0,2,1,1,37,21,16
CHILDRESS COUNTY,075,18 Years,79,47,32,34,18,16,5,4,1,1,1,0,1,0,1,38,24,14
CHILDRESS COUNTY,075,19 Years,87,60,27,31,16,15,9,8,1,1,1,0,3,2,1,43,33,10
CHILDRESS COUNTY,075,20 Years,108,80,28,39,25,14,19,17,2,0,0,0,3,2,1,47,36,11
CHILDRESS COUNTY,075,21 Years,127,97,30,34,20,14,23,20,3,1,1,0,4,3,1,65,53,12
CHILDRESS COUNTY,075,22 Years,145,112,33,42,24,18,36,32,4,0,0,0,3,2,1,64,54,10
CHILDRESS COUNTY,075,23 Years,132,101,31,48,31,17,26,23,3,1,1,0,2,1,1,55,45,10
CHILDRESS COUNTY,075,24 Years,161,126,35,63,39,24,30,27,3,1,1,0,4,2,2,63,57,6
CHILDRESS COUNTY,075,25 Years,143,117,26,51,34,17,37,34,3,0,0,0,2,1,1,53,48,5
CHILDRESS COUNTY,075,26 Years,159,128,31,54,37,17,35,31,4,0,0,0,3,1,2,67,59,8
CHILDRESS COUNTY,075,27 Years,165,123,42,65,37,28,36,33,3,1,1,0,2,1,1,61,51,10
CHILDRESS COUNTY,075,28 Years,157,125,32,65,43,22,28,27,1,2,2,0,2,0,2,60,53,7
CHILDRESS COUNTY,075,29 Years,119,97,22,47,31,16,28,28,0,0,0,0,1,0,1,43,38,5
CHILDRESS COUNTY,075,30 Years,116,91,25,41,23,18,26,25,1,0,0,0,0,0,0,49,43,6
CHILDRESS COUNTY,075,31 Years,100,78,22,40,24,16,19,18,1,0,0,0,1,1,0,40,35,5
CHILDRESS COUNTY,075,32 Years,97,75,22,49,33,16,16,15,1,1,1,0,0,0,0,31,26,5
CHILDRESS COUNTY,075,33 Years,106,85,21,53,38,15,20,19,1,0,0,0,0,0,0,33,28,5
CHILDRESS COUNTY,075,34 Years,115,81,34,59,37,22,17,17,0,0,0,0,1,1,0,38,26,12
CHILDRESS COUNTY,075,35 Years,117,77,40,56,32,24,15,10,5,1,1,0,1,0,1,44,34,10
CHILDRESS COUNTY,075,36 Years,98,67,31,47,24,23,20,18,2,0,0,0,1,0,1,30,25,5
CHILDRESS COUNTY,075,37 Years,95,63,32,51,28,23,11,10,1,0,0,0,0,0,0,33,25,8
CHILDRESS COUNTY,075,38 Years,83,51,32,45,23,22,7,7,0,2,0,2,0,0,0,29,21,8
CHILDRESS COUNTY,075,39 Years,94,61,33,51,30,21,8,7,1,2,1,1,1,1,0,32,22,10
CHILDRESS COUNTY,075,40 Years,96,58,38,54,29,25,12,9,3,1,1,0,1,1,0,28,18,10
CHILDRESS COUNTY,075,41 Years,91,50,41,49,25,24,8,6,2,3,1,2,1,0,1,30,18,12
CHILDRESS COUNTY,075,42 Years,81,47,34,44,24,20,10,8,2,2,2,0,1,0,1,24,13,11
CHILDRESS COUNTY,075,43 Years,71,36,35,41,20,21,8,6,2,1,0,1,1,0,1,20,10,10
CHILDRESS COUNTY,075,44 Years,74,43,31,51,29,22,3,2,1,1,0,1,1,0,1,18,12,6
CHILDRESS COUNTY,075,45 Years,66,40,26,41,26,15,4,4,0,0,0,0,1,0,1,20,10,10
CHILDRESS COUNTY,075,46 Years,71,37,34,42,21,21,3,2,1,0,0,0,1,1,0,25,13,12
CHILDRESS COUNTY,075,47 Years,72,40,32,49,26,23,3,2,1,0,0,0,0,0,0,20,12,8
CHILDRESS COUNTY,075,48 Years,74,40,34,53,25,28,3,3,0,0,0,0,1,1,0,17,11,6
CHILDRESS COUNTY,075,49 Years,70,40,30,48,26,22,6,5,1,0,0,0,0,0,0,16,9,7
CHILDRESS COUNTY,075,50 Years,71,39,32,42,23,19,8,4,4,1,0,1,2,1,1,18,11,7
CHILDRESS COUNTY,075,51 Years,59,34,25,35,21,14,6,4,2,1,0,1,1,1,0,16,8,8
CHILDRESS COUNTY,075,52 Years,69,31,38,49,22,27,7,4,3,0,0,0,0,0,0,13,5,8
CHILDRESS COUNTY,075,53 Years,64,29,35,46,22,24,6,3,3,0,0,0,0,0,0,12,4,8
CHILDRESS COUNTY,075,54 Years,82,40,42,63,29,34,4,2,2,1,1,0,1,1,0,13,7,6
CHILDRESS COUNTY,075,55 Years,87,39,48,63,28,35,5,1,4,0,0,0,2,1,1,17,9,8
CHILDRESS COUNTY,075,56 Years,75,43,32,56,35,21,3,1,2,1,0,1,2,0,2,13,7,6
CHILDRESS COUNTY,075,57 Years,67,33,34,53,26,27,2,0,2,1,0,1,1,1,0,10,6,4
CHILDRESS COUNTY,075,58 Years,66,23,43,54,20,34,3,1,2,0,0,0,1,0,1,8,2,6
CHILDRESS COUNTY,075,59 Years,70,30,40,48,19,29,5,3,2,1,0,1,1,1,0,15,7,8
CHILDRESS COUNTY,075,60 Years,71,31,40,52,23,29,2,1,1,1,0,1,1,0,1,15,7,8
CHILDRESS COUNTY,075,61 Years,69,27,42,54,19,35,2,2,0,1,1,0,0,0,0,12,5,7
CHILDRESS COUNTY,075,62 Years,75,30,45,57,23,34,5,2,3,1,1,0,0,0,0,12,4,8
CHILDRESS COUNTY,075,63 Years,74,38,36,55,28,27,6,2,4,2,1,1,0,0,0,11,7,4
CHILDRESS COUNTY,075,64 Years,71,34,37,51,25,26,4,1,3,1,0,1,2,1,1,13,7,6
CHILDRESS COUNTY,075,65 Years,69,29,40,54,23,31,1,1,0,1,1,0,1,0,1,12,4,8
CHILDRESS COUNTY,075,66 Years,77,32,45,60,24,36,1,1,0,1,1,0,1,0,1,14,6,8
CHILDRESS COUNTY,075,67 Years,73,32,41,56,25,31,3,2,1,1,1,0,0,0,0,13,4,9
CHILDRESS COUNTY,075,68 Years,62,30,32,44,21,23,4,2,2,2,1,1,1,1,0,11,5,6
CHILDRESS COUNTY,075,69 Years,57,27,30,41,18,23,4,2,2,1,0,1,2,1,1,9,6,3
CHILDRESS COUNTY,075,70 Years,52,24,28,42,18,24,1,0,1,0,0,0,1,0,1,8,6,2
CHILDRESS COUNTY,075,71 Years,52,22,30,43,16,27,1,1,0,0,0,0,0,0,0,8,5,3
CHILDRESS COUNTY,075,72 Years,59,26,33,46,20,26,2,2,0,0,0,0,1,0,1,10,4,6
CHILDRESS COUNTY,075,73 Years,50,23,27,36,18,18,2,1,1,0,0,0,1,0,1,11,4,7
CHILDRESS COUNTY,075,74 Years,47,20,27,36,15,21,0,0,0,1,0,1,0,0,0,10,5,5
CHILDRESS COUNTY,075,75 Years,50,21,29,42,18,24,2,1,1,0,0,0,1,0,1,5,2,3
CHILDRESS COUNTY,075,76 Years,47,27,20,43,24,19,0,0,0,0,0,0,1,0,1,3,3,0
CHILDRESS COUNTY,075,77 Years,47,21,26,38,16,22,3,0,3,0,0,0,2,2,0,4,3,1
CHILDRESS COUNTY,075,78 Years,44,16,28,35,12,23,2,0,2,0,0,0,1,0,1,6,4,2
CHILDRESS COUNTY,075,79 Years,34,15,19,25,11,14,2,0,2,0,0,0,0,0,0,7,4,3
CHILDRESS COUNTY,075,80 Years,35,11,24,29,8,21,1,0,1,1,1,0,0,0,0,4,2,2
CHILDRESS COUNTY,075,81 Years,35,15,20,29,13,16,1,0,1,1,1,0,1,1,0,3,0,3
CHILDRESS COUNTY,075,82 Years,33,8,25,29,7,22,0,0,0,0,0,0,1,0,1,3,1,2
CHILDRESS COUNTY,075,83 Years,34,13,21,26,7,19,2,1,1,0,0,0,1,1,0,5,4,1
CHILDRESS COUNTY,075,84 Years,29,10,19,24,8,16,3,0,3,0,0,0,0,0,0,2,2,0
CHILDRESS COUNTY,075,85 Years,30,12,18,24,8,16,1,0,1,0,0,0,1,1,0,4,3,1
CHILDRESS COUNTY,075,86 Years,28,14,14,24,11,13,1,1,0,0,0,0,0,0,0,3,2,1
CHILDRESS COUNTY,075,87 Years,22,13,9,16,9,7,1,1,0,0,0,0,0,0,0,5,3,2
CHILDRESS COUNTY,075,88 Years,20,8,12,15,6,9,0,0,0,0,0,0,0,0,0,5,2,3
CHILDRESS COUNTY,075,89 Years,18,6,12,14,4,10,1,0,1,0,0,0,0,0,0,3,2,1
CHILDRESS COUNTY,075,90 Years,16,4,12,11,3,8,1,0,1,0,0,0,0,0,0,4,1,3
CHILDRESS COUNTY,075,91 Years,12,5,7,9,3,6,1,1,0,0,0,0,0,0,0,2,1,1
CHILDRESS COUNTY,075,92 Years,10,2,8,9,2,7,0,0,0,0,0,0,1,0,1,0,0,0
CHILDRESS COUNTY,075,93 Years,8,2,6,8,2,6,0,0,0,0,0,0,0,0,0,0,0,0
CHILDRESS COUNTY,075,94 Years,8,4,4,5,3,2,1,0,1,0,0,0,0,0,0,2,1,1
CHILDRESS COUNTY,075,95 Years +,19,5,14,12,3,9,5,1,4,0,0,0,0,0,0,2,1,1
CLAY COUNTY,077,All Ages,10351,5212,5139,9388,4755,4633,56,33,23,37,15,22,309,149,160,561,260,301
CLAY COUNTY,077,< 1 Year,92,46,46,74,37,37,0,0,0,3,2,1,6,3,3,9,4,5
CLAY COUNTY,077,1 Years,94,47,47,79,40,39,0,0,0,4,3,1,4,2,2,7,2,5
CLAY COUNTY,077,2 Years,99,51,48,87,46,41,1,0,1,0,0,0,4,2,2,7,3,4
CLAY COUNTY,077,3 Years,101,50,51,90,47,43,0,0,0,0,0,0,5,1,4,6,2,4
CLAY COUNTY,077,4 Years,101,51,50,92,48,44,0,0,0,0,0,0,4,1,3,5,2,3
CLAY COUNTY,077,5 Years,103,51,52,90,45,45,0,0,0,0,0,0,3,1,2,10,5,5
CLAY COUNTY,077,6 Years,109,52,57,97,47,50,0,0,0,0,0,0,4,1,3,8,4,4
CLAY COUNTY,077,7 Years,107,50,57,94,43,51,0,0,0,0,0,0,3,1,2,10,6,4
CLAY COUNTY,077,8 Years,104,51,53,96,47,49,0,0,0,0,0,0,2,1,1,6,3,3
CLAY COUNTY,077,9 Years,142,69,73,128,63,65,0,0,0,1,0,1,3,1,2,10,5,5
CLAY COUNTY,077,10 Years,138,66,72,118,60,58,0,0,0,1,0,1,5,1,4,14,5,9
CLAY COUNTY,077,11 Years,138,71,67,119,59,60,1,1,0,0,0,0,7,4,3,11,7,4
CLAY COUNTY,077,12 Years,117,62,55,102,53,49,2,1,1,0,0,0,4,2,2,9,6,3
CLAY COUNTY,077,13 Years,115,68,47,96,56,40,1,1,0,1,1,0,4,3,1,13,7,6
CLAY COUNTY,077,14 Years,123,59,64,107,53,54,1,1,0,0,0,0,5,2,3,10,3,7
CLAY COUNTY,077,15 Years,124,64,60,111,57,54,0,0,0,0,0,0,4,2,2,9,5,4
CLAY COUNTY,077,16 Years,117,62,55,104,54,50,0,0,0,0,0,0,4,2,2,9,6,3
CLAY COUNTY,077,17 Years,107,60,47,91,51,40,2,2,0,0,0,0,4,2,2,10,5,5
CLAY COUNTY,077,18 Years,101,52,49,86,46,40,1,0,1,0,0,0,4,2,2,10,4,6
CLAY COUNTY,077,19 Years,90,46,44,73,41,32,2,1,1,0,0,0,3,1,2,12,3,9
CLAY COUNTY,077,20 Years,81,38,43,65,35,30,0,0,0,0,0,0,4,1,3,12,2,10
CLAY COUNTY,077,21 Years,82,44,38,70,40,30,1,1,0,0,0,0,3,2,1,8,1,7
CLAY COUNTY,077,22 Years,97,53,44,78,44,34,0,0,0,0,0,0,7,4,3,12,5,7
CLAY COUNTY,077,23 Years,106,53,53,86,45,41,2,1,1,0,0,0,6,3,3,12,4,8
CLAY COUNTY,077,24 Years,106,58,48,87,47,40,1,1,0,0,0,0,3,2,1,15,8,7
CLAY COUNTY,077,25 Years,130,77,53,108,67,41,1,0,1,0,0,0,8,6,2,13,4,9
CLAY COUNTY,077,26 Years,125,67,58,106,55,51,0,0,0,0,0,0,8,6,2,11,6,5
CLAY COUNTY,077,27 Years,136,74,62,124,69,55,2,1,1,1,1,0,2,1,1,7,2,5
CLAY COUNTY,077,28 Years,126,64,62,115,59,56,2,2,0,0,0,0,1,0,1,8,3,5
CLAY COUNTY,077,29 Years,123,58,65,111,54,57,3,1,2,1,1,0,2,0,2,6,2,4
CLAY COUNTY,077,30 Years,104,53,51,95,48,47,0,0,0,1,1,0,2,1,1,6,3,3
CLAY COUNTY,077,31 Years,103,59,44,98,55,43,1,1,0,1,1,0,1,1,0,2,1,1
CLAY COUNTY,077,32 Years,96,50,46,87,45,42,1,1,0,1,0,1,1,1,0,6,3,3
CLAY COUNTY,077,33 Years,90,48,42,85,45,40,0,0,0,0,0,0,1,1,0,4,2,2
CLAY COUNTY,077,34 Years,107,59,48,100,55,45,1,1,0,0,0,0,3,1,2,3,2,1
CLAY COUNTY,077,35 Years,96,42,54,90,38,52,1,1,0,0,0,0,3,2,1,2,1,1
CLAY COUNTY,077,36 Years,106,46,60,97,41,56,0,0,0,0,0,0,4,2,2,5,3,2
CLAY COUNTY,077,37 Years,103,49,54,94,45,49,0,0,0,0,0,0,2,0,2,7,4,3
CLAY COUNTY,077,38 Years,105,57,48,97,55,42,0,0,0,0,0,0,3,1,2,5,1,4
CLAY COUNTY,077,39 Years,113,66,47,105,62,43,0,0,0,0,0,0,2,1,1,6,3,3
CLAY COUNTY,077,40 Years,111,64,47,96,56,40,0,0,0,2,0,2,4,2,2,9,6,3
CLAY COUNTY,077,41 Years,124,63,61,112,56,56,1,1,0,1,0,1,3,2,1,7,4,3
CLAY COUNTY,077,42 Years,121,67,54,109,57,52,1,1,0,1,1,0,3,2,1,7,6,1
CLAY COUNTY,077,43 Years,122,64,58,107,56,51,1,0,1,1,1,0,5,1,4,8,6,2
CLAY COUNTY,077,44 Years,105,46,59,95,43,52,1,0,1,0,0,0,3,2,1,6,1,5
CLAY COUNTY,077,45 Years,106,55,51,91,48,43,4,1,3,0,0,0,3,2,1,8,4,4
CLAY COUNTY,077,46 Years,103,52,51,89,45,44,1,0,1,0,0,0,4,1,3,9,6,3
CLAY COUNTY,077,47 Years,112,48,64,101,45,56,2,1,1,3,0,3,1,0,1,5,2,3
CLAY COUNTY,077,48 Years,125,61,64,114,57,57,1,1,0,0,0,0,6,1,5,4,2,2
CLAY COUNTY,077,49 Years,135,63,72,121,56,65,1,1,0,2,1,1,2,1,1,9,4,5
CLAY COUNTY,077,50 Years,126,64,62,118,62,56,0,0,0,1,0,1,2,1,1,5,1,4
CLAY COUNTY,077,51 Years,131,66,65,119,57,62,0,0,0,0,0,0,6,4,2,6,5,1
CLAY COUNTY,077,52 Years,128,66,62,116,62,54,0,0,0,1,0,1,6,2,4,5,2,3
CLAY COUNTY,077,53 Years,126,63,63,115,58,57,0,0,0,0,0,0,2,1,1,9,4,5
CLAY COUNTY,077,54 Years,144,74,70,132,67,65,0,0,0,1,1,0,5,3,2,6,3,3
CLAY COUNTY,077,55 Years,168,79,89,157,77,80,2,1,1,0,0,0,5,1,4,4,0,4
CLAY COUNTY,077,56 Years,173,89,84,156,81,75,0,0,0,0,0,0,10,4,6,7,4,3
CLAY COUNTY,077,57 Years,167,87,80,150,80,70,2,1,1,0,0,0,5,2,3,10,4,6
CLAY COUNTY,077,58 Years,171,88,83,159,83,76,0,0,0,1,0,1,2,1,1,9,4,5
CLAY COUNTY,077,59 Years,179,97,82,166,90,76,1,0,1,1,1,0,3,2,1,8,4,4
CLAY COUNTY,077,60 Years,177,90,87,163,84,79,1,0,1,0,0,0,4,3,1,9,3,6
CLAY COUNTY,077,61 Years,184,95,89,172,89,83,1,0,1,1,0,1,4,2,2,6,4,2
CLAY COUNTY,077,62 Years,165,90,75,154,83,71,2,1,1,0,0,0,6,5,1,3,1,2
CLAY COUNTY,077,63 Years,174,80,94,169,77,92,0,0,0,0,0,0,2,2,0,3,1,2
CLAY COUNTY,077,64 Years,187,101,86,181,96,85,0,0,0,0,0,0,2,2,0,4,3,1
CLAY COUNTY,077,65 Years,182,103,79,175,98,77,2,2,0,0,0,0,4,2,2,1,1,0
CLAY COUNTY,077,66 Years,178,89,89,167,84,83,0,0,0,0,0,0,4,1,3,7,4,3
CLAY COUNTY,077,67 Years,165,82,83,156,78,78,1,1,0,0,0,0,4,2,2,4,1,3
CLAY COUNTY,077,68 Years,139,73,66,132,71,61,1,0,1,0,0,0,4,1,3,2,1,1
CLAY COUNTY,077,69 Years,131,68,63,124,64,60,0,0,0,0,0,0,3,2,1,4,2,2
CLAY COUNTY,077,70 Years,132,64,68,128,62,66,0,0,0,0,0,0,1,1,0,3,1,2
CLAY COUNTY,077,71 Years,136,69,67,128,64,64,1,1,0,0,0,0,4,2,2,3,2,1
CLAY COUNTY,077,72 Years,130,64,66,120,61,59,0,0,0,0,0,0,5,1,4,5,2,3
CLAY COUNTY,077,73 Years,99,46,53,91,42,49,0,0,0,1,0,1,4,2,2,3,2,1
CLAY COUNTY,077,74 Years,106,50,56,100,47,53,0,0,0,1,0,1,3,1,2,2,2,0
CLAY COUNTY,077,75 Years,110,50,60,108,48,60,0,0,0,0,0,0,1,1,0,1,1,0
CLAY COUNTY,077,76 Years,106,45,61,100,44,56,0,0,0,0,0,0,3,1,2,3,0,3
CLAY COUNTY,077,77 Years,86,43,43,81,40,41,0,0,0,0,0,0,3,2,1,2,1,1
CLAY COUNTY,077,78 Years,72,36,36,68,35,33,0,0,0,0,0,0,2,1,1,2,0,2
CLAY COUNTY,077,79 Years,65,30,35,59,27,32,1,1,0,0,0,0,2,1,1,3,1,2
CLAY COUNTY,077,80 Years,83,36,47,78,34,44,1,1,0,0,0,0,2,1,1,2,0,2
CLAY COUNTY,077,81 Years,74,36,38,68,33,35,0,0,0,0,0,0,4,2,2,2,1,1
CLAY COUNTY,077,82 Years,57,24,33,53,24,29,0,0,0,0,0,0,2,0,2,2,0,2
CLAY COUNTY,077,83 Years,53,26,27,51,26,25,0,0,0,2,0,2,0,0,0,0,0,0
CLAY COUNTY,077,84 Years,46,24,22,43,22,21,0,0,0,1,0,1,0,0,0,2,2,0
CLAY COUNTY,077,85 Years,47,18,29,44,16,28,0,0,0,1,0,1,1,1,0,1,1,0
CLAY COUNTY,077,86 Years,41,15,26,37,13,24,0,0,0,0,0,0,2,1,1,2,1,1
CLAY COUNTY,077,87 Years,36,14,22,35,14,21,0,0,0,0,0,0,1,0,1,0,0,0
CLAY COUNTY,077,88 Years,30,11,19,29,10,19,0,0,0,0,0,0,1,1,0,0,0,0
CLAY COUNTY,077,89 Years,26,7,19,25,7,18,0,0,0,0,0,0,0,0,0,1,0,1
CLAY COUNTY,077,90 Years,21,8,13,20,7,13,0,0,0,0,0,0,0,0,0,1,1,0
CLAY COUNTY,077,91 Years,20,6,14,20,6,14,0,0,0,0,0,0,0,0,0,0,0,0
CLAY COUNTY,077,92 Years,17,7,10,16,6,10,0,0,0,0,0,0,0,0,0,1,1,0
CLAY COUNTY,077,93 Years,11,5,6,10,4,6,0,0,0,0,0,0,1,1,0,0,0,0
CLAY COUNTY,077,94 Years,10,4,6,9,3,6,0,0,0,0,0,0,1,1,0,0,0,0
CLAY COUNTY,077,95 Years +,21,4,17,19,3,16,0,0,0,0,0,0,1,0,1,1,1,0
COCHRAN COUNTY,079,All Ages,2904,1469,1435,1044,543,501,100,43,57,2,1,1,47,20,27,1711,862,849
COCHRAN COUNTY,079,< 1 Year,44,22,22,15,8,7,0,0,0,0,0,0,5,2,3,24,12,12
COCHRAN COUNTY,079,1 Years,45,23,22,13,7,6,0,0,0,0,0,0,4,2,2,28,14,14
COCHRAN COUNTY,079,2 Years,43,23,20,12,8,4,0,0,0,0,0,0,3,1,2,28,14,14
COCHRAN COUNTY,079,3 Years,45,23,22,13,8,5,1,0,1,0,0,0,3,1,2,28,14,14
COCHRAN COUNTY,079,4 Years,47,28,19,19,14,5,0,0,0,0,0,0,1,1,0,27,13,14
COCHRAN COUNTY,079,5 Years,46,26,20,18,11,7,0,0,0,0,0,0,0,0,0,28,15,13
COCHRAN COUNTY,079,6 Years,49,29,20,18,12,6,0,0,0,0,0,0,0,0,0,31,17,14
COCHRAN COUNTY,079,7 Years,52,31,21,17,10,7,0,0,0,0,0,0,1,1,0,34,20,14
COCHRAN COUNTY,079,8 Years,56,31,25,17,9,8,1,1,0,0,0,0,3,1,2,35,20,15
COCHRAN COUNTY,079,9 Years,51,32,19,15,6,9,0,0,0,0,0,0,0,0,0,36,26,10
COCHRAN COUNTY,079,10 Years,46,22,24,9,4,5,0,0,0,0,0,0,0,0,0,37,18,19
COCHRAN COUNTY,079,11 Years,40,24,16,10,6,4,0,0,0,0,0,0,1,1,0,29,17,12
COCHRAN COUNTY,079,12 Years,43,18,25,8,3,5,1,0,1,0,0,0,0,0,0,34,15,19
COCHRAN COUNTY,079,13 Years,40,23,17,10,6,4,2,1,1,0,0,0,0,0,0,28,16,12
COCHRAN COUNTY,079,14 Years,41,20,21,10,7,3,2,1,1,0,0,0,0,0,0,29,12,17
COCHRAN COUNTY,079,15 Years,49,20,29,10,6,4,1,1,0,0,0,0,0,0,0,38,13,25
COCHRAN COUNTY,079,16 Years,59,29,30,16,7,9,1,0,1,0,0,0,0,0,0,42,22,20
COCHRAN COUNTY,079,17 Years,50,20,30,15,7,8,0,0,0,0,0,0,0,0,0,35,13,22
COCHRAN COUNTY,079,18 Years,35,13,22,7,4,3,1,0,1,0,0,0,0,0,0,27,9,18
COCHRAN COUNTY,079,19 Years,32,15,17,8,4,4,1,0,1,0,0,0,0,0,0,23,11,12
COCHRAN COUNTY,079,20 Years,40,24,16,9,6,3,1,1,0,0,0,0,1,0,1,29,17,12
COCHRAN COUNTY,079,21 Years,35,18,17,7,5,2,1,1,0,0,0,0,1,0,1,26,12,14
COCHRAN COUNTY,079,22 Years,37,22,15,8,5,3,2,1,1,1,1,0,1,1,0,25,14,11
COCHRAN COUNTY,079,23 Years,37,17,20,9,5,4,2,1,1,0,0,0,0,0,0,26,11,15
COCHRAN COUNTY,079,24 Years,37,20,17,9,6,3,2,2,0,0,0,0,0,0,0,26,12,14
COCHRAN COUNTY,079,25 Years,41,20,21,11,8,3,2,1,1,0,0,0,0,0,0,28,11,17
COCHRAN COUNTY,079,26 Years,43,23,20,11,8,3,2,0,2,0,0,0,0,0,0,30,15,15
COCHRAN COUNTY,079,27 Years,37,19,18,13,9,4,2,1,1,0,0,0,1,1,0,21,8,13
COCHRAN COUNTY,079,28 Years,44,24,20,17,10,7,2,1,1,0,0,0,1,0,1,24,13,11
COCHRAN COUNTY,079,29 Years,38,20,18,15,8,7,1,1,0,0,0,0,0,0,0,22,11,11
COCHRAN COUNTY,079,30 Years,38,20,18,17,10,7,1,1,0,0,0,0,0,0,0,20,9,11
COCHRAN COUNTY,079,31 Years,33,13,20,11,6,5,1,0,1,0,0,0,0,0,0,21,7,14
COCHRAN COUNTY,079,32 Years,37,18,19,12,4,8,0,0,0,0,0,0,0,0,0,25,14,11
COCHRAN COUNTY,079,33 Years,32,18,14,10,4,6,3,3,0,0,0,0,0,0,0,19,11,8
COCHRAN COUNTY,079,34 Years,32,16,16,12,5,7,0,0,0,0,0,0,0,0,0,20,11,9
COCHRAN COUNTY,079,35 Years,34,15,19,13,6,7,1,0,1,0,0,0,0,0,0,20,9,11
COCHRAN COUNTY,079,36 Years,24,11,13,10,4,6,1,1,0,0,0,0,0,0,0,13,6,7
COCHRAN COUNTY,079,37 Years,31,13,18,13,6,7,2,0,2,0,0,0,0,0,0,16,7,9
COCHRAN COUNTY,079,38 Years,37,20,17,8,5,3,2,0,2,0,0,0,0,0,0,27,15,12
COCHRAN COUNTY,079,39 Years,35,17,18,9,3,6,1,0,1,0,0,0,0,0,0,25,14,11
COCHRAN COUNTY,079,40 Years,25,16,9,8,4,4,1,1,0,0,0,0,0,0,0,16,11,5
COCHRAN COUNTY,079,41 Years,27,12,15,6,4,2,0,0,0,0,0,0,1,0,1,20,8,12
COCHRAN COUNTY,079,42 Years,26,13,13,9,4,5,0,0,0,0,0,0,0,0,0,17,9,8
COCHRAN COUNTY,079,43 Years,18,10,8,7,4,3,0,0,0,0,0,0,0,0,0,11,6,5
COCHRAN COUNTY,079,44 Years,21,11,10,9,5,4,0,0,0,0,0,0,0,0,0,12,6,6
COCHRAN COUNTY,079,45 Years,21,9,12,9,2,7,1,1,0,0,0,0,0,0,0,11,6,5
COCHRAN COUNTY,079,46 Years,23,10,13,12,5,7,1,1,0,0,0,0,0,0,0,10,4,6
COCHRAN COUNTY,079,47 Years,27,14,13,10,4,6,2,2,0,0,0,0,0,0,0,15,8,7
COCHRAN COUNTY,079,48 Years,31,15,16,8,3,5,1,1,0,0,0,0,0,0,0,22,11,11
COCHRAN COUNTY,079,49 Years,32,10,22,8,3,5,1,0,1,1,0,1,1,0,1,21,7,14
COCHRAN COUNTY,079,50 Years,29,12,17,9,3,6,1,0,1,0,0,0,1,0,1,18,9,9
COCHRAN COUNTY,079,51 Years,41,24,17,17,10,7,4,2,2,0,0,0,0,0,0,20,12,8
COCHRAN COUNTY,079,52 Years,31,18,13,13,8,5,2,0,2,0,0,0,1,0,1,15,10,5
COCHRAN COUNTY,079,53 Years,27,14,13,14,6,8,1,0,1,0,0,0,0,0,0,12,8,4
COCHRAN COUNTY,079,54 Years,38,16,22,16,5,11,0,0,0,0,0,0,1,1,0,21,10,11
COCHRAN COUNTY,079,55 Years,37,17,20,13,6,7,1,0,1,0,0,0,1,0,1,22,11,11
COCHRAN COUNTY,079,56 Years,44,23,21,19,10,9,3,0,3,0,0,0,0,0,0,22,13,9
COCHRAN COUNTY,079,57 Years,41,23,18,20,10,10,1,1,0,0,0,0,1,0,1,19,12,7
COCHRAN COUNTY,079,58 Years,35,18,17,18,9,9,2,0,2,0,0,0,0,0,0,15,9,6
COCHRAN COUNTY,079,59 Years,34,18,16,15,8,7,1,0,1,0,0,0,2,1,1,16,9,7
COCHRAN COUNTY,079,60 Years,34,17,17,16,7,9,3,2,1,0,0,0,0,0,0,15,8,7
COCHRAN COUNTY,079,61 Years,27,11,16,15,6,9,1,1,0,0,0,0,1,0,1,10,4,6
COCHRAN COUNTY,079,62 Years,29,10,19,16,6,10,2,1,1,0,0,0,0,0,0,11,3,8
COCHRAN COUNTY,079,63 Years,38,18,20,21,11,10,1,0,1,0,0,0,0,0,0,16,7,9
COCHRAN COUNTY,079,64 Years,36,17,19,21,11,10,1,0,1,0,0,0,1,0,1,13,6,7
COCHRAN COUNTY,079,65 Years,33,16,17,16,8,8,0,0,0,0,0,0,1,0,1,16,8,8
COCHRAN COUNTY,079,66 Years,26,12,14,13,5,8,1,0,1,0,0,0,0,0,0,12,7,5
COCHRAN COUNTY,079,67 Years,27,11,16,13,5,8,1,0,1,0,0,0,1,1,0,12,5,7
COCHRAN COUNTY,079,68 Years,25,14,11,13,6,7,1,1,0,0,0,0,0,0,0,11,7,4
COCHRAN COUNTY,079,69 Years,25,15,10,12,6,6,1,1,0,0,0,0,0,0,0,12,8,4
COCHRAN COUNTY,079,70 Years,28,14,14,8,5,3,1,0,1,0,0,0,1,0,1,18,9,9
COCHRAN COUNTY,079,71 Years,25,13,12,11,6,5,1,1,0,0,0,0,1,1,0,12,5,7
COCHRAN COUNTY,079,72 Years,23,11,12,11,5,6,2,1,1,0,0,0,0,0,0,10,5,5
COCHRAN COUNTY,079,73 Years,22,12,10,9,5,4,0,0,0,0,0,0,1,1,0,12,6,6
COCHRAN COUNTY,079,74 Years,20,11,9,10,5,5,1,1,0,0,0,0,0,0,0,9,5,4
COCHRAN COUNTY,079,75 Years,22,13,9,11,5,6,1,1,0,0,0,0,1,1,0,9,6,3
COCHRAN COUNTY,079,76 Years,18,10,8,8,4,4,0,0,0,0,0,0,1,1,0,9,5,4
COCHRAN COUNTY,079,77 Years,16,7,9,7,3,4,2,0,2,0,0,0,0,0,0,7,4,3
COCHRAN COUNTY,079,78 Years,20,8,12,10,5,5,2,1,1,0,0,0,0,0,0,8,2,6
COCHRAN COUNTY,079,79 Years,16,7,9,9,6,3,1,0,1,0,0,0,0,0,0,6,1,5
COCHRAN COUNTY,079,80 Years,18,9,9,9,5,4,1,0,1,0,0,0,2,1,1,6,3,3
COCHRAN COUNTY,079,81 Years,16,9,7,7,4,3,0,0,0,0,0,0,0,0,0,9,5,4
COCHRAN COUNTY,079,82 Years,14,7,7,7,4,3,0,0,0,0,0,0,0,0,0,7,3,4
COCHRAN COUNTY,079,83 Years,18,8,10,6,3,3,2,1,1,0,0,0,0,0,0,10,4,6
COCHRAN COUNTY,079,84 Years,14,7,7,6,3,3,2,0,2,0,0,0,0,0,0,6,4,2
COCHRAN COUNTY,079,85 Years,12,7,5,5,3,2,3,1,2,0,0,0,0,0,0,4,3,1
COCHRAN COUNTY,079,86 Years,11,5,6,5,3,2,1,0,1,0,0,0,1,0,1,4,2,2
COCHRAN COUNTY,079,87 Years,8,4,4,4,3,1,1,0,1,0,0,0,0,0,0,3,1,2
COCHRAN COUNTY,079,88 Years,8,6,2,4,3,1,1,1,0,0,0,0,0,0,0,3,2,1
COCHRAN COUNTY,079,89 Years,4,3,1,3,2,1,0,0,0,0,0,0,0,0,0,1,1,0
COCHRAN COUNTY,079,90 Years,5,2,3,3,1,2,0,0,0,0,0,0,0,0,0,2,1,1
COCHRAN COUNTY,079,91 Years,5,3,2,3,2,1,0,0,0,0,0,0,0,0,0,2,1,1
COCHRAN COUNTY,079,92 Years,5,4,1,3,2,1,1,1,0,0,0,0,0,0,0,1,1,0
COCHRAN COUNTY,079,93 Years,3,1,2,1,0,1,0,0,0,0,0,0,0,0,0,2,1,1
COCHRAN COUNTY,079,94 Years,2,2,0,1,1,0,0,0,0,0,0,0,0,0,0,1,1,0
COCHRAN COUNTY,079,95 Years +,8,2,6,3,1,2,2,0,2,0,0,0,0,0,0,3,1,2
COKE COUNTY,081,All Ages,3390,1666,1724,2645,1288,1357,6,5,1,4,0,4,71,33,38,664,340,324
COKE COUNTY,081,< 1 Year,36,21,15,32,18,14,0,0,0,0,0,0,0,0,0,4,3,1
COKE COUNTY,081,1 Years,36,20,16,32,18,14,0,0,0,0,0,0,0,0,0,4,2,2
COKE COUNTY,081,2 Years,38,21,17,33,18,15,0,0,0,0,0,0,0,0,0,5,3,2
COKE COUNTY,081,3 Years,39,22,17,32,18,14,0,0,0,0,0,0,1,0,1,6,4,2
COKE COUNTY,081,4 Years,40,21,19,33,19,14,0,0,0,0,0,0,2,0,2,5,2,3
COKE COUNTY,081,5 Years,35,20,15,31,18,13,0,0,0,0,0,0,0,0,0,4,2,2
COKE COUNTY,081,6 Years,32,16,16,28,15,13,0,0,0,0,0,0,0,0,0,4,1,3
COKE COUNTY,081,7 Years,30,16,14,25,14,11,0,0,0,0,0,0,0,0,0,5,2,3
COKE COUNTY,081,8 Years,31,14,17,25,12,13,0,0,0,0,0,0,0,0,0,6,2,4
COKE COUNTY,081,9 Years,35,16,19,27,10,17,1,0,1,0,0,0,1,1,0,6,5,1
COKE COUNTY,081,10 Years,29,15,14,19,7,12,0,0,0,0,0,0,1,1,0,9,7,2
COKE COUNTY,081,11 Years,37,20,17,25,14,11,0,0,0,0,0,0,0,0,0,12,6,6
COKE COUNTY,081,12 Years,36,21,15,24,15,9,0,0,0,0,0,0,1,0,1,11,6,5
COKE COUNTY,081,13 Years,38,21,17,26,16,10,0,0,0,0,0,0,0,0,0,12,5,7
COKE COUNTY,081,14 Years,30,19,11,18,11,7,0,0,0,0,0,0,0,0,0,12,8,4
COKE COUNTY,081,15 Years,29,10,19,18,7,11,0,0,0,0,0,0,0,0,0,11,3,8
COKE COUNTY,081,16 Years,41,15,26,28,10,18,0,0,0,0,0,0,1,1,0,12,4,8
COKE COUNTY,081,17 Years,48,21,27,33,15,18,0,0,0,0,0,0,2,1,1,13,5,8
COKE COUNTY,081,18 Years,55,26,29,39,18,21,0,0,0,0,0,0,1,1,0,15,7,8
COKE COUNTY,081,19 Years,49,23,26,35,15,20,0,0,0,0,0,0,0,0,0,14,8,6
COKE COUNTY,081,20 Years,37,20,17,30,16,14,0,0,0,0,0,0,0,0,0,7,4,3
COKE COUNTY,081,21 Years,36,16,20,26,10,16,0,0,0,0,0,0,1,1,0,9,5,4
COKE COUNTY,081,22 Years,40,20,20,26,14,12,0,0,0,0,0,0,3,0,3,11,6,5
COKE COUNTY,081,23 Years,40,22,18,28,15,13,0,0,0,0,0,0,3,2,1,9,5,4
COKE COUNTY,081,24 Years,43,22,21,28,13,15,0,0,0,0,0,0,2,1,1,13,8,5
COKE COUNTY,081,25 Years,37,20,17,26,14,12,0,0,0,0,0,0,1,0,1,10,6,4
COKE COUNTY,081,26 Years,50,30,20,31,20,11,0,0,0,0,0,0,4,2,2,15,8,7
COKE COUNTY,081,27 Years,40,26,14,24,16,8,1,1,0,0,0,0,1,1,0,14,8,6
COKE COUNTY,081,28 Years,29,17,12,17,10,7,0,0,0,0,0,0,1,1,0,11,6,5
COKE COUNTY,081,29 Years,29,16,13,18,9,9,1,1,0,0,0,0,0,0,0,10,6,4
COKE COUNTY,081,30 Years,31,15,16,22,10,12,1,1,0,0,0,0,0,0,0,8,4,4
COKE COUNTY,081,31 Years,22,13,9,16,10,6,1,1,0,0,0,0,0,0,0,5,2,3
COKE COUNTY,081,32 Years,23,12,11,12,6,6,0,0,0,2,0,2,0,0,0,9,6,3
COKE COUNTY,081,33 Years,27,13,14,19,10,9,0,0,0,1,0,1,0,0,0,7,3,4
COKE COUNTY,081,34 Years,30,17,13,22,11,11,0,0,0,0,0,0,1,1,0,7,5,2
COKE COUNTY,081,35 Years,42,24,18,34,19,15,0,0,0,0,0,0,0,0,0,8,5,3
COKE COUNTY,081,36 Years,28,14,14,24,12,12,0,0,0,0,0,0,0,0,0,4,2,2
COKE COUNTY,081,37 Years,30,12,18,26,12,14,0,0,0,0,0,0,2,0,2,2,0,2
COKE COUNTY,081,38 Years,33,16,17,24,11,13,0,0,0,0,0,0,1,0,1,8,5,3
COKE COUNTY,081,39 Years,30,13,17,20,8,12,0,0,0,0,0,0,2,0,2,8,5,3
COKE COUNTY,081,40 Years,34,13,21,27,12,15,0,0,0,0,0,0,2,0,2,5,1,4
COKE COUNTY,081,41 Years,29,15,14,24,12,12,1,1,0,0,0,0,0,0,0,4,2,2
COKE COUNTY,081,42 Years,27,14,13,23,12,11,0,0,0,0,0,0,0,0,0,4,2,2
COKE COUNTY,081,43 Years,29,15,14,21,12,9,0,0,0,1,0,1,1,1,0,6,2,4
COKE COUNTY,081,44 Years,30,17,13,24,14,10,0,0,0,0,0,0,1,1,0,5,2,3
COKE COUNTY,081,45 Years,25,12,13,19,9,10,0,0,0,0,0,0,1,1,0,5,2,3
COKE COUNTY,081,46 Years,28,15,13,21,12,9,0,0,0,0,0,0,1,0,1,6,3,3
COKE COUNTY,081,47 Years,27,9,18,23,8,15,0,0,0,0,0,0,1,0,1,3,1,2
COKE COUNTY,081,48 Years,26,13,13,19,9,10,0,0,0,0,0,0,0,0,0,7,4,3
COKE COUNTY,081,49 Years,32,16,16,25,12,13,0,0,0,0,0,0,0,0,0,7,4,3
COKE COUNTY,081,50 Years,43,23,20,34,18,16,0,0,0,0,0,0,0,0,0,9,5,4
COKE COUNTY,081,51 Years,37,20,17,25,14,11,0,0,0,0,0,0,0,0,0,12,6,6
COKE COUNTY,081,52 Years,42,23,19,30,16,14,0,0,0,0,0,0,0,0,0,12,7,5
COKE COUNTY,081,53 Years,38,18,20,24,10,14,0,0,0,0,0,0,0,0,0,14,8,6
COKE COUNTY,081,54 Years,59,22,37,48,17,31,0,0,0,0,0,0,0,0,0,11,5,6
COKE COUNTY,081,55 Years,53,25,28,40,20,20,0,0,0,0,0,0,2,0,2,11,5,6
COKE COUNTY,081,56 Years,49,25,24,37,18,19,0,0,0,0,0,0,1,0,1,11,7,4
COKE COUNTY,081,57 Years,54,28,26,42,21,21,0,0,0,0,0,0,2,1,1,10,6,4
COKE COUNTY,081,58 Years,56,27,29,46,23,23,0,0,0,0,0,0,2,1,1,8,3,5
COKE COUNTY,081,59 Years,46,21,25,32,15,17,0,0,0,0,0,0,0,0,0,14,6,8
COKE COUNTY,081,60 Years,51,25,26,40,19,21,0,0,0,0,0,0,2,2,0,9,4,5
COKE COUNTY,081,61 Years,50,26,24,41,21,20,0,0,0,0,0,0,2,2,0,7,3,4
COKE COUNTY,081,62 Years,53,27,26,44,23,21,0,0,0,0,0,0,1,1,0,8,3,5
COKE COUNTY,081,63 Years,47,24,23,41,19,22,0,0,0,0,0,0,0,0,0,6,5,1
COKE COUNTY,081,64 Years,47,26,21,42,23,19,0,0,0,0,0,0,0,0,0,5,3,2
COKE COUNTY,081,65 Years,59,29,30,47,23,24,0,0,0,0,0,0,1,1,0,11,5,6
COKE COUNTY,081,66 Years,52,25,27,45,22,23,0,0,0,0,0,0,0,0,0,7,3,4
COKE COUNTY,081,67 Years,46,23,23,42,20,22,0,0,0,0,0,0,0,0,0,4,3,1
COKE COUNTY,081,68 Years,45,22,23,43,20,23,0,0,0,0,0,0,0,0,0,2,2,0
COKE COUNTY,081,69 Years,46,20,26,41,18,23,0,0,0,0,0,0,0,0,0,5,2,3
COKE COUNTY,081,70 Years,53,22,31,44,18,26,0,0,0,0,0,0,1,1,0,8,3,5
COKE COUNTY,081,71 Years,50,20,30,44,17,27,0,0,0,0,0,0,1,1,0,5,2,3
COKE COUNTY,081,72 Years,48,18,30,38,15,23,0,0,0,0,0,0,1,0,1,9,3,6
COKE COUNTY,081,73 Years,36,11,25,29,10,19,0,0,0,0,0,0,3,1,2,4,0,4
COKE COUNTY,081,74 Years,40,15,25,34,13,21,0,0,0,0,0,0,2,1,1,4,1,3
COKE COUNTY,081,75 Years,45,22,23,37,17,20,0,0,0,0,0,0,3,2,1,5,3,2
COKE COUNTY,081,76 Years,40,16,24,34,15,19,0,0,0,0,0,0,1,0,1,5,1,4
COKE COUNTY,081,77 Years,36,16,20,30,12,18,0,0,0,0,0,0,1,0,1,5,4,1
COKE COUNTY,081,78 Years,36,15,21,32,12,20,0,0,0,0,0,0,1,0,1,3,3,0
COKE COUNTY,081,79 Years,37,21,16,34,19,15,0,0,0,0,0,0,0,0,0,3,2,1
COKE COUNTY,081,80 Years,32,19,13,31,19,12,0,0,0,0,0,0,1,0,1,0,0,0
COKE COUNTY,081,81 Years,28,10,18,25,9,16,0,0,0,0,0,0,1,0,1,2,1,1
COKE COUNTY,081,82 Years,30,18,12,26,15,11,0,0,0,0,0,0,1,1,0,3,2,1
COKE COUNTY,081,83 Years,29,14,15,24,13,11,0,0,0,0,0,0,1,1,0,4,0,4
COKE COUNTY,081,84 Years,22,10,12,18,9,9,0,0,0,0,0,0,0,0,0,4,1,3
COKE COUNTY,081,85 Years,19,11,8,16,9,7,0,0,0,0,0,0,0,0,0,3,2,1
COKE COUNTY,081,86 Years,14,8,6,12,6,6,0,0,0,0,0,0,0,0,0,2,2,0
COKE COUNTY,081,87 Years,14,5,9,13,4,9,0,0,0,0,0,0,0,0,0,1,1,0
COKE COUNTY,081,88 Years,21,11,10,16,7,9,0,0,0,0,0,0,0,0,0,5,4,1
COKE COUNTY,081,89 Years,21,9,12,19,8,11,0,0,0,0,0,0,0,0,0,2,1,1
COKE COUNTY,081,90 Years,12,4,8,9,3,6,0,0,0,0,0,0,0,0,0,3,1,2
COKE COUNTY,081,91 Years,11,2,9,8,2,6,0,0,0,0,0,0,0,0,0,3,0,3
COKE COUNTY,081,92 Years,7,2,5,6,2,4,0,0,0,0,0,0,0,0,0,1,0,1
COKE COUNTY,081,93 Years,9,3,6,5,2,3,0,0,0,0,0,0,1,0,1,3,1,2
COKE COUNTY,081,94 Years,7,5,2,5,3,2,0,0,0,0,0,0,0,0,0,2,2,0
COKE COUNTY,081,95 Years +,12,5,7,10,3,7,0,0,0,0,0,0,0,0,0,2,2,0
COLEMAN COUNTY,083,All Ages,8191,4114,4077,6130,3074,3056,227,110,117,30,15,15,212,94,118,1592,821,771
COLEMAN COUNTY,083,< 1 Year,96,47,49,58,26,32,0,0,0,0,0,0,10,4,6,28,17,11
COLEMAN COUNTY,083,1 Years,93,44,49,57,25,32,6,4,2,0,0,0,5,1,4,25,14,11
COLEMAN COUNTY,083,2 Years,94,49,45,58,29,29,5,1,4,0,0,0,5,1,4,26,18,8
COLEMAN COUNTY,083,3 Years,92,50,42,59,30,29,6,1,5,0,0,0,5,4,1,22,15,7
COLEMAN COUNTY,083,4 Years,94,48,46,60,35,25,6,1,5,0,0,0,9,4,5,19,8,11
COLEMAN COUNTY,083,5 Years,98,46,52,56,30,26,7,4,3,1,0,1,12,3,9,22,9,13
COLEMAN COUNTY,083,6 Years,108,52,56,62,34,28,7,4,3,0,0,0,12,3,9,27,11,16
COLEMAN COUNTY,083,7 Years,115,53,62,67,31,36,4,2,2,0,0,0,12,4,8,32,16,16
COLEMAN COUNTY,083,8 Years,121,61,60,73,38,35,6,1,5,0,0,0,8,4,4,34,18,16
COLEMAN COUNTY,083,9 Years,122,64,58,79,38,41,6,3,3,0,0,0,3,2,1,34,21,13
COLEMAN COUNTY,083,10 Years,93,42,51,64,28,36,3,1,2,0,0,0,2,0,2,24,13,11
COLEMAN COUNTY,083,11 Years,98,51,47,69,37,32,1,1,0,0,0,0,3,1,2,25,12,13
COLEMAN COUNTY,083,12 Years,111,52,59,68,32,36,2,1,1,0,0,0,4,1,3,37,18,19
COLEMAN COUNTY,083,13 Years,89,41,48,57,27,30,1,0,1,2,1,1,4,2,2,25,11,14
COLEMAN COUNTY,083,14 Years,103,55,48,72,39,33,3,2,1,0,0,0,2,1,1,26,13,13
COLEMAN COUNTY,083,15 Years,109,58,51,75,38,37,2,2,0,0,0,0,4,3,1,28,15,13
COLEMAN COUNTY,083,16 Years,113,58,55,81,43,38,3,0,3,0,0,0,2,1,1,27,14,13
COLEMAN COUNTY,083,17 Years,105,55,50,74,42,32,2,1,1,0,0,0,1,1,0,28,11,17
COLEMAN COUNTY,083,18 Years,104,58,46,78,44,34,1,1,0,0,0,0,0,0,0,25,13,12
COLEMAN COUNTY,083,19 Years,99,57,42,64,39,25,5,2,3,1,1,0,4,3,1,25,12,13
COLEMAN COUNTY,083,20 Years,108,65,43,74,46,28,2,1,1,1,1,0,1,1,0,30,16,14
COLEMAN COUNTY,083,21 Years,99,53,46,67,36,31,0,0,0,2,2,0,2,2,0,28,13,15
COLEMAN COUNTY,083,22 Years,92,48,44,62,31,31,3,3,0,0,0,0,3,2,1,24,12,12
COLEMAN COUNTY,083,23 Years,100,52,48,71,38,33,2,2,0,0,0,0,2,2,0,25,10,15
COLEMAN COUNTY,083,24 Years,81,46,35,56,33,23,1,1,0,0,0,0,1,1,0,23,11,12
COLEMAN COUNTY,083,25 Years,91,51,40,67,37,30,3,2,1,0,0,0,1,1,0,20,11,9
COLEMAN COUNTY,083,26 Years,103,58,45,74,41,33,5,3,2,2,2,0,1,0,1,21,12,9
COLEMAN COUNTY,083,27 Years,103,50,53,75,38,37,2,1,1,1,1,0,0,0,0,25,10,15
COLEMAN COUNTY,083,28 Years,91,49,42,66,34,32,4,3,1,1,0,1,0,0,0,20,12,8
COLEMAN COUNTY,083,29 Years,85,37,48,64,29,35,3,1,2,1,0,1,0,0,0,17,7,10
COLEMAN COUNTY,083,30 Years,78,41,37,54,31,23,1,0,1,0,0,0,1,0,1,22,10,12
COLEMAN COUNTY,083,31 Years,76,41,35,49,25,24,2,1,1,0,0,0,2,1,1,23,14,9
COLEMAN COUNTY,083,32 Years,79,36,43,55,20,35,4,1,3,0,0,0,2,1,1,18,14,4
COLEMAN COUNTY,083,33 Years,85,39,46,57,23,34,1,1,0,0,0,0,2,1,1,25,14,11
COLEMAN COUNTY,083,34 Years,72,35,37,54,25,29,0,0,0,1,1,0,1,1,0,16,8,8
COLEMAN COUNTY,083,35 Years,83,47,36,63,36,27,1,0,1,0,0,0,1,1,0,18,10,8
COLEMAN COUNTY,083,36 Years,83,43,40,58,29,29,2,2,0,1,0,1,2,1,1,20,11,9
COLEMAN COUNTY,083,37 Years,74,38,36,58,31,27,1,0,1,1,0,1,2,1,1,12,6,6
COLEMAN COUNTY,083,38 Years,74,39,35,58,32,26,1,0,1,0,0,0,1,0,1,14,7,7
COLEMAN COUNTY,083,39 Years,69,40,29,47,26,21,1,0,1,1,0,1,1,1,0,19,13,6
COLEMAN COUNTY,083,40 Years,76,42,34,55,29,26,1,1,0,0,0,0,0,0,0,20,12,8
COLEMAN COUNTY,083,41 Years,68,32,36,53,25,28,2,1,1,0,0,0,0,0,0,13,6,7
COLEMAN COUNTY,083,42 Years,77,35,42,61,29,32,1,0,1,0,0,0,2,0,2,13,6,7
COLEMAN COUNTY,083,43 Years,83,36,47,63,29,34,2,0,2,0,0,0,2,0,2,16,7,9
COLEMAN COUNTY,083,44 Years,88,41,47,66,33,33,2,1,1,0,0,0,1,0,1,19,7,12
COLEMAN COUNTY,083,45 Years,88,43,45,68,35,33,2,2,0,1,0,1,1,1,0,16,5,11
COLEMAN COUNTY,083,46 Years,86,40,46,63,30,33,2,2,0,0,0,0,2,1,1,19,7,12
COLEMAN COUNTY,083,47 Years,87,42,45,63,29,34,4,3,1,1,1,0,0,0,0,19,9,10
COLEMAN COUNTY,083,48 Years,97,48,49,73,36,37,3,1,2,1,1,0,2,1,1,18,9,9
COLEMAN COUNTY,083,49 Years,91,47,44,72,37,35,2,1,1,1,0,1,2,1,1,14,8,6
COLEMAN COUNTY,083,50 Years,86,47,39,64,36,28,1,0,1,0,0,0,1,0,1,20,11,9
COLEMAN COUNTY,083,51 Years,88,46,42,63,34,29,3,1,2,2,2,0,2,0,2,18,9,9
COLEMAN COUNTY,083,52 Years,81,45,36,61,35,26,1,0,1,2,0,2,3,0,3,14,10,4
COLEMAN COUNTY,083,53 Years,78,42,36,59,32,27,4,2,2,1,0,1,0,0,0,14,8,6
COLEMAN COUNTY,083,54 Years,80,43,37,59,32,27,4,2,2,0,0,0,2,1,1,15,8,7
COLEMAN COUNTY,083,55 Years,105,54,51,81,41,40,4,2,2,1,0,1,1,0,1,18,11,7
COLEMAN COUNTY,083,56 Years,93,45,48,75,37,38,3,1,2,0,0,0,1,0,1,14,7,7
COLEMAN COUNTY,083,57 Years,102,52,50,83,43,40,3,2,1,0,0,0,2,0,2,14,7,7
COLEMAN COUNTY,083,58 Years,106,55,51,81,41,40,3,2,1,0,0,0,1,0,1,21,12,9
COLEMAN COUNTY,083,59 Years,116,65,51,98,54,44,4,4,0,0,0,0,1,0,1,13,7,6
COLEMAN COUNTY,083,60 Years,118,63,55,100,52,48,3,2,1,0,0,0,3,2,1,12,7,5
COLEMAN COUNTY,083,61 Years,112,57,55,91,46,45,3,0,3,0,0,0,6,3,3,12,8,4
COLEMAN COUNTY,083,62 Years,101,51,50,81,42,39,3,0,3,1,0,1,4,3,1,12,6,6
COLEMAN COUNTY,083,63 Years,125,69,56,108,59,49,4,3,1,1,1,0,2,2,0,10,4,6
COLEMAN COUNTY,083,64 Years,125,65,60,106,59,47,4,1,3,0,0,0,4,2,2,11,3,8
COLEMAN COUNTY,083,65 Years,112,55,57,98,49,49,3,2,1,0,0,0,2,2,0,9,2,7
COLEMAN COUNTY,083,66 Years,100,43,57,86,37,49,3,1,2,0,0,0,1,1,0,10,4,6
COLEMAN COUNTY,083,67 Years,99,42,57,84,34,50,2,1,1,0,0,0,1,0,1,12,7,5
COLEMAN COUNTY,083,68 Years,100,44,56,87,37,50,3,3,0,0,0,0,2,0,2,8,4,4
COLEMAN COUNTY,083,69 Years,109,46,63,90,36,54,1,1,0,0,0,0,2,1,1,16,8,8
COLEMAN COUNTY,083,70 Years,117,53,64,98,45,53,3,1,2,1,0,1,1,0,1,14,7,7
COLEMAN COUNTY,083,71 Years,126,61,65,105,46,59,1,1,0,1,1,0,0,0,0,19,13,6
COLEMAN COUNTY,083,72 Years,107,51,56,91,42,49,1,0,1,0,0,0,1,0,1,14,9,5
COLEMAN COUNTY,083,73 Years,91,50,41,75,39,36,1,1,0,0,0,0,4,3,1,11,7,4
COLEMAN COUNTY,083,74 Years,96,47,49,76,35,41,3,2,1,0,0,0,3,3,0,14,7,7
COLEMAN COUNTY,083,75 Years,90,41,49,75,34,41,2,1,1,0,0,0,3,1,2,10,5,5
COLEMAN COUNTY,083,76 Years,80,42,38,69,38,31,2,1,1,0,0,0,1,0,1,8,3,5
COLEMAN COUNTY,083,77 Years,81,45,36,67,37,30,1,1,0,0,0,0,1,0,1,12,7,5
COLEMAN COUNTY,083,78 Years,76,40,36,63,31,32,1,1,0,0,0,0,0,0,0,12,8,4
COLEMAN COUNTY,083,79 Years,69,31,38,59,27,32,1,0,1,0,0,0,2,1,1,7,3,4
COLEMAN COUNTY,083,80 Years,64,28,36,52,22,30,4,3,1,0,0,0,0,0,0,8,3,5
COLEMAN COUNTY,083,81 Years,67,36,31,58,31,27,3,1,2,0,0,0,1,1,0,5,3,2
COLEMAN COUNTY,083,82 Years,58,29,29,48,24,24,1,0,1,0,0,0,3,1,2,6,4,2
COLEMAN COUNTY,083,83 Years,56,26,30,47,22,25,1,0,1,0,0,0,1,1,0,7,3,4
COLEMAN COUNTY,083,84 Years,55,27,28,47,23,24,1,0,1,0,0,0,1,1,0,6,3,3
COLEMAN COUNTY,083,85 Years,41,20,21,34,17,17,0,0,0,0,0,0,2,1,1,5,2,3
COLEMAN COUNTY,083,86 Years,38,17,21,33,15,18,0,0,0,0,0,0,1,0,1,4,2,2
COLEMAN COUNTY,083,87 Years,37,16,21,34,14,20,0,0,0,0,0,0,0,0,0,3,2,1
COLEMAN COUNTY,083,88 Years,36,13,23,29,10,19,2,1,1,0,0,0,0,0,0,5,2,3
COLEMAN COUNTY,083,89 Years,31,11,20,25,9,16,0,0,0,0,0,0,0,0,0,6,2,4
COLEMAN COUNTY,083,90 Years,30,12,18,25,11,14,0,0,0,0,0,0,0,0,0,5,1,4
COLEMAN COUNTY,083,91 Years,20,8,12,16,7,9,2,0,2,0,0,0,0,0,0,2,1,1
COLEMAN COUNTY,083,92 Years,15,5,10,12,5,7,1,0,1,0,0,0,0,0,0,2,0,2
COLEMAN COUNTY,083,93 Years,15,7,8,13,5,8,0,0,0,0,0,0,0,0,0,2,2,0
COLEMAN COUNTY,083,94 Years,12,5,7,10,4,6,0,0,0,0,0,0,1,0,1,1,1,0
COLEMAN COUNTY,083,95 Years +,23,9,14,17,7,10,1,0,1,0,0,0,0,0,0,5,2,3
COLLIN COUNTY,085,All Ages,1033046,506593,526453,584374,286973,297401,102230,48022,54208,152135,75122,77013,34334,16795,17539,159973,79681,80292
COLLIN COUNTY,085,< 1 Year,12671,6513,6158,5563,2864,2699,1305,660,645,1963,1019,944,990,510,480,2850,1460,1390
COLLIN COUNTY,085,1 Years,12897,6623,6274,5605,2880,2725,1317,675,642,2079,1065,1014,1000,509,491,2896,1494,1402
COLLIN COUNTY,085,2 Years,13063,6678,6385,5726,2936,2790,1304,668,636,2134,1073,1061,993,496,497,2906,1505,1401
COLLIN COUNTY,085,3 Years,13328,6790,6538,5949,3031,2918,1298,661,637,2223,1115,1108,961,478,483,2897,1505,1392
COLLIN COUNTY,085,4 Years,13656,6946,6710,6185,3140,3045,1327,667,660,2309,1178,1131,933,466,467,2902,1495,1407
COLLIN COUNTY,085,5 Years,13758,6977,6781,6343,3213,3130,1333,675,658,2324,1193,1131,881,439,442,2877,1457,1420
COLLIN COUNTY,085,6 Years,13744,6979,6765,6380,3245,3135,1348,681,667,2286,1176,1110,856,428,428,2874,1449,1425
COLLIN COUNTY,085,7 Years,13755,6999,6756,6417,3274,3143,1366,683,683,2254,1165,1089,834,420,414,2884,1457,1427
COLLIN COUNTY,085,8 Years,14004,7181,6823,6539,3350,3189,1407,706,701,2280,1184,1096,831,422,409,2947,1519,1428
COLLIN COUNTY,085,9 Years,12982,6559,6423,6048,3067,2981,1335,633,702,2062,1048,1014,741,380,361,2796,1431,1365
COLLIN COUNTY,085,10 Years,14352,7314,7038,6690,3433,3257,1401,681,720,2252,1157,1095,822,413,409,3187,1630,1557
COLLIN COUNTY,085,11 Years,15035,7612,7423,7109,3603,3506,1518,763,755,2384,1188,1196,808,416,392,3216,1642,1574
COLLIN COUNTY,085,12 Years,15175,7770,7405,7366,3750,3616,1576,810,766,2257,1166,1091,806,412,394,3170,1632,1538
COLLIN COUNTY,085,13 Years,15656,8010,7646,7825,4030,3795,1643,833,810,2272,1149,1123,776,404,372,3140,1594,1546
COLLIN COUNTY,085,14 Years,16228,8329,7899,8282,4262,4020,1743,867,876,2264,1140,1124,738,402,336,3201,1658,1543
COLLIN COUNTY,085,15 Years,16500,8546,7954,8555,4429,4126,1712,869,843,2327,1179,1148,739,396,343,3167,1673,1494
COLLIN COUNTY,085,16 Years,16645,8622,8023,8885,4621,4264,1714,903,811,2279,1162,1117,711,363,348,3056,1573,1483
COLLIN COUNTY,085,17 Years,16745,8573,8172,9140,4680,4460,1731,903,828,2275,1170,1105,660,326,334,2939,1494,1445
COLLIN COUNTY,085,18 Years,16094,8276,7818,8808,4581,4227,1704,859,845,2128,1092,1036,572,278,294,2882,1466,1416
COLLIN COUNTY,085,19 Years,14958,7615,7343,8115,4153,3962,1627,793,834,1953,1011,942,548,262,286,2715,1396,1319
COLLIN COUNTY,085,20 Years,14218,7319,6899,7756,4068,3688,1624,798,826,1765,905,860,524,253,271,2549,1295,1254
COLLIN COUNTY,085,21 Years,13944,7206,6738,7448,3897,3551,1661,878,783,1810,889,921,520,266,254,2505,1276,1229
COLLIN COUNTY,085,22 Years,13922,6970,6952,7240,3646,3594,1629,802,827,2054,999,1055,568,304,264,2431,1219,1212
COLLIN COUNTY,085,23 Years,14231,7144,7087,7483,3828,3655,1577,788,789,2234,1088,1146,558,254,304,2379,1186,1193
COLLIN COUNTY,085,24 Years,14414,7293,7121,7504,3865,3639,1653,855,798,2288,1130,1158,591,275,316,2378,1168,1210
COLLIN COUNTY,085,25 Years,14102,7113,6989,7270,3715,3555,1619,821,798,2267,1099,1168,612,312,300,2334,1166,1168
COLLIN COUNTY,085,26 Years,13981,6993,6988,7181,3600,3581,1647,824,823,2275,1115,1160,594,293,301,2284,1161,1123
COLLIN COUNTY,085,27 Years,13421,6836,6585,6708,3434,3274,1601,799,802,2261,1155,1106,570,251,319,2281,1197,1084
COLLIN COUNTY,085,28 Years,11985,6150,5835,5725,2972,2753,1422,692,730,2113,1070,1043,491,245,246,2234,1171,1063
COLLIN COUNTY,085,29 Years,11172,5595,5577,5320,2708,2612,1261,618,643,1930,926,1004,442,213,229,2219,1130,1089
COLLIN COUNTY,085,30 Years,10683,5458,5225,5128,2603,2525,1186,585,601,1888,983,905,412,208,204,2069,1079,990
COLLIN COUNTY,085,31 Years,10903,5345,5558,5197,2545,2652,1120,536,584,2012,977,1035,416,183,233,2158,1104,1054
COLLIN COUNTY,085,32 Years,11329,5527,5802,5517,2676,2841,1194,586,608,2044,947,1097,415,176,239,2159,1142,1017
COLLIN COUNTY,085,33 Years,12035,5807,6228,6092,2959,3133,1194,560,634,2079,949,1130,399,188,211,2271,1151,1120
COLLIN COUNTY,085,34 Years,12621,6065,6556,6399,3118,3281,1228,558,670,2275,1045,1230,402,178,224,2317,1166,1151
COLLIN COUNTY,085,35 Years,13007,6220,6787,6410,3088,3322,1294,584,710,2622,1248,1374,376,166,210,2305,1134,1171
COLLIN COUNTY,085,36 Years,13888,6685,7203,6738,3264,3474,1484,656,828,2797,1383,1414,386,182,204,2483,1200,1283
COLLIN COUNTY,085,37 Years,14289,6790,7499,6984,3320,3664,1454,643,811,2886,1393,1493,365,163,202,2600,1271,1329
COLLIN COUNTY,085,38 Years,14420,6899,7521,7190,3452,3738,1545,652,893,2765,1357,1408,357,170,187,2563,1268,1295
COLLIN COUNTY,085,39 Years,14907,7160,7747,7473,3615,3858,1692,716,976,2775,1388,1387,340,155,185,2627,1286,1341
COLLIN COUNTY,085,40 Years,14692,7017,7675,7278,3418,3860,1725,761,964,2813,1392,1421,349,178,171,2527,1268,1259
COLLIN COUNTY,085,41 Years,14907,7161,7746,7571,3681,3890,1628,683,945,2755,1314,1441,358,171,187,2595,1312,1283
COLLIN COUNTY,085,42 Years,15025,7144,7881,7662,3648,4014,1646,732,914,2730,1291,1439,345,175,170,2642,1298,1344
COLLIN COUNTY,085,43 Years,15161,7190,7971,7687,3708,3979,1740,751,989,2788,1317,1471,317,149,168,2629,1265,1364
COLLIN COUNTY,085,44 Years,15752,7527,8225,8135,3879,4256,1849,809,1040,2835,1388,1447,354,171,183,2579,1280,1299
COLLIN COUNTY,085,45 Years,15793,7646,8147,8256,4014,4242,1846,810,1036,2806,1402,1404,342,160,182,2543,1260,1283
COLLIN COUNTY,085,46 Years,15939,7762,8177,8514,4178,4336,1801,794,1007,2805,1401,1404,351,161,190,2468,1228,1240
COLLIN COUNTY,085,47 Years,16465,8016,8449,9248,4592,4656,1804,815,989,2747,1346,1401,347,154,193,2319,1109,1210
COLLIN COUNTY,085,48 Years,17247,8337,8910,10099,4972,5127,1919,836,1083,2587,1283,1304,370,171,199,2272,1075,1197
COLLIN COUNTY,085,49 Years,16767,8190,8577,9923,4846,5077,1771,823,948,2504,1285,1219,366,172,194,2203,1064,1139
COLLIN COUNTY,085,50 Years,16011,7937,8074,9686,4806,4880,1633,765,868,2386,1223,1163,338,164,174,1968,979,989
COLLIN COUNTY,085,51 Years,15057,7390,7667,9202,4566,4636,1554,691,863,2148,1090,1058,296,140,156,1857,903,954
COLLIN COUNTY,085,52 Years,14285,7028,7257,8873,4408,4465,1473,651,822,1890,973,917,267,113,154,1782,883,899
COLLIN COUNTY,085,53 Years,14192,6929,7263,8855,4294,4561,1442,671,771,1900,982,918,267,112,155,1728,870,858
COLLIN COUNTY,085,54 Years,14773,7137,7636,9508,4590,4918,1479,661,818,1843,941,902,272,125,147,1671,820,851
COLLIN COUNTY,085,55 Years,15109,7409,7700,9909,4923,4986,1438,639,799,1856,927,929,302,134,168,1604,786,818
COLLIN COUNTY,085,56 Years,14913,7262,7651,9979,4904,5075,1407,664,743,1774,862,912,278,134,144,1475,698,777
COLLIN COUNTY,085,57 Years,14291,7007,7284,9760,4824,4936,1352,624,728,1523,762,761,268,126,142,1388,671,717
COLLIN COUNTY,085,58 Years,13810,6782,7028,9575,4750,4825,1286,601,685,1424,715,709,259,112,147,1266,604,662
COLLIN COUNTY,085,59 Years,13194,6541,6653,9267,4624,4643,1191,569,622,1345,653,692,225,107,118,1166,588,578
COLLIN COUNTY,085,60 Years,12400,6119,6281,8776,4415,4361,1091,502,589,1236,587,649,217,107,110,1080,508,572
COLLIN COUNTY,085,61 Years,11649,5590,6059,8343,4015,4328,986,437,549,1144,563,581,205,108,97,971,467,504
COLLIN COUNTY,085,62 Years,11297,5394,5903,8106,3941,4165,949,388,561,1167,544,623,190,91,99,885,430,455
COLLIN COUNTY,085,63 Years,10608,5017,5591,7620,3642,3978,892,403,489,1113,519,594,189,91,98,794,362,432
COLLIN COUNTY,085,64 Years,10173,4746,5427,7397,3454,3943,773,351,422,1036,487,549,186,92,94,781,362,419
COLLIN COUNTY,085,65 Years,9548,4462,5086,7009,3306,3703,693,313,380,963,438,525,159,75,84,724,330,394
COLLIN COUNTY,085,66 Years,9096,4250,4846,6644,3168,3476,659,275,384,979,439,540,132,64,68,682,304,378
COLLIN COUNTY,085,67 Years,8527,3885,4642,6336,2944,3392,581,222,359,892,394,498,108,52,56,610,273,337
COLLIN COUNTY,085,68 Years,8004,3616,4388,5890,2681,3209,581,233,348,857,392,465,113,54,59,563,256,307
COLLIN COUNTY,085,69 Years,7739,3488,4251,5656,2570,3086,527,228,299,870,371,499,118,52,66,568,267,301
COLLIN COUNTY,085,70 Years,7603,3408,4195,5767,2642,3125,480,176,304,748,332,416,102,46,56,506,212,294
COLLIN COUNTY,085,71 Years,7568,3386,4182,5882,2686,3196,453,169,284,693,309,384,94,47,47,446,175,271
COLLIN COUNTY,085,72 Years,7499,3390,4109,5918,2738,3180,410,171,239,662,279,383,92,38,54,417,164,253
COLLIN COUNTY,085,73 Years,5988,2718,3270,4654,2161,2493,338,148,190,536,232,304,69,30,39,391,147,244
COLLIN COUNTY,085,74 Years,5258,2389,2869,4087,1887,2200,276,104,172,487,235,252,64,29,35,344,134,210
COLLIN COUNTY,085,75 Years,4971,2211,2760,3946,1774,2172,242,95,147,412,187,225,57,30,27,314,125,189
COLLIN COUNTY,085,76 Years,4795,2176,2619,3827,1768,2059,223,89,134,387,167,220,66,38,28,292,114,178
COLLIN COUNTY,085,77 Years,4292,1940,2352,3417,1576,1841,190,76,114,366,161,205,56,31,25,263,96,167
COLLIN COUNTY,085,78 Years,3697,1617,2080,2922,1290,1632,177,66,111,323,141,182,47,27,20,228,93,135
COLLIN COUNTY,085,79 Years,3328,1455,1873,2633,1158,1475,147,51,96,320,149,171,35,18,17,193,79,114
COLLIN COUNTY,085,80 Years,2992,1323,1669,2318,1038,1280,112,42,70,323,159,164,34,15,19,205,69,136
COLLIN COUNTY,085,81 Years,2703,1185,1518,2076,924,1152,111,36,75,268,135,133,34,16,18,214,74,140
COLLIN COUNTY,085,82 Years,2335,1026,1309,1796,802,994,91,36,55,241,112,129,28,13,15,179,63,116
COLLIN COUNTY,085,83 Years,2128,916,1212,1630,713,917,92,30,62,233,115,118,25,10,15,148,48,100
COLLIN COUNTY,085,84 Years,1857,775,1082,1414,586,828,79,27,52,188,94,94,19,7,12,157,61,96
COLLIN COUNTY,085,85 Years,1567,640,927,1201,495,706,61,13,48,156,78,78,15,6,9,134,48,86
COLLIN COUNTY,085,86 Years,1334,538,796,1052,429,623,43,8,35,132,64,68,12,5,7,95,32,63
COLLIN COUNTY,085,87 Years,1115,444,671,874,356,518,44,12,32,104,49,55,12,4,8,81,23,58
COLLIN COUNTY,085,88 Years,1016,377,639,811,302,509,30,6,24,89,43,46,14,5,9,72,21,51
COLLIN COUNTY,085,89 Years,850,309,541,676,246,430,20,5,15,76,36,40,10,3,7,68,19,49
COLLIN COUNTY,085,90 Years,669,235,434,534,189,345,25,4,21,51,23,28,6,2,4,53,17,36
COLLIN COUNTY,085,91 Years,546,170,376,433,138,295,16,3,13,47,17,30,5,1,4,45,11,34
COLLIN COUNTY,085,92 Years,438,133,305,352,111,241,15,2,13,37,10,27,3,1,2,31,9,22
COLLIN COUNTY,085,93 Years,367,108,259,293,84,209,13,3,10,30,12,18,3,1,2,28,8,20
COLLIN COUNTY,085,94 Years,291,79,212,241,64,177,9,2,7,19,8,11,2,1,1,20,4,16
COLLIN COUNTY,085,95 Years +,697,179,518,563,140,423,23,5,18,46,18,28,4,1,3,61,15,46
COLLINGSWORTH COUNTY,087,All Ages,2853,1398,1455,1667,818,849,118,54,64,3,0,3,78,36,42,987,490,497
COLLINGSWORTH COUNTY,087,< 1 Year,40,20,20,22,10,12,2,1,1,0,0,0,0,0,0,16,9,7
COLLINGSWORTH COUNTY,087,1 Years,35,20,15,21,10,11,1,1,0,0,0,0,0,0,0,13,9,4
COLLINGSWORTH COUNTY,087,2 Years,38,20,18,21,8,13,1,1,0,0,0,0,0,0,0,16,11,5
COLLINGSWORTH COUNTY,087,3 Years,31,15,16,15,6,9,2,1,1,0,0,0,0,0,0,14,8,6
COLLINGSWORTH COUNTY,087,4 Years,33,15,18,16,7,9,2,0,2,0,0,0,0,0,0,15,8,7
COLLINGSWORTH COUNTY,087,5 Years,35,15,20,17,9,8,2,0,2,0,0,0,3,1,2,13,5,8
COLLINGSWORTH COUNTY,087,6 Years,40,15,25,18,7,11,3,1,2,0,0,0,0,0,0,19,7,12
COLLINGSWORTH COUNTY,087,7 Years,51,20,31,26,10,16,2,1,1,0,0,0,0,0,0,23,9,14
COLLINGSWORTH COUNTY,087,8 Years,55,26,29,25,11,14,2,1,1,0,0,0,2,1,1,26,13,13
COLLINGSWORTH COUNTY,087,9 Years,61,28,33,24,13,11,2,0,2,0,0,0,5,2,3,30,13,17
COLLINGSWORTH COUNTY,087,10 Years,46,23,23,22,13,9,0,0,0,0,0,0,3,0,3,21,10,11
COLLINGSWORTH COUNTY,087,11 Years,42,16,26,19,6,13,0,0,0,0,0,0,1,0,1,22,10,12
COLLINGSWORTH COUNTY,087,12 Years,48,30,18,27,16,11,0,0,0,0,0,0,0,0,0,21,14,7
COLLINGSWORTH COUNTY,087,13 Years,46,28,18,18,11,7,0,0,0,0,0,0,1,1,0,27,16,11
COLLINGSWORTH COUNTY,087,14 Years,42,23,19,14,8,6,2,1,1,0,0,0,1,1,0,25,13,12
COLLINGSWORTH COUNTY,087,15 Years,33,15,18,14,6,8,1,0,1,0,0,0,2,2,0,16,7,9
COLLINGSWORTH COUNTY,087,16 Years,37,20,17,18,9,9,1,0,1,0,0,0,2,2,0,16,9,7
COLLINGSWORTH COUNTY,087,17 Years,44,18,26,18,8,10,1,0,1,0,0,0,3,1,2,22,9,13
COLLINGSWORTH COUNTY,087,18 Years,38,17,21,11,5,6,1,0,1,0,0,0,3,1,2,23,11,12
COLLINGSWORTH COUNTY,087,19 Years,33,19,14,13,6,7,1,1,0,0,0,0,1,0,1,18,12,6
COLLINGSWORTH COUNTY,087,20 Years,33,19,14,13,5,8,2,1,1,0,0,0,0,0,0,18,13,5
COLLINGSWORTH COUNTY,087,21 Years,29,14,15,14,6,8,2,2,0,0,0,0,2,1,1,11,5,6
COLLINGSWORTH COUNTY,087,22 Years,36,18,18,15,7,8,1,0,1,0,0,0,2,1,1,18,10,8
COLLINGSWORTH COUNTY,087,23 Years,37,18,19,14,6,8,2,2,0,0,0,0,0,0,0,21,10,11
COLLINGSWORTH COUNTY,087,24 Years,31,17,14,12,7,5,1,1,0,0,0,0,0,0,0,18,9,9
COLLINGSWORTH COUNTY,087,25 Years,34,15,19,18,9,9,1,0,1,0,0,0,1,0,1,14,6,8
COLLINGSWORTH COUNTY,087,26 Years,36,18,18,18,9,9,1,0,1,0,0,0,1,1,0,16,8,8
COLLINGSWORTH COUNTY,087,27 Years,38,22,16,17,11,6,3,2,1,0,0,0,1,1,0,17,8,9
COLLINGSWORTH COUNTY,087,28 Years,25,12,13,9,5,4,2,0,2,0,0,0,1,0,1,13,7,6
COLLINGSWORTH COUNTY,087,29 Years,28,15,13,13,7,6,1,0,1,0,0,0,0,0,0,14,8,6
COLLINGSWORTH COUNTY,087,30 Years,24,12,12,12,6,6,0,0,0,0,0,0,2,0,2,10,6,4
COLLINGSWORTH COUNTY,087,31 Years,28,11,17,14,7,7,0,0,0,0,0,0,1,0,1,13,4,9
COLLINGSWORTH COUNTY,087,32 Years,26,13,13,15,8,7,1,0,1,0,0,0,0,0,0,10,5,5
COLLINGSWORTH COUNTY,087,33 Years,35,17,18,21,8,13,2,2,0,0,0,0,1,1,0,11,6,5
COLLINGSWORTH COUNTY,087,34 Years,39,17,22,23,11,12,3,2,1,0,0,0,0,0,0,13,4,9
COLLINGSWORTH COUNTY,087,35 Years,35,19,16,18,13,5,2,1,1,0,0,0,1,1,0,14,4,10
COLLINGSWORTH COUNTY,087,36 Years,31,15,16,17,9,8,1,1,0,0,0,0,1,0,1,12,5,7
COLLINGSWORTH COUNTY,087,37 Years,27,18,9,13,8,5,2,1,1,0,0,0,0,0,0,12,9,3
COLLINGSWORTH COUNTY,087,38 Years,30,18,12,15,9,6,2,2,0,1,0,1,0,0,0,12,7,5
COLLINGSWORTH COUNTY,087,39 Years,36,19,17,21,14,7,1,0,1,0,0,0,1,0,1,13,5,8
COLLINGSWORTH COUNTY,087,40 Years,30,15,15,16,7,9,0,0,0,0,0,0,1,1,0,13,7,6
COLLINGSWORTH COUNTY,087,41 Years,30,17,13,18,10,8,1,1,0,0,0,0,0,0,0,11,6,5
COLLINGSWORTH COUNTY,087,42 Years,31,15,16,21,11,10,1,0,1,0,0,0,0,0,0,9,4,5
COLLINGSWORTH COUNTY,087,43 Years,30,15,15,19,9,10,1,0,1,0,0,0,1,1,0,9,5,4
COLLINGSWORTH COUNTY,087,44 Years,31,17,14,18,12,6,2,1,1,0,0,0,0,0,0,11,4,7
COLLINGSWORTH COUNTY,087,45 Years,24,10,14,17,8,9,1,0,1,0,0,0,0,0,0,6,2,4
COLLINGSWORTH COUNTY,087,46 Years,28,14,14,19,10,9,1,0,1,0,0,0,0,0,0,8,4,4
COLLINGSWORTH COUNTY,087,47 Years,26,15,11,13,7,6,0,0,0,0,0,0,1,1,0,12,7,5
COLLINGSWORTH COUNTY,087,48 Years,26,11,15,14,5,9,0,0,0,0,0,0,1,1,0,11,5,6
COLLINGSWORTH COUNTY,087,49 Years,25,11,14,13,6,7,1,0,1,0,0,0,0,0,0,11,5,6
COLLINGSWORTH COUNTY,087,50 Years,28,15,13,19,8,11,2,2,0,0,0,0,0,0,0,7,5,2
COLLINGSWORTH COUNTY,087,51 Years,28,11,17,18,8,10,3,0,3,0,0,0,2,1,1,5,2,3
COLLINGSWORTH COUNTY,087,52 Years,32,18,14,20,12,8,1,0,1,0,0,0,1,0,1,10,6,4
COLLINGSWORTH COUNTY,087,53 Years,33,16,17,21,11,10,0,0,0,0,0,0,2,1,1,10,4,6
COLLINGSWORTH COUNTY,087,54 Years,41,19,22,23,12,11,1,1,0,0,0,0,1,1,0,16,5,11
COLLINGSWORTH COUNTY,087,55 Years,36,16,20,23,11,12,1,0,1,0,0,0,2,1,1,10,4,6
COLLINGSWORTH COUNTY,087,56 Years,32,16,16,23,12,11,0,0,0,1,0,1,0,0,0,8,4,4
COLLINGSWORTH COUNTY,087,57 Years,32,18,14,20,12,8,2,2,0,1,0,1,0,0,0,9,4,5
COLLINGSWORTH COUNTY,087,58 Years,43,16,27,28,11,17,1,1,0,0,0,0,3,1,2,11,3,8
COLLINGSWORTH COUNTY,087,59 Years,38,23,15,25,14,11,2,2,0,0,0,0,2,2,0,9,5,4
COLLINGSWORTH COUNTY,087,60 Years,40,20,20,28,14,14,2,1,1,0,0,0,2,1,1,8,4,4
COLLINGSWORTH COUNTY,087,61 Years,32,13,19,23,11,12,0,0,0,0,0,0,1,0,1,8,2,6
COLLINGSWORTH COUNTY,087,62 Years,31,14,17,21,10,11,0,0,0,0,0,0,1,0,1,9,4,5
COLLINGSWORTH COUNTY,087,63 Years,43,19,24,31,13,18,2,0,2,0,0,0,2,0,2,8,6,2
COLLINGSWORTH COUNTY,087,64 Years,43,23,20,29,15,14,4,2,2,0,0,0,1,0,1,9,6,3
COLLINGSWORTH COUNTY,087,65 Years,40,24,16,32,19,13,2,1,1,0,0,0,0,0,0,6,4,2
COLLINGSWORTH COUNTY,087,66 Years,32,18,14,24,12,12,1,1,0,0,0,0,0,0,0,7,5,2
COLLINGSWORTH COUNTY,087,67 Years,28,12,16,22,11,11,0,0,0,0,0,0,0,0,0,6,1,5
COLLINGSWORTH COUNTY,087,68 Years,34,14,20,23,10,13,3,3,0,0,0,0,2,1,1,6,0,6
COLLINGSWORTH COUNTY,087,69 Years,30,17,13,22,11,11,2,2,0,0,0,0,1,0,1,5,4,1
COLLINGSWORTH COUNTY,087,70 Years,26,16,10,17,10,7,1,0,1,0,0,0,2,2,0,6,4,2
COLLINGSWORTH COUNTY,087,71 Years,32,14,18,28,11,17,1,0,1,0,0,0,1,1,0,2,2,0
COLLINGSWORTH COUNTY,087,72 Years,37,15,22,32,13,19,2,0,2,0,0,0,0,0,0,3,2,1
COLLINGSWORTH COUNTY,087,73 Years,25,10,15,20,8,12,1,0,1,0,0,0,0,0,0,4,2,2
COLLINGSWORTH COUNTY,087,74 Years,20,10,10,18,9,9,0,0,0,0,0,0,0,0,0,2,1,1
COLLINGSWORTH COUNTY,087,75 Years,26,14,12,21,12,9,1,0,1,0,0,0,0,0,0,4,2,2
COLLINGSWORTH COUNTY,087,76 Years,24,9,15,20,8,12,1,0,1,0,0,0,0,0,0,3,1,2
COLLINGSWORTH COUNTY,087,77 Years,27,12,15,21,9,12,3,2,1,0,0,0,1,0,1,2,1,1
COLLINGSWORTH COUNTY,087,78 Years,23,13,10,19,10,9,2,1,1,0,0,0,0,0,0,2,2,0
COLLINGSWORTH COUNTY,087,79 Years,21,11,10,17,9,8,2,1,1,0,0,0,0,0,0,2,1,1
COLLINGSWORTH COUNTY,087,80 Years,17,8,9,13,7,6,3,1,2,0,0,0,0,0,0,1,0,1
COLLINGSWORTH COUNTY,087,81 Years,14,8,6,13,8,5,0,0,0,0,0,0,0,0,0,1,0,1
COLLINGSWORTH COUNTY,087,82 Years,13,6,7,10,5,5,0,0,0,0,0,0,1,0,1,2,1,1
COLLINGSWORTH COUNTY,087,83 Years,11,5,6,9,4,5,0,0,0,0,0,0,0,0,0,2,1,1
COLLINGSWORTH COUNTY,087,84 Years,14,5,9,10,4,6,2,1,1,0,0,0,0,0,0,2,0,2
COLLINGSWORTH COUNTY,087,85 Years,10,3,7,8,3,5,1,0,1,0,0,0,0,0,0,1,0,1
COLLINGSWORTH COUNTY,087,86 Years,10,5,5,7,3,4,1,1,0,0,0,0,1,1,0,1,0,1
COLLINGSWORTH COUNTY,087,87 Years,10,4,6,7,3,4,1,0,1,0,0,0,1,1,0,1,0,1
COLLINGSWORTH COUNTY,087,88 Years,12,4,8,10,3,7,0,0,0,0,0,0,1,0,1,1,1,0
COLLINGSWORTH COUNTY,087,89 Years,8,3,5,7,3,4,0,0,0,0,0,0,1,0,1,0,0,0
COLLINGSWORTH COUNTY,087,90 Years,4,2,2,4,2,2,0,0,0,0,0,0,0,0,0,0,0,0
COLLINGSWORTH COUNTY,087,91 Years,5,2,3,5,2,3,0,0,0,0,0,0,0,0,0,0,0,0
COLLINGSWORTH COUNTY,087,92 Years,5,2,3,5,2,3,0,0,0,0,0,0,0,0,0,0,0,0
COLLINGSWORTH COUNTY,087,93 Years,2,0,2,2,0,2,0,0,0,0,0,0,0,0,0,0,0,0
COLLINGSWORTH COUNTY,087,94 Years,4,2,2,3,1,2,1,1,0,0,0,0,0,0,0,0,0,0
COLLINGSWORTH COUNTY,087,95 Years +,10,3,7,7,3,4,2,0,2,0,0,0,0,0,0,1,0,1
COLORADO COUNTY,089,All Ages,22283,11179,11104,11962,5928,6034,2856,1387,1469,85,33,52,373,166,207,7007,3665,3342
COLORADO COUNTY,089,< 1 Year,271,149,122,83,46,37,37,17,20,2,1,1,19,15,4,130,70,60
COLORADO COUNTY,089,1 Years,280,150,130,91,49,42,33,17,16,3,1,2,22,11,11,131,72,59
COLORADO COUNTY,089,2 Years,282,149,133,94,50,44,32,15,17,0,0,0,20,9,11,136,75,61
COLORADO COUNTY,089,3 Years,290,145,145,98,52,46,37,19,18,0,0,0,20,5,15,135,69,66
COLORADO COUNTY,089,4 Years,287,141,146,98,51,47,40,20,20,0,0,0,12,4,8,137,66,71
COLORADO COUNTY,089,5 Years,285,139,146,94,48,46,38,21,17,0,0,0,14,4,10,139,66,73
COLORADO COUNTY,089,6 Years,278,137,141,90,45,45,34,19,15,2,0,2,15,4,11,137,69,68
COLORADO COUNTY,089,7 Years,272,138,134,88,48,40,32,19,13,1,0,1,14,4,10,137,67,70
COLORADO COUNTY,089,8 Years,280,142,138,93,49,44,37,19,18,1,1,0,12,4,8,137,69,68
COLORADO COUNTY,089,9 Years,329,179,150,108,62,46,48,18,30,0,0,0,9,2,7,164,97,67
COLORADO COUNTY,089,10 Years,288,157,131,98,57,41,38,17,21,0,0,0,6,3,3,146,80,66
COLORADO COUNTY,089,11 Years,293,150,143,104,49,55,35,20,15,1,1,0,7,5,2,146,75,71
COLORADO COUNTY,089,12 Years,296,158,138,99,52,47,42,22,20,0,0,0,8,5,3,147,79,68
COLORADO COUNTY,089,13 Years,290,150,140,99,50,49,37,23,14,2,1,1,6,3,3,146,73,73
COLORADO COUNTY,089,14 Years,283,145,138,100,54,46,35,17,18,2,1,1,8,4,4,138,69,69
COLORADO COUNTY,089,15 Years,297,153,144,104,62,42,41,15,26,2,0,2,5,3,2,145,73,72
COLORADO COUNTY,089,16 Years,294,145,149,111,63,48,44,17,27,1,0,1,5,2,3,133,63,70
COLORADO COUNTY,089,17 Years,271,136,135,99,58,41,33,15,18,4,2,2,5,2,3,130,59,71
COLORADO COUNTY,089,18 Years,274,145,129,96,55,41,42,22,20,1,1,0,4,2,2,131,65,66
COLORADO COUNTY,089,19 Years,253,137,116,84,46,38,45,21,24,1,1,0,3,1,2,120,68,52
COLORADO COUNTY,089,20 Years,231,130,101,81,45,36,37,22,15,3,2,1,2,2,0,108,59,49
COLORADO COUNTY,089,21 Years,240,131,109,88,46,42,36,21,15,1,1,0,4,2,2,111,61,50
COLORADO COUNTY,089,22 Years,248,131,117,96,48,48,39,22,17,1,0,1,4,3,1,108,58,50
COLORADO COUNTY,089,23 Years,237,113,124,108,46,62,32,18,14,2,1,1,5,3,2,90,45,45
COLORADO COUNTY,089,24 Years,243,128,115,119,60,59,32,21,11,2,1,1,5,3,2,85,43,42
COLORADO COUNTY,089,25 Years,277,148,129,136,76,60,43,24,19,1,0,1,4,2,2,93,46,47
COLORADO COUNTY,089,26 Years,283,150,133,149,76,73,40,24,16,0,0,0,5,1,4,89,49,40
COLORADO COUNTY,089,27 Years,289,161,128,141,69,72,50,33,17,0,0,0,4,2,2,94,57,37
COLORADO COUNTY,089,28 Years,271,141,130,131,60,71,38,23,15,0,0,0,4,1,3,98,57,41
COLORADO COUNTY,089,29 Years,225,105,120,101,39,62,25,9,16,0,0,0,3,1,2,96,56,40
COLORADO COUNTY,089,30 Years,213,102,111,98,43,55,40,22,18,0,0,0,1,0,1,74,37,37
COLORADO COUNTY,089,31 Years,237,122,115,106,48,58,44,25,19,0,0,0,3,2,1,84,47,37
COLORADO COUNTY,089,32 Years,263,152,111,126,74,52,35,18,17,1,0,1,3,1,2,98,59,39
COLORADO COUNTY,089,33 Years,237,123,114,112,55,57,31,16,15,1,0,1,1,0,1,92,52,40
COLORADO COUNTY,089,34 Years,224,107,117,121,51,70,22,12,10,1,0,1,2,1,1,78,43,35
COLORADO COUNTY,089,35 Years,221,115,106,106,51,55,40,25,15,1,0,1,1,1,0,73,38,35
COLORADO COUNTY,089,36 Years,228,106,122,88,42,46,44,23,21,1,0,1,2,2,0,93,39,54
COLORADO COUNTY,089,37 Years,228,119,109,97,51,46,30,12,18,2,1,1,0,0,0,99,55,44
COLORADO COUNTY,089,38 Years,264,147,117,122,70,52,27,10,17,1,0,1,3,1,2,111,66,45
COLORADO COUNTY,089,39 Years,242,115,127,107,50,57,25,9,16,3,1,2,2,0,2,105,55,50
COLORADO COUNTY,089,40 Years,231,98,133,100,42,58,37,17,20,1,0,1,3,1,2,90,38,52
COLORADO COUNTY,089,41 Years,223,114,109,109,59,50,29,17,12,0,0,0,2,0,2,83,38,45
COLORADO COUNTY,089,42 Years,230,110,120,114,55,59,27,12,15,0,0,0,0,0,0,89,43,46
COLORADO COUNTY,089,43 Years,215,105,110,104,46,58,27,14,13,0,0,0,2,1,1,82,44,38
COLORADO COUNTY,089,44 Years,218,113,105,104,57,47,23,11,12,0,0,0,2,0,2,89,45,44
COLORADO COUNTY,089,45 Years,209,112,97,100,58,42,27,13,14,3,1,2,0,0,0,79,40,39
COLORADO COUNTY,089,46 Years,226,119,107,123,66,57,25,12,13,2,2,0,0,0,0,76,39,37
COLORADO COUNTY,089,47 Years,247,130,117,127,71,56,33,12,21,2,1,1,2,1,1,83,45,38
COLORADO COUNTY,089,48 Years,227,123,104,122,65,57,29,15,14,1,1,0,4,1,3,71,41,30
COLORADO COUNTY,089,49 Years,240,127,113,142,72,70,25,10,15,3,1,2,2,2,0,68,42,26
COLORADO COUNTY,089,50 Years,255,126,129,146,74,72,33,14,19,1,0,1,2,1,1,73,37,36
COLORADO COUNTY,089,51 Years,248,123,125,158,79,79,25,14,11,4,1,3,1,0,1,60,29,31
COLORADO COUNTY,089,52 Years,244,116,128,145,75,70,27,6,21,3,1,2,2,1,1,67,33,34
COLORADO COUNTY,089,53 Years,231,119,112,138,74,64,25,10,15,2,1,1,2,2,0,64,32,32
COLORADO COUNTY,089,54 Years,259,139,120,156,85,71,37,20,17,0,0,0,1,1,0,65,33,32
COLORADO COUNTY,089,55 Years,281,131,150,165,77,88,39,14,25,0,0,0,4,2,2,73,38,35
COLORADO COUNTY,089,56 Years,289,152,137,174,92,82,41,22,19,1,0,1,2,0,2,71,38,33
COLORADO COUNTY,089,57 Years,281,133,148,170,78,92,38,20,18,1,1,0,3,1,2,69,33,36
COLORADO COUNTY,089,58 Years,325,157,168,211,99,112,44,22,22,1,1,0,6,1,5,63,34,29
COLORADO COUNTY,089,59 Years,354,182,172,236,120,116,41,23,18,3,2,1,6,3,3,68,34,34
COLORADO COUNTY,089,60 Years,327,164,163,219,109,110,41,16,25,1,0,1,3,2,1,63,37,26
COLORADO COUNTY,089,61 Years,320,154,166,209,106,103,43,13,30,1,0,1,1,1,0,66,34,32
COLORADO COUNTY,089,62 Years,332,162,170,230,112,118,38,18,20,3,1,2,1,1,0,60,30,30
COLORADO COUNTY,089,63 Years,316,158,158,218,110,108,37,19,18,3,0,3,1,0,1,57,29,28
COLORADO COUNTY,089,64 Years,296,153,143,216,114,102,36,17,19,0,0,0,2,0,2,42,22,20
COLORADO COUNTY,089,65 Years,313,152,161,226,111,115,39,17,22,1,1,0,2,1,1,45,22,23
COLORADO COUNTY,089,66 Years,326,157,169,239,114,125,35,17,18,0,0,0,3,1,2,49,25,24
COLORADO COUNTY,089,67 Years,300,150,150,226,109,117,31,17,14,1,0,1,3,1,2,39,23,16
COLORADO COUNTY,089,68 Years,284,146,138,219,115,104,28,14,14,1,0,1,4,2,2,32,15,17
COLORADO COUNTY,089,69 Years,285,146,139,220,109,111,27,13,14,0,0,0,5,3,2,33,21,12
COLORADO COUNTY,089,70 Years,276,129,147,211,100,111,23,10,13,0,0,0,3,1,2,39,18,21
COLORADO COUNTY,089,71 Years,259,123,136,196,93,103,34,16,18,0,0,0,1,0,1,28,14,14
COLORADO COUNTY,089,72 Years,250,122,128,192,90,102,30,15,15,0,0,0,2,2,0,26,15,11
COLORADO COUNTY,089,73 Years,219,110,109,162,76,86,22,13,9,1,1,0,6,3,3,28,17,11
COLORADO COUNTY,089,74 Years,219,111,108,162,80,82,24,12,12,0,0,0,5,3,2,28,16,12
COLORADO COUNTY,089,75 Years,213,115,98,162,83,79,28,15,13,0,0,0,2,2,0,21,15,6
COLORADO COUNTY,089,76 Years,215,111,104,170,83,87,22,13,9,0,0,0,2,2,0,21,13,8
COLORADO COUNTY,089,77 Years,185,88,97,150,76,74,17,7,10,0,0,0,0,0,0,18,5,13
COLORADO COUNTY,089,78 Years,177,73,104,140,61,79,16,5,11,0,0,0,1,0,1,20,7,13
COLORADO COUNTY,089,79 Years,166,69,97,127,54,73,18,6,12,0,0,0,0,0,0,21,9,12
COLORADO COUNTY,089,80 Years,143,62,81,107,49,58,18,4,14,0,0,0,0,0,0,18,9,9
COLORADO COUNTY,089,81 Years,133,59,74,101,47,54,16,3,13,0,0,0,0,0,0,16,9,7
COLORADO COUNTY,089,82 Years,128,58,70,98,47,51,14,5,9,0,0,0,1,0,1,15,6,9
COLORADO COUNTY,089,83 Years,121,54,67,92,43,49,15,4,11,0,0,0,0,0,0,14,7,7
COLORADO COUNTY,089,84 Years,106,49,57,76,37,39,18,5,13,0,0,0,0,0,0,12,7,5
COLORADO COUNTY,089,85 Years,91,37,54,73,30,43,8,3,5,0,0,0,1,0,1,9,4,5
COLORADO COUNTY,089,86 Years,94,40,54,73,30,43,12,3,9,0,0,0,1,1,0,8,6,2
COLORADO COUNTY,089,87 Years,94,39,55,76,31,45,11,4,7,0,0,0,0,0,0,7,4,3
COLORADO COUNTY,089,88 Years,82,32,50,66,24,42,9,4,5,0,0,0,1,1,0,6,3,3
COLORADO COUNTY,089,89 Years,75,29,46,59,23,36,8,3,5,0,0,0,2,1,1,6,2,4
COLORADO COUNTY,089,90 Years,62,27,35,49,20,29,7,4,3,0,0,0,0,0,0,6,3,3
COLORADO COUNTY,089,91 Years,61,21,40,48,14,34,7,3,4,0,0,0,0,0,0,6,4,2
COLORADO COUNTY,089,92 Years,44,15,29,34,10,24,5,2,3,0,0,0,0,0,0,5,3,2
COLORADO COUNTY,089,93 Years,36,14,22,27,9,18,3,2,1,1,0,1,0,0,0,5,3,2
COLORADO COUNTY,089,94 Years,30,8,22,23,5,18,3,1,2,0,0,0,1,0,1,3,2,1
COLORADO COUNTY,089,95 Years +,78,22,56,58,14,44,11,4,7,0,0,0,1,0,1,8,4,4
COMAL COUNTY,091,All Ages,156317,77223,79094,104248,51232,53016,3318,1757,1561,1135,459,676,2454,1191,1263,45162,22584,22578
COMAL COUNTY,091,< 1 Year,1714,886,828,878,456,422,37,17,20,11,6,5,104,55,49,684,352,332
COMAL COUNTY,091,1 Years,1769,905,864,924,476,448,37,16,21,11,5,6,87,48,39,710,360,350
COMAL COUNTY,091,2 Years,1755,887,868,938,482,456,34,17,17,7,3,4,77,40,37,699,345,354
COMAL COUNTY,091,3 Years,1889,958,931,1036,539,497,34,13,21,8,5,3,61,32,29,750,369,381
COMAL COUNTY,091,4 Years,1956,1013,943,1078,564,514,30,13,17,11,6,5,64,31,33,773,399,374
COMAL COUNTY,091,5 Years,2014,1071,943,1118,591,527,31,13,18,11,6,5,62,31,31,792,430,362
COMAL COUNTY,091,6 Years,1936,1029,907,1099,576,523,31,15,16,8,5,3,55,28,27,743,405,338
COMAL COUNTY,091,7 Years,1922,1001,921,1102,576,526,29,13,16,6,3,3,45,24,21,740,385,355
COMAL COUNTY,091,8 Years,1940,1004,936,1114,578,536,27,14,13,9,3,6,43,22,21,747,387,360
COMAL COUNTY,091,9 Years,1771,893,878,982,509,473,26,3,23,6,5,1,37,11,26,720,365,355
COMAL COUNTY,091,10 Years,1924,984,940,1098,538,560,27,17,10,6,5,1,32,16,16,761,408,353
COMAL COUNTY,091,11 Years,1998,1017,981,1104,568,536,41,21,20,18,3,15,32,18,14,803,407,396
COMAL COUNTY,091,12 Years,1958,988,970,1106,560,546,41,19,22,10,4,6,31,19,12,770,386,384
COMAL COUNTY,091,13 Years,1967,962,1005,1109,538,571,39,20,19,10,6,4,38,21,17,771,377,394
COMAL COUNTY,091,14 Years,1995,975,1020,1126,554,572,37,19,18,18,8,10,30,15,15,784,379,405
COMAL COUNTY,091,15 Years,2051,1070,981,1135,608,527,31,10,21,20,8,12,27,14,13,838,430,408
COMAL COUNTY,091,16 Years,2064,1084,980,1193,638,555,36,16,20,18,8,10,37,19,18,780,403,377
COMAL COUNTY,091,17 Years,1905,976,929,1094,549,545,37,19,18,11,5,6,33,19,14,730,384,346
COMAL COUNTY,091,18 Years,1854,964,890,1023,527,496,49,29,20,7,3,4,30,18,12,745,387,358
COMAL COUNTY,091,19 Years,1744,953,791,958,524,434,48,32,16,9,3,6,35,20,15,694,374,320
COMAL COUNTY,091,20 Years,1590,825,765,845,446,399,58,40,18,8,2,6,32,15,17,647,322,325
COMAL COUNTY,091,21 Years,1667,863,804,884,463,421,50,33,17,16,10,6,29,16,13,688,341,347
COMAL COUNTY,091,22 Years,1758,900,858,999,537,462,45,23,22,12,9,3,31,12,19,671,319,352
COMAL COUNTY,091,23 Years,1813,926,887,1046,542,504,48,23,25,17,17,0,35,13,22,667,331,336
COMAL COUNTY,091,24 Years,1887,946,941,1090,545,545,57,28,29,8,7,1,34,13,21,698,353,345
COMAL COUNTY,091,25 Years,2070,1006,1064,1228,592,636,54,28,26,19,12,7,51,26,25,718,348,370
COMAL COUNTY,091,26 Years,2213,1099,1114,1341,656,685,59,38,21,16,12,4,57,33,24,740,360,380
COMAL COUNTY,091,27 Years,2216,1154,1062,1366,688,678,46,36,10,15,12,3,45,28,17,744,390,354
COMAL COUNTY,091,28 Years,1979,999,980,1163,589,574,34,14,20,6,5,1,25,15,10,751,376,375
COMAL COUNTY,091,29 Years,1955,969,986,1122,538,584,63,36,27,1,0,1,24,10,14,745,385,360
COMAL COUNTY,091,30 Years,2037,995,1042,1235,607,628,53,29,24,25,13,12,33,9,24,691,337,354
COMAL COUNTY,091,31 Years,1929,942,987,1200,583,617,31,20,11,23,7,16,22,5,17,653,327,326
COMAL COUNTY,091,32 Years,1934,964,970,1143,542,601,50,31,19,10,5,5,17,7,10,714,379,335
COMAL COUNTY,091,33 Years,1991,1018,973,1194,573,621,34,24,10,17,2,15,19,10,9,727,409,318
COMAL COUNTY,091,34 Years,1978,1012,966,1186,585,601,31,24,7,11,4,7,18,10,8,732,389,343
COMAL COUNTY,091,35 Years,1954,1035,919,1184,604,580,41,25,16,20,6,14,24,13,11,685,387,298
COMAL COUNTY,091,36 Years,1899,948,951,1211,610,601,26,8,18,14,5,9,20,13,7,628,312,316
COMAL COUNTY,091,37 Years,1862,931,931,1200,606,594,27,17,10,20,4,16,22,13,9,593,291,302
COMAL COUNTY,091,38 Years,1893,963,930,1209,603,606,17,10,7,27,6,21,20,8,12,620,336,284
COMAL COUNTY,091,39 Years,1910,970,940,1213,619,594,31,16,15,15,4,11,20,6,14,631,325,306
COMAL COUNTY,091,40 Years,1729,808,921,1081,501,580,30,9,21,11,3,8,22,7,15,585,288,297
COMAL COUNTY,091,41 Years,1754,924,830,1114,573,541,34,15,19,13,9,4,24,8,16,569,319,250
COMAL COUNTY,091,42 Years,1757,916,841,1101,533,568,29,23,6,29,19,10,16,8,8,582,333,249
COMAL COUNTY,091,43 Years,1732,894,838,1074,542,532,27,21,6,17,8,9,20,9,11,594,314,280
COMAL COUNTY,091,44 Years,1836,916,920,1120,562,558,37,21,16,27,8,19,31,12,19,621,313,308
COMAL COUNTY,091,45 Years,1808,906,902,1165,569,596,30,8,22,17,6,11,23,9,14,573,314,259
COMAL COUNTY,091,46 Years,1886,937,949,1213,620,593,56,33,23,13,7,6,26,7,19,578,270,308
COMAL COUNTY,091,47 Years,1910,947,963,1247,604,643,37,26,11,28,8,20,18,7,11,580,302,278
COMAL COUNTY,091,48 Years,2008,983,1025,1351,666,685,43,25,18,21,6,15,25,8,17,568,278,290
COMAL COUNTY,091,49 Years,2039,1014,1025,1421,722,699,50,32,18,14,5,9,29,9,20,525,246,279
COMAL COUNTY,091,50 Years,1923,952,971,1331,679,652,51,24,27,16,9,7,21,7,14,504,233,271
COMAL COUNTY,091,51 Years,1876,924,952,1291,658,633,48,21,27,15,7,8,27,9,18,495,229,266
COMAL COUNTY,091,52 Years,1795,908,887,1257,641,616,57,34,23,12,2,10,19,9,10,450,222,228
COMAL COUNTY,091,53 Years,1903,924,979,1348,642,706,63,40,23,9,2,7,21,9,12,462,231,231
COMAL COUNTY,091,54 Years,2022,975,1047,1459,707,752,55,32,23,19,7,12,23,13,10,466,216,250
COMAL COUNTY,091,55 Years,2118,990,1128,1560,736,824,63,32,31,16,7,9,25,12,13,454,203,251
COMAL COUNTY,091,56 Years,2176,1017,1159,1631,773,858,60,25,35,18,6,12,22,10,12,445,203,242
COMAL COUNTY,091,57 Years,2220,1061,1159,1679,810,869,69,37,32,10,3,7,25,14,11,437,197,240
COMAL COUNTY,091,58 Years,2273,1098,1175,1706,833,873,64,26,38,16,4,12,33,18,15,454,217,237
COMAL COUNTY,091,59 Years,2250,1068,1182,1711,815,896,82,38,44,17,3,14,28,19,9,412,193,219
COMAL COUNTY,091,60 Years,2199,1059,1140,1715,839,876,57,29,28,17,3,14,23,8,15,387,180,207
COMAL COUNTY,091,61 Years,2210,1096,1114,1721,837,884,56,34,22,12,4,8,14,6,8,407,215,192
COMAL COUNTY,091,62 Years,2264,1083,1181,1771,839,932,51,31,20,15,6,9,28,13,15,399,194,205
COMAL COUNTY,091,63 Years,2179,1068,1111,1719,846,873,44,22,22,16,4,12,29,14,15,371,182,189
COMAL COUNTY,091,64 Years,2113,1015,1098,1666,807,859,54,24,30,15,4,11,31,15,16,347,165,182
COMAL COUNTY,091,65 Years,2133,1016,1117,1693,808,885,57,23,34,8,4,4,25,15,10,350,166,184
COMAL COUNTY,091,66 Years,2063,982,1081,1615,782,833,42,20,22,17,4,13,25,13,12,364,163,201
COMAL COUNTY,091,67 Years,1954,960,994,1553,762,791,42,20,22,16,5,11,30,15,15,313,158,155
COMAL COUNTY,091,68 Years,1870,896,974,1507,725,782,44,23,21,16,3,13,28,14,14,275,131,144
COMAL COUNTY,091,69 Years,1856,901,955,1509,739,770,31,12,19,13,3,10,22,12,10,281,135,146
COMAL COUNTY,091,70 Years,1813,861,952,1486,704,782,42,19,23,13,3,10,16,10,6,256,125,131
COMAL COUNTY,091,71 Years,1822,881,941,1501,731,770,44,24,20,12,3,9,11,5,6,254,118,136
COMAL COUNTY,091,72 Years,1821,879,942,1516,748,768,33,24,9,12,4,8,17,7,10,243,96,147
COMAL COUNTY,091,73 Years,1352,631,721,1129,536,593,20,13,7,7,1,6,12,4,8,184,77,107
COMAL COUNTY,091,74 Years,1255,588,667,1048,493,555,13,7,6,5,1,4,13,4,9,176,83,93
COMAL COUNTY,091,75 Years,1255,587,668,1042,500,542,24,8,16,9,3,6,12,6,6,168,70,98
COMAL COUNTY,091,76 Years,1195,570,625,1020,496,524,15,8,7,9,3,6,12,8,4,139,55,84
COMAL COUNTY,091,77 Years,1028,511,517,873,440,433,14,8,6,8,1,7,12,8,4,121,54,67
COMAL COUNTY,091,78 Years,894,430,464,758,364,394,13,8,5,9,4,5,9,5,4,105,49,56
COMAL COUNTY,091,79 Years,828,372,456,708,312,396,12,8,4,6,4,2,7,4,3,95,44,51
COMAL COUNTY,091,80 Years,745,339,406,631,287,344,14,6,8,1,1,0,11,6,5,88,39,49
COMAL COUNTY,091,81 Years,698,308,390,603,271,332,7,4,3,3,3,0,8,4,4,77,26,51
COMAL COUNTY,091,82 Years,651,287,364,563,254,309,6,4,2,2,1,1,5,3,2,75,25,50
COMAL COUNTY,091,83 Years,602,259,343,516,229,287,4,2,2,3,1,2,6,2,4,73,25,48
COMAL COUNTY,091,84 Years,578,240,338,490,207,283,4,1,3,7,5,2,8,3,5,69,24,45
COMAL COUNTY,091,85 Years,488,187,301,409,164,245,3,1,2,5,3,2,3,1,2,68,18,50
COMAL COUNTY,091,86 Years,468,180,288,401,162,239,2,1,1,5,2,3,3,1,2,57,14,43
COMAL COUNTY,091,87 Years,395,154,241,335,136,199,2,1,1,4,1,3,4,1,3,50,15,35
COMAL COUNTY,091,88 Years,374,144,230,311,125,186,4,3,1,2,1,1,2,1,1,55,14,41
COMAL COUNTY,091,89 Years,332,133,199,284,115,169,4,3,1,3,1,2,2,2,0,39,12,27
COMAL COUNTY,091,90 Years,269,92,177,231,78,153,3,2,1,1,0,1,3,1,2,31,11,20
COMAL COUNTY,091,91 Years,220,76,144,187,66,121,2,0,2,2,0,2,1,0,1,28,10,18
COMAL COUNTY,091,92 Years,180,61,119,154,52,102,3,1,2,2,0,2,1,0,1,20,8,12
COMAL COUNTY,091,93 Years,140,39,101,117,33,84,3,1,2,4,1,3,1,0,1,15,4,11
COMAL COUNTY,091,94 Years,111,28,83,93,25,68,2,0,2,1,0,1,1,0,1,14,3,11
COMAL COUNTY,091,95 Years +,286,63,223,239,55,184,5,1,4,2,1,1,3,0,3,37,6,31
COMANCHE COUNTY,093,All Ages,13878,6843,7035,9532,4735,4797,28,12,16,39,11,28,217,104,113,4062,1981,2081
COMANCHE COUNTY,093,< 1 Year,177,93,84,92,52,40,0,0,0,0,0,0,0,0,0,85,41,44
COMANCHE COUNTY,093,1 Years,168,89,79,81,46,35,0,0,0,0,0,0,6,4,2,81,39,42
COMANCHE COUNTY,093,2 Years,171,93,78,86,50,36,0,0,0,0,0,0,5,2,3,80,41,39
COMANCHE COUNTY,093,3 Years,177,93,84,89,48,41,0,0,0,0,0,0,9,5,4,79,40,39
COMANCHE COUNTY,093,4 Years,179,94,85,89,49,40,1,1,0,0,0,0,8,4,4,81,40,41
COMANCHE COUNTY,093,5 Years,176,91,85,89,50,39,0,0,0,0,0,0,7,4,3,80,37,43
COMANCHE COUNTY,093,6 Years,168,93,75,90,54,36,0,0,0,0,0,0,0,0,0,78,39,39
COMANCHE COUNTY,093,7 Years,181,92,89,100,56,44,0,0,0,0,0,0,5,2,3,76,34,42
COMANCHE COUNTY,093,8 Years,182,93,89,100,55,45,0,0,0,0,0,0,4,2,2,78,36,42
COMANCHE COUNTY,093,9 Years,205,93,112,114,52,62,0,0,0,0,0,0,2,0,2,89,41,48
COMANCHE COUNTY,093,10 Years,178,92,86,95,43,52,1,1,0,1,1,0,4,1,3,77,46,31
COMANCHE COUNTY,093,11 Years,174,90,84,97,52,45,0,0,0,1,0,1,2,0,2,74,38,36
COMANCHE COUNTY,093,12 Years,185,92,93,97,51,46,0,0,0,1,0,1,2,1,1,85,40,45
COMANCHE COUNTY,093,13 Years,172,79,93,92,45,47,1,0,1,7,0,7,3,1,2,69,33,36
COMANCHE COUNTY,093,14 Years,177,78,99,94,41,53,1,0,1,3,0,3,1,0,1,78,37,41
COMANCHE COUNTY,093,15 Years,162,89,73,89,51,38,0,0,0,0,0,0,1,0,1,72,38,34
COMANCHE COUNTY,093,16 Years,154,81,73,85,49,36,0,0,0,1,1,0,3,2,1,65,29,36
COMANCHE COUNTY,093,17 Years,153,77,76,79,47,32,3,0,3,1,1,0,5,2,3,65,27,38
COMANCHE COUNTY,093,18 Years,137,79,58,67,40,27,1,0,1,0,0,0,4,3,1,65,36,29
COMANCHE COUNTY,093,19 Years,134,63,71,66,35,31,0,0,0,0,0,0,3,1,2,65,27,38
COMANCHE COUNTY,093,20 Years,136,79,57,68,44,24,0,0,0,0,0,0,3,0,3,65,35,30
COMANCHE COUNTY,093,21 Years,136,69,67,66,36,30,0,0,0,0,0,0,2,1,1,68,32,36
COMANCHE COUNTY,093,22 Years,121,54,67,64,28,36,1,0,1,0,0,0,4,3,1,52,23,29
COMANCHE COUNTY,093,23 Years,110,56,54,60,31,29,0,0,0,0,0,0,3,3,0,47,22,25
COMANCHE COUNTY,093,24 Years,131,64,67,67,33,34,1,1,0,1,0,1,3,2,1,59,28,31
COMANCHE COUNTY,093,25 Years,139,73,66,82,42,40,0,0,0,0,0,0,4,2,2,53,29,24
COMANCHE COUNTY,093,26 Years,166,85,81,102,57,45,0,0,0,0,0,0,3,2,1,61,26,35
COMANCHE COUNTY,093,27 Years,156,81,75,96,55,41,1,1,0,0,0,0,2,1,1,57,24,33
COMANCHE COUNTY,093,28 Years,149,67,82,89,43,46,0,0,0,0,0,0,5,0,5,55,24,31
COMANCHE COUNTY,093,29 Years,146,65,81,89,39,50,1,0,1,0,0,0,3,2,1,53,24,29
COMANCHE COUNTY,093,30 Years,143,69,74,96,46,50,1,0,1,0,0,0,1,1,0,45,22,23
COMANCHE COUNTY,093,31 Years,155,83,72,94,50,44,1,1,0,0,0,0,2,1,1,58,31,27
COMANCHE COUNTY,093,32 Years,137,65,72,84,40,44,1,0,1,0,0,0,2,1,1,50,24,26
COMANCHE COUNTY,093,33 Years,145,64,81,84,39,45,0,0,0,0,0,0,2,2,0,59,23,36
COMANCHE COUNTY,093,34 Years,122,60,62,77,38,39,0,0,0,0,0,0,1,1,0,44,21,23
COMANCHE COUNTY,093,35 Years,130,64,66,79,38,41,0,0,0,0,0,0,3,2,1,48,24,24
COMANCHE COUNTY,093,36 Years,129,57,72,78,34,44,0,0,0,0,0,0,1,0,1,50,23,27
COMANCHE COUNTY,093,37 Years,135,66,69,82,41,41,0,0,0,1,0,1,2,1,1,50,24,26
COMANCHE COUNTY,093,38 Years,121,60,61,78,40,38,0,0,0,1,1,0,1,0,1,41,19,22
COMANCHE COUNTY,093,39 Years,125,61,64,76,38,38,0,0,0,1,1,0,1,1,0,47,21,26
COMANCHE COUNTY,093,40 Years,126,62,64,83,41,42,0,0,0,1,1,0,1,1,0,41,19,22
COMANCHE COUNTY,093,41 Years,132,59,73,96,42,54,0,0,0,0,0,0,1,1,0,35,16,19
COMANCHE COUNTY,093,42 Years,140,61,79,94,37,57,1,0,1,0,0,0,0,0,0,45,24,21
COMANCHE COUNTY,093,43 Years,133,64,69,81,35,46,0,0,0,1,0,1,0,0,0,51,29,22
COMANCHE COUNTY,093,44 Years,132,65,67,86,43,43,0,0,0,3,1,2,1,0,1,42,21,21
COMANCHE COUNTY,093,45 Years,143,60,83,97,39,58,0,0,0,3,2,1,0,0,0,43,19,24
COMANCHE COUNTY,093,46 Years,131,49,82,89,32,57,0,0,0,1,0,1,0,0,0,41,17,24
COMANCHE COUNTY,093,47 Years,151,58,93,94,36,58,0,0,0,2,0,2,0,0,0,55,22,33
COMANCHE COUNTY,093,48 Years,169,76,93,106,46,60,0,0,0,1,0,1,2,1,1,60,29,31
COMANCHE COUNTY,093,49 Years,180,91,89,113,63,50,0,0,0,1,0,1,1,1,0,65,27,38
COMANCHE COUNTY,093,50 Years,161,85,76,111,61,50,0,0,0,0,0,0,6,3,3,44,21,23
COMANCHE COUNTY,093,51 Years,167,77,90,114,53,61,1,0,1,0,0,0,3,1,2,49,23,26
COMANCHE COUNTY,093,52 Years,193,96,97,126,57,69,0,0,0,0,0,0,2,2,0,65,37,28
COMANCHE COUNTY,093,53 Years,167,95,72,114,65,49,1,1,0,0,0,0,1,1,0,51,28,23
COMANCHE COUNTY,093,54 Years,180,99,81,122,67,55,0,0,0,0,0,0,3,1,2,55,31,24
COMANCHE COUNTY,093,55 Years,206,104,102,152,72,80,2,1,1,0,0,0,1,0,1,51,31,20
COMANCHE COUNTY,093,56 Years,189,97,92,140,65,75,1,1,0,0,0,0,1,0,1,47,31,16
COMANCHE COUNTY,093,57 Years,198,100,98,155,77,78,1,1,0,0,0,0,2,1,1,40,21,19
COMANCHE COUNTY,093,58 Years,197,103,94,154,79,75,0,0,0,0,0,0,3,2,1,40,22,18
COMANCHE COUNTY,093,59 Years,191,99,92,153,83,70,0,0,0,0,0,0,2,1,1,36,15,21
COMANCHE COUNTY,093,60 Years,194,106,88,151,84,67,0,0,0,0,0,0,1,0,1,42,22,20
COMANCHE COUNTY,093,61 Years,228,126,102,191,106,85,0,0,0,0,0,0,4,2,2,33,18,15
COMANCHE COUNTY,093,62 Years,193,105,88,159,83,76,0,0,0,0,0,0,6,4,2,28,18,10
COMANCHE COUNTY,093,63 Years,208,107,101,170,87,83,2,2,0,1,1,0,5,2,3,30,15,15
COMANCHE COUNTY,093,64 Years,189,89,100,155,75,80,2,0,2,1,0,1,4,1,3,27,13,14
COMANCHE COUNTY,093,65 Years,173,77,96,147,64,83,1,0,1,0,0,0,3,1,2,22,12,10
COMANCHE COUNTY,093,66 Years,174,96,78,148,80,68,0,0,0,0,0,0,3,2,1,23,14,9
COMANCHE COUNTY,093,67 Years,191,101,90,165,88,77,0,0,0,1,0,1,2,1,1,23,12,11
COMANCHE COUNTY,093,68 Years,199,96,103,169,82,87,0,0,0,0,0,0,4,2,2,26,12,14
COMANCHE COUNTY,093,69 Years,194,90,104,161,77,84,0,0,0,1,0,1,2,1,1,30,12,18
COMANCHE COUNTY,093,70 Years,202,88,114,171,76,95,0,0,0,0,0,0,2,0,2,29,12,17
COMANCHE COUNTY,093,71 Years,190,91,99,167,81,86,0,0,0,0,0,0,2,0,2,21,10,11
COMANCHE COUNTY,093,72 Years,202,98,104,169,82,87,0,0,0,0,0,0,6,2,4,27,14,13
COMANCHE COUNTY,093,73 Years,157,75,82,137,64,73,0,0,0,0,0,0,4,2,2,16,9,7
COMANCHE COUNTY,093,74 Years,161,74,87,146,68,78,0,0,0,0,0,0,0,0,0,15,6,9
COMANCHE COUNTY,093,75 Years,173,86,87,153,73,80,0,0,0,0,0,0,0,0,0,20,13,7
COMANCHE COUNTY,093,76 Years,163,80,83,148,72,76,0,0,0,0,0,0,0,0,0,15,8,7
COMANCHE COUNTY,093,77 Years,145,67,78,136,63,73,0,0,0,0,0,0,0,0,0,9,4,5
COMANCHE COUNTY,093,78 Years,125,56,69,118,54,64,0,0,0,0,0,0,1,0,1,6,2,4
COMANCHE COUNTY,093,79 Years,127,58,69,118,56,62,0,0,0,0,0,0,1,0,1,8,2,6
COMANCHE COUNTY,093,80 Years,118,58,60,107,54,53,0,0,0,1,1,0,0,0,0,10,3,7
COMANCHE COUNTY,093,81 Years,96,49,47,85,44,41,0,0,0,0,0,0,2,1,1,9,4,5
COMANCHE COUNTY,093,82 Years,91,45,46,85,42,43,0,0,0,0,0,0,0,0,0,6,3,3
COMANCHE COUNTY,093,83 Years,87,40,47,78,35,43,0,0,0,0,0,0,3,2,1,6,3,3
COMANCHE COUNTY,093,84 Years,83,43,40,75,38,37,0,0,0,1,0,1,2,2,0,5,3,2
COMANCHE COUNTY,093,85 Years,70,35,35,63,31,32,0,0,0,0,0,0,2,1,1,5,3,2
COMANCHE COUNTY,093,86 Years,49,22,27,45,20,25,0,0,0,0,0,0,1,0,1,3,2,1
COMANCHE COUNTY,093,87 Years,49,21,28,40,17,23,1,1,0,0,0,0,1,1,0,7,2,5
COMANCHE COUNTY,093,88 Years,48,19,29,42,16,26,0,0,0,0,0,0,0,0,0,6,3,3
COMANCHE COUNTY,093,89 Years,35,13,22,31,12,19,0,0,0,0,0,0,0,0,0,4,1,3
COMANCHE COUNTY,093,90 Years,26,9,17,24,9,15,0,0,0,0,0,0,0,0,0,2,0,2
COMANCHE COUNTY,093,91 Years,25,8,17,23,7,16,0,0,0,0,0,0,1,1,0,1,0,1
COMANCHE COUNTY,093,92 Years,20,8,12,19,7,12,0,0,0,0,0,0,0,0,0,1,1,0
COMANCHE COUNTY,093,93 Years,16,5,11,15,5,10,0,0,0,0,0,0,1,0,1,0,0,0
COMANCHE COUNTY,093,94 Years,14,5,9,12,4,8,0,0,0,0,0,0,1,0,1,1,1,0
COMANCHE COUNTY,093,95 Years +,35,11,24,27,8,19,0,0,0,1,0,1,1,0,1,6,3,3
CONCHO COUNTY,095,All Ages,2716,1835,881,1152,573,579,38,33,5,7,4,3,23,13,10,1496,1212,284
CONCHO COUNTY,095,< 1 Year,19,12,7,14,9,5,0,0,0,0,0,0,0,0,0,5,3,2
CONCHO COUNTY,095,1 Years,19,12,7,13,9,4,0,0,0,0,0,0,0,0,0,6,3,3
CONCHO COUNTY,095,2 Years,19,12,7,13,9,4,0,0,0,0,0,0,0,0,0,6,3,3
CONCHO COUNTY,095,3 Years,19,11,8,11,7,4,1,1,0,0,0,0,0,0,0,7,3,4
CONCHO COUNTY,095,4 Years,18,8,10,10,5,5,1,0,1,0,0,0,0,0,0,7,3,4
CONCHO COUNTY,095,5 Years,20,12,8,11,6,5,0,0,0,0,0,0,0,0,0,9,6,3
CONCHO COUNTY,095,6 Years,17,10,7,10,5,5,0,0,0,0,0,0,0,0,0,7,5,2
CONCHO COUNTY,095,7 Years,20,11,9,11,5,6,0,0,0,0,0,0,0,0,0,9,6,3
CONCHO COUNTY,095,8 Years,21,12,9,12,6,6,0,0,0,0,0,0,0,0,0,9,6,3
CONCHO COUNTY,095,9 Years,17,10,7,10,6,4,0,0,0,0,0,0,0,0,0,7,4,3
CONCHO COUNTY,095,10 Years,26,17,9,11,5,6,1,1,0,0,0,0,0,0,0,14,11,3
CONCHO COUNTY,095,11 Years,26,14,12,14,6,8,0,0,0,0,0,0,0,0,0,12,8,4
CONCHO COUNTY,095,12 Years,24,9,15,13,5,8,0,0,0,0,0,0,0,0,0,11,4,7
CONCHO COUNTY,095,13 Years,18,6,12,9,3,6,0,0,0,0,0,0,0,0,0,9,3,6
CONCHO COUNTY,095,14 Years,31,17,14,10,3,7,0,0,0,0,0,0,0,0,0,21,14,7
CONCHO COUNTY,095,15 Years,21,12,9,8,4,4,1,1,0,0,0,0,0,0,0,12,7,5
CONCHO COUNTY,095,16 Years,20,7,13,11,3,8,0,0,0,1,0,1,0,0,0,8,4,4
CONCHO COUNTY,095,17 Years,16,9,7,7,4,3,0,0,0,0,0,0,0,0,0,9,5,4
CONCHO COUNTY,095,18 Years,16,11,5,7,3,4,0,0,0,0,0,0,0,0,0,9,8,1
CONCHO COUNTY,095,19 Years,22,14,8,6,2,4,0,0,0,0,0,0,0,0,0,16,12,4
CONCHO COUNTY,095,20 Years,29,17,12,8,3,5,1,1,0,0,0,0,1,1,0,19,12,7
CONCHO COUNTY,095,21 Years,22,14,8,7,3,4,1,1,0,0,0,0,0,0,0,14,10,4
CONCHO COUNTY,095,22 Years,41,35,6,7,3,4,1,1,0,0,0,0,1,1,0,32,30,2
CONCHO COUNTY,095,23 Years,34,23,11,7,3,4,2,2,0,1,1,0,0,0,0,24,17,7
CONCHO COUNTY,095,24 Years,26,17,9,8,4,4,1,1,0,0,0,0,0,0,0,17,12,5
CONCHO COUNTY,095,25 Years,57,48,9,8,4,4,2,2,0,0,0,0,0,0,0,47,42,5
CONCHO COUNTY,095,26 Years,45,36,9,7,3,4,0,0,0,0,0,0,1,0,1,37,33,4
CONCHO COUNTY,095,27 Years,51,39,12,13,7,6,2,1,1,0,0,0,2,1,1,34,30,4
CONCHO COUNTY,095,28 Years,54,45,9,15,9,6,1,1,0,0,0,0,1,1,0,37,34,3
CONCHO COUNTY,095,29 Years,32,25,7,7,5,2,0,0,0,0,0,0,1,0,1,24,20,4
CONCHO COUNTY,095,30 Years,46,40,6,9,6,3,0,0,0,0,0,0,1,0,1,36,34,2
CONCHO COUNTY,095,31 Years,38,32,6,10,6,4,0,0,0,0,0,0,0,0,0,28,26,2
CONCHO COUNTY,095,32 Years,34,27,7,8,5,3,1,1,0,0,0,0,0,0,0,25,21,4
CONCHO COUNTY,095,33 Years,37,33,4,8,5,3,0,0,0,0,0,0,0,0,0,29,28,1
CONCHO COUNTY,095,34 Years,47,43,4,6,4,2,1,1,0,0,0,0,0,0,0,40,38,2
CONCHO COUNTY,095,35 Years,51,43,8,9,5,4,2,2,0,0,0,0,1,1,0,39,35,4
CONCHO COUNTY,095,36 Years,45,37,8,9,5,4,1,1,0,0,0,0,0,0,0,35,31,4
CONCHO COUNTY,095,37 Years,31,24,7,9,5,4,0,0,0,0,0,0,0,0,0,22,19,3
CONCHO COUNTY,095,38 Years,55,43,12,11,4,7,0,0,0,2,1,1,0,0,0,42,38,4
CONCHO COUNTY,095,39 Years,61,54,7,10,6,4,2,2,0,0,0,0,0,0,0,49,46,3
CONCHO COUNTY,095,40 Years,47,37,10,11,6,5,1,1,0,0,0,0,0,0,0,35,30,5
CONCHO COUNTY,095,41 Years,65,57,8,9,5,4,2,2,0,1,1,0,1,1,0,52,48,4
CONCHO COUNTY,095,42 Years,58,52,6,9,6,3,1,1,0,1,1,0,0,0,0,47,44,3
CONCHO COUNTY,095,43 Years,45,36,9,10,4,6,1,0,1,0,0,0,0,0,0,34,32,2
CONCHO COUNTY,095,44 Years,50,40,10,15,9,6,1,1,0,0,0,0,2,2,0,32,28,4
CONCHO COUNTY,095,45 Years,42,34,8,13,8,5,2,2,0,0,0,0,0,0,0,27,24,3
CONCHO COUNTY,095,46 Years,54,45,9,11,6,5,2,2,0,0,0,0,0,0,0,41,37,4
CONCHO COUNTY,095,47 Years,48,37,11,15,7,8,0,0,0,0,0,0,0,0,0,33,30,3
CONCHO COUNTY,095,48 Years,38,32,6,11,7,4,0,0,0,0,0,0,0,0,0,27,25,2
CONCHO COUNTY,095,49 Years,43,36,7,11,6,5,0,0,0,0,0,0,1,1,0,31,29,2
CONCHO COUNTY,095,50 Years,27,17,10,10,5,5,0,0,0,1,0,1,0,0,0,16,12,4
CONCHO COUNTY,095,51 Years,28,18,10,11,6,5,0,0,0,0,0,0,0,0,0,17,12,5
CONCHO COUNTY,095,52 Years,22,13,9,9,5,4,0,0,0,0,0,0,0,0,0,13,8,5
CONCHO COUNTY,095,53 Years,27,21,6,10,7,3,0,0,0,0,0,0,0,0,0,17,14,3
CONCHO COUNTY,095,54 Years,30,17,13,17,7,10,0,0,0,0,0,0,0,0,0,13,10,3
CONCHO COUNTY,095,55 Years,51,31,20,20,7,13,1,1,0,0,0,0,1,0,1,29,23,6
CONCHO COUNTY,095,56 Years,32,19,13,16,7,9,0,0,0,0,0,0,1,1,0,15,11,4
CONCHO COUNTY,095,57 Years,24,15,9,14,8,6,0,0,0,0,0,0,0,0,0,10,7,3
CONCHO COUNTY,095,58 Years,23,16,7,13,7,6,0,0,0,0,0,0,1,1,0,9,8,1
CONCHO COUNTY,095,59 Years,31,22,9,19,11,8,2,2,0,0,0,0,0,0,0,10,9,1
CONCHO COUNTY,095,60 Years,36,22,14,18,8,10,0,0,0,0,0,0,2,1,1,16,13,3
CONCHO COUNTY,095,61 Years,31,16,15,17,8,9,1,0,1,0,0,0,1,0,1,12,8,4
CONCHO COUNTY,095,62 Years,30,16,14,19,9,10,0,0,0,0,0,0,1,0,1,10,7,3
CONCHO COUNTY,095,63 Years,32,18,14,21,10,11,0,0,0,0,0,0,0,0,0,11,8,3
CONCHO COUNTY,095,64 Years,29,17,12,19,9,10,0,0,0,0,0,0,0,0,0,10,8,2
CONCHO COUNTY,095,65 Years,30,15,15,22,10,12,1,1,0,0,0,0,0,0,0,7,4,3
CONCHO COUNTY,095,66 Years,19,10,9,14,8,6,0,0,0,0,0,0,0,0,0,5,2,3
CONCHO COUNTY,095,67 Years,23,15,8,18,13,5,0,0,0,0,0,0,0,0,0,5,2,3
CONCHO COUNTY,095,68 Years,25,13,12,20,10,10,0,0,0,0,0,0,0,0,0,5,3,2
CONCHO COUNTY,095,69 Years,28,11,17,21,8,13,0,0,0,0,0,0,1,0,1,6,3,3
CONCHO COUNTY,095,70 Years,32,15,17,27,13,14,0,0,0,0,0,0,1,0,1,4,2,2
CONCHO COUNTY,095,71 Years,34,18,16,30,16,14,0,0,0,0,0,0,0,0,0,4,2,2
CONCHO COUNTY,095,72 Years,25,12,13,21,11,10,0,0,0,0,0,0,0,0,0,4,1,3
CONCHO COUNTY,095,73 Years,20,9,11,19,9,10,0,0,0,0,0,0,0,0,0,1,0,1
CONCHO COUNTY,095,74 Years,27,14,13,20,9,11,0,0,0,0,0,0,0,0,0,7,5,2
CONCHO COUNTY,095,75 Years,23,15,8,19,12,7,0,0,0,0,0,0,0,0,0,4,3,1
CONCHO COUNTY,095,76 Years,28,15,13,20,11,9,1,0,1,0,0,0,0,0,0,7,4,3
CONCHO COUNTY,095,77 Years,23,13,10,18,9,9,0,0,0,0,0,0,0,0,0,5,4,1
CONCHO COUNTY,095,78 Years,20,11,9,15,8,7,0,0,0,0,0,0,0,0,0,5,3,2
CONCHO COUNTY,095,79 Years,19,8,11,15,7,8,0,0,0,0,0,0,0,0,0,4,1,3
CONCHO COUNTY,095,80 Years,17,6,11,13,5,8,0,0,0,0,0,0,0,0,0,4,1,3
CONCHO COUNTY,095,81 Years,16,8,8,11,5,6,0,0,0,0,0,0,0,0,0,5,3,2
CONCHO COUNTY,095,82 Years,15,8,7,11,5,6,0,0,0,0,0,0,1,1,0,3,2,1
CONCHO COUNTY,095,83 Years,16,8,8,13,5,8,0,0,0,0,0,0,0,0,0,3,3,0
CONCHO COUNTY,095,84 Years,11,3,8,10,3,7,0,0,0,0,0,0,0,0,0,1,0,1
CONCHO COUNTY,095,85 Years,8,3,5,8,3,5,0,0,0,0,0,0,0,0,0,0,0,0
CONCHO COUNTY,095,86 Years,11,3,8,8,2,6,0,0,0,0,0,0,0,0,0,3,1,2
CONCHO COUNTY,095,87 Years,12,3,9,9,2,7,0,0,0,0,0,0,0,0,0,3,1,2
CONCHO COUNTY,095,88 Years,6,2,4,5,2,3,0,0,0,0,0,0,0,0,0,1,0,1
CONCHO COUNTY,095,89 Years,6,2,4,5,2,3,0,0,0,0,0,0,0,0,0,1,0,1
CONCHO COUNTY,095,90 Years,6,2,4,5,2,3,0,0,0,0,0,0,0,0,0,1,0,1
CONCHO COUNTY,095,91 Years,4,1,3,4,1,3,0,0,0,0,0,0,0,0,0,0,0,0
CONCHO COUNTY,095,92 Years,6,3,3,5,2,3,0,0,0,0,0,0,0,0,0,1,1,0
CONCHO COUNTY,095,93 Years,4,1,3,3,1,2,0,0,0,0,0,0,0,0,0,1,0,1
CONCHO COUNTY,095,94 Years,4,0,4,2,0,2,0,0,0,0,0,0,0,0,0,2,0,2
CONCHO COUNTY,095,95 Years +,10,3,7,6,1,5,0,0,0,0,0,0,0,0,0,4,2,2
COOKE COUNTY,097,All Ages,40477,19793,20684,30044,14517,15527,1185,639,546,309,137,172,1110,536,574,7829,3964,3865
COOKE COUNTY,097,< 1 Year,477,228,249,279,130,149,13,7,6,2,1,1,23,15,8,160,75,85
COOKE COUNTY,097,1 Years,476,231,245,274,129,145,13,6,7,2,1,1,26,17,9,161,78,83
COOKE COUNTY,097,2 Years,503,253,250,287,139,148,14,8,6,3,2,1,33,20,13,166,84,82
COOKE COUNTY,097,3 Years,506,257,249,286,144,142,17,8,9,4,3,1,33,18,15,166,84,82
COOKE COUNTY,097,4 Years,509,260,249,295,150,145,18,9,9,3,2,1,30,16,14,163,83,80
COOKE COUNTY,097,5 Years,486,242,244,286,142,144,19,8,11,1,1,0,23,13,10,157,78,79
COOKE COUNTY,097,6 Years,492,252,240,296,145,151,18,10,8,3,2,1,19,13,6,156,82,74
COOKE COUNTY,097,7 Years,467,230,237,279,132,147,16,9,7,2,2,0,19,12,7,151,75,76
COOKE COUNTY,097,8 Years,464,231,233,279,136,143,14,8,6,2,1,1,19,11,8,150,75,75
COOKE COUNTY,097,9 Years,455,224,231,274,143,131,13,6,7,2,0,2,18,11,7,148,64,84
COOKE COUNTY,097,10 Years,509,256,253,295,156,139,17,9,8,4,1,3,26,14,12,167,76,91
COOKE COUNTY,097,11 Years,533,266,267,311,159,152,11,6,5,6,2,4,26,12,14,179,87,92
COOKE COUNTY,097,12 Years,519,242,277,300,132,168,13,7,6,7,2,5,22,9,13,177,92,85
COOKE COUNTY,097,13 Years,528,251,277,317,148,169,16,8,8,3,1,2,21,11,10,171,83,88
COOKE COUNTY,097,14 Years,494,242,252,287,149,138,18,8,10,3,0,3,25,13,12,161,72,89
COOKE COUNTY,097,15 Years,558,315,243,322,183,139,37,28,9,2,0,2,26,18,8,171,86,85
COOKE COUNTY,097,16 Years,609,353,256,353,184,169,57,48,9,3,2,1,28,16,12,168,103,65
COOKE COUNTY,097,17 Years,611,348,263,351,181,170,66,56,10,8,5,3,24,14,10,162,92,70
COOKE COUNTY,097,18 Years,539,271,268,316,152,164,35,26,9,3,1,2,20,10,10,165,82,83
COOKE COUNTY,097,19 Years,467,232,235,271,132,139,24,16,8,1,0,1,19,8,11,152,76,76
COOKE COUNTY,097,20 Years,418,214,204,248,129,119,8,5,3,1,0,1,18,5,13,143,75,68
COOKE COUNTY,097,21 Years,465,233,232,292,151,141,13,5,8,4,1,3,15,5,10,141,71,70
COOKE COUNTY,097,22 Years,478,244,234,313,160,153,8,4,4,3,1,2,21,11,10,133,68,65
COOKE COUNTY,097,23 Years,497,244,253,333,168,165,10,6,4,5,2,3,18,8,10,131,60,71
COOKE COUNTY,097,24 Years,489,236,253,322,162,160,11,5,6,4,2,2,11,3,8,141,64,77
COOKE COUNTY,097,25 Years,507,257,250,342,171,171,11,7,4,2,1,1,11,2,9,141,76,65
COOKE COUNTY,097,26 Years,502,260,242,344,162,182,16,10,6,4,3,1,11,2,9,127,83,44
COOKE COUNTY,097,27 Years,554,278,276,391,202,189,17,6,11,2,2,0,19,7,12,125,61,64
COOKE COUNTY,097,28 Years,575,260,315,426,198,228,12,2,10,2,1,1,15,5,10,120,54,66
COOKE COUNTY,097,29 Years,570,273,297,428,209,219,19,7,12,1,1,0,10,4,6,112,52,60
COOKE COUNTY,097,30 Years,515,267,248,385,201,184,19,9,10,1,1,0,11,7,4,99,49,50
COOKE COUNTY,097,31 Years,520,256,264,385,195,190,15,6,9,2,2,0,12,6,6,106,47,59
COOKE COUNTY,097,32 Years,487,246,241,372,183,189,10,6,4,1,0,1,7,3,4,97,54,43
COOKE COUNTY,097,33 Years,479,253,226,350,173,177,14,7,7,2,2,0,11,3,8,102,68,34
COOKE COUNTY,097,34 Years,441,225,216,327,165,162,12,5,7,3,2,1,7,4,3,92,49,43
COOKE COUNTY,097,35 Years,450,218,232,325,164,161,11,4,7,5,2,3,5,1,4,104,47,57
COOKE COUNTY,097,36 Years,500,226,274,358,166,192,16,8,8,11,3,8,10,3,7,105,46,59
COOKE COUNTY,097,37 Years,476,225,251,332,151,181,13,8,5,6,1,5,7,3,4,118,62,56
COOKE COUNTY,097,38 Years,464,230,234,340,168,172,10,8,2,5,2,3,15,4,11,94,48,46
COOKE COUNTY,097,39 Years,463,227,236,331,164,167,8,5,3,6,3,3,10,2,8,108,53,55
COOKE COUNTY,097,40 Years,442,221,221,296,149,147,7,4,3,7,4,3,8,3,5,124,61,63
COOKE COUNTY,097,41 Years,440,218,222,304,149,155,11,8,3,6,4,2,9,6,3,110,51,59
COOKE COUNTY,097,42 Years,409,201,208,286,139,147,10,4,6,9,3,6,6,6,0,98,49,49
COOKE COUNTY,097,43 Years,398,189,209,271,130,141,11,7,4,5,1,4,8,5,3,103,46,57
COOKE COUNTY,097,44 Years,426,206,220,302,145,157,15,9,6,10,4,6,9,6,3,90,42,48
COOKE COUNTY,097,45 Years,432,201,231,312,151,161,9,6,3,6,3,3,5,1,4,100,40,60
COOKE COUNTY,097,46 Years,413,199,214,304,145,159,8,5,3,4,2,2,4,1,3,93,46,47
COOKE COUNTY,097,47 Years,433,209,224,325,146,179,13,7,6,4,2,2,9,6,3,82,48,34
COOKE COUNTY,097,48 Years,462,209,253,367,159,208,11,6,5,4,2,2,8,6,2,72,36,36
COOKE COUNTY,097,49 Years,462,217,245,374,171,203,13,6,7,1,0,1,4,1,3,70,39,31
COOKE COUNTY,097,50 Years,466,221,245,374,178,196,14,6,8,2,0,2,9,4,5,67,33,34
COOKE COUNTY,097,51 Years,467,247,220,367,194,173,13,9,4,7,1,6,7,5,2,73,38,35
COOKE COUNTY,097,52 Years,496,256,240,399,209,190,12,5,7,5,2,3,7,3,4,73,37,36
COOKE COUNTY,097,53 Years,502,243,259,410,197,213,10,3,7,3,1,2,13,5,8,66,37,29
COOKE COUNTY,097,54 Years,501,250,251,410,199,211,8,2,6,3,1,2,11,8,3,69,40,29
COOKE COUNTY,097,55 Years,534,263,271,443,219,224,9,4,5,3,1,2,14,6,8,65,33,32
COOKE COUNTY,097,56 Years,596,282,314,499,236,263,9,5,4,6,3,3,14,3,11,68,35,33
COOKE COUNTY,097,57 Years,551,290,261,456,235,221,10,5,5,6,4,2,13,7,6,66,39,27
COOKE COUNTY,097,58 Years,576,288,288,498,241,257,13,8,5,6,5,1,10,6,4,49,28,21
COOKE COUNTY,097,59 Years,587,294,293,494,246,248,15,5,10,7,5,2,10,4,6,61,34,27
COOKE COUNTY,097,60 Years,596,271,325,517,234,283,13,4,9,6,2,4,10,4,6,50,27,23
COOKE COUNTY,097,61 Years,604,288,316,527,253,274,13,5,8,5,0,5,12,3,9,47,27,20
COOKE COUNTY,097,62 Years,548,269,279,479,231,248,15,8,7,5,2,3,11,4,7,38,24,14
COOKE COUNTY,097,63 Years,547,272,275,480,238,242,16,8,8,3,1,2,7,2,5,41,23,18
COOKE COUNTY,097,64 Years,560,283,277,478,240,238,20,10,10,5,3,2,10,3,7,47,27,20
COOKE COUNTY,097,65 Years,561,282,279,503,249,254,13,7,6,3,2,1,8,4,4,34,20,14
COOKE COUNTY,097,66 Years,534,263,271,474,232,242,12,7,5,2,0,2,9,3,6,37,21,16
COOKE COUNTY,097,67 Years,497,248,249,436,214,222,10,5,5,4,3,1,16,9,7,31,17,14
COOKE COUNTY,097,68 Years,461,242,219,411,217,194,9,5,4,3,1,2,10,6,4,28,13,15
COOKE COUNTY,097,69 Years,466,236,230,416,213,203,15,6,9,2,0,2,5,2,3,28,15,13
COOKE COUNTY,097,70 Years,471,221,250,416,197,219,13,3,10,2,1,1,12,6,6,28,14,14
COOKE COUNTY,097,71 Years,422,185,237,379,168,211,6,1,5,5,2,3,7,3,4,25,11,14
COOKE COUNTY,097,72 Years,440,209,231,398,190,208,11,5,6,2,1,1,8,5,3,21,8,13
COOKE COUNTY,097,73 Years,378,179,199,342,162,180,10,4,6,0,0,0,10,5,5,16,8,8
COOKE COUNTY,097,74 Years,358,169,189,328,155,173,8,3,5,2,1,1,8,4,4,12,6,6
COOKE COUNTY,097,75 Years,335,144,191,312,135,177,2,0,2,4,1,3,4,3,1,13,5,8
COOKE COUNTY,097,76 Years,332,160,172,301,144,157,8,4,4,2,1,1,4,2,2,17,9,8
COOKE COUNTY,097,77 Years,282,132,150,254,120,134,7,3,4,2,0,2,5,1,4,14,8,6
COOKE COUNTY,097,78 Years,261,118,143,235,105,130,5,2,3,1,0,1,7,3,4,13,8,5
COOKE COUNTY,097,79 Years,259,118,141,240,111,129,6,2,4,1,1,0,5,0,5,7,4,3
COOKE COUNTY,097,80 Years,230,105,125,207,93,114,4,1,3,1,1,0,6,1,5,12,9,3
COOKE COUNTY,097,81 Years,204,89,115,184,79,105,7,3,4,0,0,0,4,2,2,9,5,4
COOKE COUNTY,097,82 Years,193,79,114,173,73,100,5,1,4,1,0,1,6,2,4,8,3,5
COOKE COUNTY,097,83 Years,178,79,99,168,75,93,2,0,2,1,1,0,3,2,1,4,1,3
COOKE COUNTY,097,84 Years,164,68,96,151,63,88,3,0,3,1,1,0,1,1,0,8,3,5
COOKE COUNTY,097,85 Years,159,63,96,147,56,91,3,2,1,0,0,0,2,1,1,7,4,3
COOKE COUNTY,097,86 Years,134,51,83,120,43,77,3,2,1,1,0,1,3,1,2,7,5,2
COOKE COUNTY,097,87 Years,117,45,72,101,37,64,4,3,1,1,0,1,4,2,2,7,3,4
COOKE COUNTY,097,88 Years,103,36,67,91,32,59,3,1,2,1,1,0,4,1,3,4,1,3
COOKE COUNTY,097,89 Years,87,32,55,78,29,49,3,1,2,1,1,0,1,0,1,4,1,3
COOKE COUNTY,097,90 Years,71,24,47,64,22,42,2,1,1,1,1,0,1,0,1,3,0,3
COOKE COUNTY,097,91 Years,63,17,46,57,15,42,2,1,1,0,0,0,1,0,1,3,1,2
COOKE COUNTY,097,92 Years,53,15,38,48,14,34,0,0,0,1,0,1,0,0,0,4,1,3
COOKE COUNTY,097,93 Years,44,11,33,40,10,30,1,1,0,0,0,0,1,0,1,2,0,2
COOKE COUNTY,097,94 Years,33,8,25,27,6,21,2,0,2,0,0,0,1,0,1,3,2,1
COOKE COUNTY,097,95 Years +,87,22,65,69,16,53,6,2,4,2,0,2,2,0,2,8,4,4
CORYELL COUNTY,099,All Ages,75137,37634,37503,42021,20966,21055,11850,5895,5955,1332,488,844,5335,2714,2621,14599,7571,7028
CORYELL COUNTY,099,< 1 Year,1022,528,494,500,261,239,122,67,55,5,3,2,95,47,48,300,150,150
CORYELL COUNTY,099,1 Years,1025,521,504,497,254,243,132,67,65,4,2,2,94,49,45,298,149,149
CORYELL COUNTY,099,2 Years,988,491,497,486,242,244,127,63,64,4,2,2,95,47,48,276,137,139
CORYELL COUNTY,099,3 Years,1039,513,526,527,260,267,131,62,69,6,2,4,116,59,57,259,130,129
CORYELL COUNTY,099,4 Years,1062,530,532,562,281,281,129,61,68,5,2,3,130,67,63,236,119,117
CORYELL COUNTY,099,5 Years,1106,566,540,599,308,291,136,70,66,5,2,3,141,74,67,225,112,113
CORYELL COUNTY,099,6 Years,1036,537,499,571,298,273,120,64,56,6,3,3,125,68,57,214,104,110
CORYELL COUNTY,099,7 Years,1008,529,479,565,291,274,111,67,44,6,3,3,128,69,59,198,99,99
CORYELL COUNTY,099,8 Years,992,526,466,540,282,258,109,62,47,6,4,2,143,84,59,194,94,100
CORYELL COUNTY,099,9 Years,1122,541,581,615,305,310,126,56,70,6,3,3,164,82,82,211,95,116
CORYELL COUNTY,099,10 Years,1110,540,570,601,295,306,130,57,73,14,7,7,145,74,71,220,107,113
CORYELL COUNTY,099,11 Years,1076,526,550,589,283,306,118,58,60,12,7,5,142,71,71,215,107,108
CORYELL COUNTY,099,12 Years,1104,566,538,617,327,290,111,52,59,20,11,9,153,82,71,203,94,109
CORYELL COUNTY,099,13 Years,1163,605,558,650,347,303,126,61,65,20,14,6,146,72,74,221,111,110
CORYELL COUNTY,099,14 Years,1034,539,495,566,304,262,112,55,57,19,9,10,124,67,57,213,104,109
CORYELL COUNTY,099,15 Years,973,498,475,534,278,256,105,49,56,14,4,10,119,62,57,201,105,96
CORYELL COUNTY,099,16 Years,1079,539,540,579,288,291,133,65,68,13,5,8,137,67,70,217,114,103
CORYELL COUNTY,099,17 Years,1140,623,517,627,353,274,135,67,68,11,3,8,121,67,54,246,133,113
CORYELL COUNTY,099,18 Years,1137,610,527,582,322,260,141,74,67,14,10,4,128,62,66,272,142,130
CORYELL COUNTY,099,19 Years,1079,569,510,533,287,246,150,78,72,13,7,6,118,60,58,265,137,128
CORYELL COUNTY,099,20 Years,1405,852,553,704,452,252,233,142,91,21,14,7,116,59,57,331,185,146
CORYELL COUNTY,099,21 Years,1439,857,582,716,462,254,243,142,101,20,13,7,132,67,65,328,173,155
CORYELL COUNTY,099,22 Years,1471,845,626,743,454,289,255,139,116,20,12,8,101,44,57,352,196,156
CORYELL COUNTY,099,23 Years,1527,873,654,756,461,295,283,155,128,18,13,5,97,44,53,373,200,173
CORYELL COUNTY,099,24 Years,1575,894,681,764,458,306,306,156,150,17,10,7,112,54,58,376,216,160
CORYELL COUNTY,099,25 Years,1445,780,665,621,324,297,364,209,155,16,11,5,108,50,58,336,186,150
CORYELL COUNTY,099,26 Years,1388,692,696,641,307,334,336,179,157,13,10,3,109,47,62,289,149,140
CORYELL COUNTY,099,27 Years,1215,625,590,503,249,254,320,180,140,18,11,7,91,41,50,283,144,139
CORYELL COUNTY,099,28 Years,1378,723,655,615,309,306,332,176,156,22,11,11,93,42,51,316,185,131
CORYELL COUNTY,099,29 Years,1243,592,651,642,317,325,226,78,148,14,4,10,78,34,44,283,159,124
CORYELL COUNTY,099,30 Years,1344,664,680,717,359,358,204,82,122,20,11,9,104,51,53,299,161,138
CORYELL COUNTY,099,31 Years,1435,733,702,702,343,359,290,155,135,18,10,8,125,62,63,300,163,137
CORYELL COUNTY,099,32 Years,1367,673,694,659,310,349,293,145,148,20,9,11,104,56,48,291,153,138
CORYELL COUNTY,099,33 Years,1331,637,694,677,309,368,258,134,124,21,8,13,102,51,51,273,135,138
CORYELL COUNTY,099,34 Years,1391,743,648,732,383,349,242,126,116,27,13,14,90,45,45,300,176,124
CORYELL COUNTY,099,35 Years,1342,686,656,723,363,360,239,124,115,28,13,15,78,36,42,274,150,124
CORYELL COUNTY,099,36 Years,1343,701,642,718,366,352,241,127,114,22,9,13,68,46,22,294,153,141
CORYELL COUNTY,099,37 Years,1282,656,626,674,339,335,233,114,119,34,10,24,78,47,31,263,146,117
CORYELL COUNTY,099,38 Years,1223,604,619,669,326,343,228,108,120,27,9,18,63,35,28,236,126,110
CORYELL COUNTY,099,39 Years,1273,637,636,690,347,343,223,106,117,31,15,16,70,42,28,259,127,132
CORYELL COUNTY,099,40 Years,1217,592,625,653,309,344,215,109,106,24,8,16,75,37,38,250,129,121
CORYELL COUNTY,099,41 Years,1152,560,592,631,295,336,218,110,108,18,6,12,55,26,29,230,123,107
CORYELL COUNTY,099,42 Years,1073,529,544,588,276,312,212,103,109,16,8,8,51,29,22,206,113,93
CORYELL COUNTY,099,43 Years,993,477,516,532,244,288,194,92,102,21,8,13,40,21,19,206,112,94
CORYELL COUNTY,099,44 Years,969,460,509,555,256,299,169,80,89,17,3,14,47,21,26,181,100,81
CORYELL COUNTY,099,45 Years,925,442,483,526,244,282,170,78,92,20,7,13,39,17,22,170,96,74
CORYELL COUNTY,099,46 Years,947,455,492,540,252,288,184,87,97,18,5,13,33,13,20,172,98,74
CORYELL COUNTY,099,47 Years,927,435,492,555,252,303,174,85,89,19,7,12,32,14,18,147,77,70
CORYELL COUNTY,099,48 Years,949,438,511,577,262,315,169,77,92,22,10,12,30,13,17,151,76,75
CORYELL COUNTY,099,49 Years,862,384,478,543,242,301,147,64,83,20,6,14,31,14,17,121,58,63
CORYELL COUNTY,099,50 Years,745,343,402,483,218,265,126,60,66,16,7,9,20,11,9,100,47,53
CORYELL COUNTY,099,51 Years,744,347,397,470,216,254,138,64,74,12,6,6,21,12,9,103,49,54
CORYELL COUNTY,099,52 Years,721,345,376,446,218,228,136,59,77,16,7,9,20,10,10,103,51,52
CORYELL COUNTY,099,53 Years,692,322,370,440,201,239,121,55,66,11,3,8,17,11,6,103,52,51
CORYELL COUNTY,099,54 Years,735,360,375,466,231,235,121,57,64,19,5,14,25,16,9,104,51,53
CORYELL COUNTY,099,55 Years,688,332,356,436,206,230,109,51,58,12,4,8,16,10,6,115,61,54
CORYELL COUNTY,099,56 Years,647,303,344,421,198,223,95,43,52,11,3,8,15,8,7,105,51,54
CORYELL COUNTY,099,57 Years,645,304,341,426,203,223,92,43,49,7,3,4,13,7,6,107,48,59
CORYELL COUNTY,099,58 Years,614,290,324,393,190,203,88,42,46,13,1,12,17,10,7,103,47,56
CORYELL COUNTY,099,59 Years,622,288,334,402,189,213,83,42,41,24,4,20,16,10,6,97,43,54
CORYELL COUNTY,099,60 Years,566,250,316,371,166,205,79,41,38,23,4,19,13,7,6,80,32,48
CORYELL COUNTY,099,61 Years,560,253,307,380,175,205,78,36,42,17,5,12,17,9,8,68,28,40
CORYELL COUNTY,099,62 Years,568,255,313,386,161,225,77,39,38,16,7,9,15,11,4,74,37,37
CORYELL COUNTY,099,63 Years,516,239,277,358,161,197,71,37,34,15,2,13,16,11,5,56,28,28
CORYELL COUNTY,099,64 Years,516,244,272,349,163,186,71,35,36,17,3,14,14,9,5,65,34,31
CORYELL COUNTY,099,65 Years,488,228,260,320,150,170,63,33,30,27,5,22,14,5,9,64,35,29
CORYELL COUNTY,099,66 Years,449,206,243,324,156,168,51,21,30,24,3,21,12,5,7,38,21,17
CORYELL COUNTY,099,67 Years,432,214,218,311,158,153,50,22,28,14,1,13,11,5,6,46,28,18
CORYELL COUNTY,099,68 Years,410,197,213,289,146,143,45,19,26,16,4,12,14,9,5,46,19,27
CORYELL COUNTY,099,69 Years,377,172,205,278,133,145,42,20,22,15,2,13,8,4,4,34,13,21
CORYELL COUNTY,099,70 Years,368,167,201,287,134,153,30,13,17,13,3,10,8,4,4,30,13,17
CORYELL COUNTY,099,71 Years,381,168,213,295,131,164,27,12,15,13,2,11,9,4,5,37,19,18
CORYELL COUNTY,099,72 Years,397,183,214,311,148,163,30,13,17,13,2,11,9,4,5,34,16,18
CORYELL COUNTY,099,73 Years,295,127,168,230,103,127,19,9,10,9,2,7,6,3,3,31,10,21
CORYELL COUNTY,099,74 Years,301,128,173,224,100,124,32,13,19,12,2,10,5,3,2,28,10,18
CORYELL COUNTY,099,75 Years,300,132,168,231,107,124,32,11,21,10,1,9,7,3,4,20,10,10
CORYELL COUNTY,099,76 Years,291,132,159,220,104,116,29,9,20,10,1,9,6,4,2,26,14,12
CORYELL COUNTY,099,77 Years,271,124,147,207,100,107,27,9,18,8,1,7,6,2,4,23,12,11
CORYELL COUNTY,099,78 Years,243,106,137,192,88,104,20,9,11,4,0,4,7,2,5,20,7,13
CORYELL COUNTY,099,79 Years,218,93,125,162,75,87,26,11,15,7,0,7,7,2,5,16,5,11
CORYELL COUNTY,099,80 Years,214,85,129,149,62,87,26,9,17,8,1,7,7,3,4,24,10,14
CORYELL COUNTY,099,81 Years,209,91,118,158,75,83,22,5,17,9,1,8,4,3,1,16,7,9
CORYELL COUNTY,099,82 Years,193,83,110,153,67,86,13,5,8,8,2,6,4,2,2,15,7,8
CORYELL COUNTY,099,83 Years,152,62,90,118,47,71,10,5,5,6,1,5,4,2,2,14,7,7
CORYELL COUNTY,099,84 Years,132,53,79,106,44,62,7,2,5,5,0,5,3,1,2,11,6,5
CORYELL COUNTY,099,85 Years,113,48,65,91,42,49,6,2,4,7,1,6,2,0,2,7,3,4
CORYELL COUNTY,099,86 Years,102,45,57,76,36,40,7,3,4,9,1,8,3,1,2,7,4,3
CORYELL COUNTY,099,87 Years,96,40,56,72,30,42,8,5,3,5,0,5,2,0,2,9,5,4
CORYELL COUNTY,099,88 Years,84,30,54,62,22,40,7,3,4,6,0,6,1,1,0,8,4,4
CORYELL COUNTY,099,89 Years,73,29,44,54,21,33,6,3,3,3,0,3,2,1,1,8,4,4
CORYELL COUNTY,099,90 Years,54,19,35,40,13,27,4,2,2,3,1,2,1,0,1,6,3,3
CORYELL COUNTY,099,91 Years,45,14,31,35,11,24,2,1,1,3,0,3,0,0,0,5,2,3
CORYELL COUNTY,099,92 Years,37,15,22,26,11,15,3,1,2,3,0,3,0,0,0,5,3,2
CORYELL COUNTY,099,93 Years,29,9,20,20,7,13,4,1,3,2,0,2,0,0,0,3,1,2
CORYELL COUNTY,099,94 Years,24,7,17,15,5,10,4,1,3,3,0,3,0,0,0,2,1,1
CORYELL COUNTY,099,95 Years +,54,16,38,32,8,24,8,2,6,3,0,3,2,1,1,9,5,4
COTTLE COUNTY,101,All Ages,1354,650,704,855,414,441,137,63,74,0,0,0,20,14,6,342,159,183
COTTLE COUNTY,101,< 1 Year,15,6,9,7,4,3,3,1,2,0,0,0,0,0,0,5,1,4
COTTLE COUNTY,101,1 Years,15,6,9,7,4,3,2,0,2,0,0,0,0,0,0,6,2,4
COTTLE COUNTY,101,2 Years,16,6,10,5,2,3,3,1,2,0,0,0,0,0,0,8,3,5
COTTLE COUNTY,101,3 Years,13,6,7,5,2,3,2,1,1,0,0,0,0,0,0,6,3,3
COTTLE COUNTY,101,4 Years,13,7,6,6,3,3,2,1,1,0,0,0,0,0,0,5,3,2
COTTLE COUNTY,101,5 Years,15,8,7,7,4,3,3,2,1,0,0,0,0,0,0,5,2,3
COTTLE COUNTY,101,6 Years,15,9,6,6,4,2,3,2,1,0,0,0,0,0,0,6,3,3
COTTLE COUNTY,101,7 Years,15,9,6,7,5,2,2,1,1,0,0,0,0,0,0,6,3,3
COTTLE COUNTY,101,8 Years,16,8,8,7,4,3,1,0,1,0,0,0,0,0,0,8,4,4
COTTLE COUNTY,101,9 Years,16,7,9,8,2,6,0,0,0,0,0,0,1,0,1,7,5,2
COTTLE COUNTY,101,10 Years,16,10,6,9,6,3,0,0,0,0,0,0,0,0,0,7,4,3
COTTLE COUNTY,101,11 Years,11,8,3,5,4,1,1,1,0,0,0,0,1,1,0,4,2,2
COTTLE COUNTY,101,12 Years,13,8,5,5,4,1,1,0,1,0,0,0,1,1,0,6,3,3
COTTLE COUNTY,101,13 Years,15,5,10,6,3,3,3,0,3,0,0,0,0,0,0,6,2,4
COTTLE COUNTY,101,14 Years,13,5,8,8,4,4,1,0,1,0,0,0,0,0,0,4,1,3
COTTLE COUNTY,101,15 Years,17,8,9,12,6,6,1,1,0,0,0,0,0,0,0,4,1,3
COTTLE COUNTY,101,16 Years,25,11,14,17,7,10,1,1,0,0,0,0,0,0,0,7,3,4
COTTLE COUNTY,101,17 Years,19,11,8,12,7,5,2,2,0,0,0,0,0,0,0,5,2,3
COTTLE COUNTY,101,18 Years,21,10,11,13,5,8,1,1,0,0,0,0,0,0,0,7,4,3
COTTLE COUNTY,101,19 Years,16,7,9,9,4,5,0,0,0,0,0,0,0,0,0,7,3,4
COTTLE COUNTY,101,20 Years,15,7,8,7,4,3,2,0,2,0,0,0,0,0,0,6,3,3
COTTLE COUNTY,101,21 Years,13,8,5,6,3,3,1,1,0,0,0,0,1,1,0,5,3,2
COTTLE COUNTY,101,22 Years,15,7,8,8,3,5,1,0,1,0,0,0,1,1,0,5,3,2
COTTLE COUNTY,101,23 Years,15,8,7,7,3,4,1,0,1,0,0,0,1,1,0,6,4,2
COTTLE COUNTY,101,24 Years,17,7,10,5,2,3,4,1,3,0,0,0,1,1,0,7,3,4
COTTLE COUNTY,101,25 Years,15,7,8,6,3,3,6,2,4,0,0,0,0,0,0,3,2,1
COTTLE COUNTY,101,26 Years,19,10,9,7,3,4,7,5,2,0,0,0,0,0,0,5,2,3
COTTLE COUNTY,101,27 Years,20,11,9,7,5,2,4,3,1,0,0,0,2,2,0,7,1,6
COTTLE COUNTY,101,28 Years,13,7,6,7,4,3,1,1,0,0,0,0,1,0,1,4,2,2
COTTLE COUNTY,101,29 Years,11,5,6,7,3,4,1,0,1,0,0,0,0,0,0,3,2,1
COTTLE COUNTY,101,30 Years,8,4,4,3,1,2,1,1,0,0,0,0,0,0,0,4,2,2
COTTLE COUNTY,101,31 Years,7,3,4,3,2,1,1,0,1,0,0,0,0,0,0,3,1,2
COTTLE COUNTY,101,32 Years,10,6,4,5,3,2,2,2,0,0,0,0,0,0,0,3,1,2
COTTLE COUNTY,101,33 Years,13,5,8,7,4,3,2,1,1,0,0,0,0,0,0,4,0,4
COTTLE COUNTY,101,34 Years,11,7,4,7,4,3,0,0,0,0,0,0,0,0,0,4,3,1
COTTLE COUNTY,101,35 Years,9,4,5,6,3,3,1,0,1,0,0,0,0,0,0,2,1,1
COTTLE COUNTY,101,36 Years,14,6,8,7,4,3,1,0,1,0,0,0,1,0,1,5,2,3
COTTLE COUNTY,101,37 Years,13,6,7,10,6,4,1,0,1,0,0,0,0,0,0,2,0,2
COTTLE COUNTY,101,38 Years,10,3,7,6,2,4,0,0,0,0,0,0,0,0,0,4,1,3
COTTLE COUNTY,101,39 Years,15,6,9,9,5,4,0,0,0,0,0,0,0,0,0,6,1,5
COTTLE COUNTY,101,40 Years,13,5,8,8,3,5,0,0,0,0,0,0,0,0,0,5,2,3
COTTLE COUNTY,101,41 Years,12,5,7,7,3,4,0,0,0,0,0,0,0,0,0,5,2,3
COTTLE COUNTY,101,42 Years,9,2,7,5,1,4,0,0,0,0,0,0,0,0,0,4,1,3
COTTLE COUNTY,101,43 Years,10,4,6,6,2,4,1,1,0,0,0,0,0,0,0,3,1,2
COTTLE COUNTY,101,44 Years,13,4,9,9,3,6,1,1,0,0,0,0,0,0,0,3,0,3
COTTLE COUNTY,101,45 Years,16,5,11,8,2,6,4,1,3,0,0,0,0,0,0,4,2,2
COTTLE COUNTY,101,46 Years,9,6,3,4,2,2,3,2,1,0,0,0,0,0,0,2,2,0
COTTLE COUNTY,101,47 Years,8,5,3,5,3,2,1,1,0,0,0,0,0,0,0,2,1,1
COTTLE COUNTY,101,48 Years,9,4,5,5,3,2,3,1,2,0,0,0,0,0,0,1,0,1
COTTLE COUNTY,101,49 Years,12,6,6,7,4,3,2,1,1,0,0,0,0,0,0,3,1,2
COTTLE COUNTY,101,50 Years,11,4,7,8,3,5,1,0,1,0,0,0,1,0,1,1,1,0
COTTLE COUNTY,101,51 Years,17,7,10,13,5,8,2,1,1,0,0,0,1,0,1,1,1,0
COTTLE COUNTY,101,52 Years,13,7,6,9,5,4,2,0,2,0,0,0,0,0,0,2,2,0
COTTLE COUNTY,101,53 Years,11,4,7,7,3,4,1,0,1,0,0,0,0,0,0,3,1,2
COTTLE COUNTY,101,54 Years,16,8,8,9,6,3,4,1,3,0,0,0,0,0,0,3,1,2
COTTLE COUNTY,101,55 Years,20,11,9,15,8,7,2,1,1,0,0,0,0,0,0,3,2,1
COTTLE COUNTY,101,56 Years,24,12,12,15,7,8,2,1,1,0,0,0,1,1,0,6,3,3
COTTLE COUNTY,101,57 Years,20,11,9,14,7,7,3,2,1,0,0,0,0,0,0,3,2,1
COTTLE COUNTY,101,58 Years,23,12,11,15,8,7,2,1,1,0,0,0,0,0,0,6,3,3
COTTLE COUNTY,101,59 Years,21,11,10,15,8,7,2,1,1,0,0,0,0,0,0,4,2,2
COTTLE COUNTY,101,60 Years,17,12,5,12,8,4,0,0,0,0,0,0,0,0,0,5,4,1
COTTLE COUNTY,101,61 Years,19,11,8,11,6,5,2,1,1,0,0,0,0,0,0,6,4,2
COTTLE COUNTY,101,62 Years,19,7,12,13,5,8,3,1,2,0,0,0,0,0,0,3,1,2
COTTLE COUNTY,101,63 Years,14,8,6,8,4,4,1,1,0,0,0,0,1,0,1,4,3,1
COTTLE COUNTY,101,64 Years,20,9,11,11,4,7,2,1,1,0,0,0,0,0,0,7,4,3
COTTLE COUNTY,101,65 Years,18,7,11,13,6,7,1,0,1,0,0,0,0,0,0,4,1,3
COTTLE COUNTY,101,66 Years,16,5,11,14,5,9,1,0,1,0,0,0,0,0,0,1,0,1
COTTLE COUNTY,101,67 Years,18,7,11,13,5,8,3,1,2,0,0,0,0,0,0,2,1,1
COTTLE COUNTY,101,68 Years,25,13,12,20,10,10,2,1,1,0,0,0,0,0,0,3,2,1
COTTLE COUNTY,101,69 Years,20,11,9,16,9,7,1,1,0,0,0,0,0,0,0,3,1,2
COTTLE COUNTY,101,70 Years,16,7,9,12,5,7,1,1,0,0,0,0,0,0,0,3,1,2
COTTLE COUNTY,101,71 Years,17,9,8,15,7,8,0,0,0,0,0,0,0,0,0,2,2,0
COTTLE COUNTY,101,72 Years,16,7,9,14,6,8,0,0,0,0,0,0,0,0,0,2,1,1
COTTLE COUNTY,101,73 Years,17,9,8,15,8,7,1,1,0,0,0,0,0,0,0,1,0,1
COTTLE COUNTY,101,74 Years,16,11,5,11,8,3,2,1,1,0,0,0,0,0,0,3,2,1
COTTLE COUNTY,101,75 Years,19,10,9,14,7,7,1,0,1,0,0,0,1,1,0,3,2,1
COTTLE COUNTY,101,76 Years,14,7,7,12,6,6,1,0,1,0,0,0,0,0,0,1,1,0
COTTLE COUNTY,101,77 Years,13,8,5,12,7,5,1,1,0,0,0,0,0,0,0,0,0,0
COTTLE COUNTY,101,78 Years,15,7,8,13,6,7,0,0,0,0,0,0,0,0,0,2,1,1
COTTLE COUNTY,101,79 Years,13,5,8,9,3,6,2,1,1,0,0,0,1,1,0,1,0,1
COTTLE COUNTY,101,80 Years,15,8,7,11,6,5,2,1,1,0,0,0,1,1,0,1,0,1
COTTLE COUNTY,101,81 Years,12,7,5,10,5,5,1,1,0,0,0,0,0,0,0,1,1,0
COTTLE COUNTY,101,82 Years,11,5,6,9,4,5,0,0,0,0,0,0,0,0,0,2,1,1
COTTLE COUNTY,101,83 Years,11,5,6,10,4,6,0,0,0,0,0,0,0,0,0,1,1,0
COTTLE COUNTY,101,84 Years,9,5,4,8,4,4,0,0,0,0,0,0,0,0,0,1,1,0
COTTLE COUNTY,101,85 Years,12,5,7,10,4,6,0,0,0,0,0,0,1,1,0,1,0,1
COTTLE COUNTY,101,86 Years,13,6,7,11,5,6,0,0,0,0,0,0,1,1,0,1,0,1
COTTLE COUNTY,101,87 Years,12,5,7,9,4,5,1,0,1,0,0,0,0,0,0,2,1,1
COTTLE COUNTY,101,88 Years,10,5,5,8,3,5,1,1,0,0,0,0,0,0,0,1,1,0
COTTLE COUNTY,101,89 Years,7,2,5,6,2,4,1,0,1,0,0,0,0,0,0,0,0,0
COTTLE COUNTY,101,90 Years,6,3,3,6,3,3,0,0,0,0,0,0,0,0,0,0,0,0
COTTLE COUNTY,101,91 Years,5,2,3,5,2,3,0,0,0,0,0,0,0,0,0,0,0,0
COTTLE COUNTY,101,92 Years,6,2,4,5,2,3,0,0,0,0,0,0,0,0,0,1,0,1
COTTLE COUNTY,101,93 Years,4,2,2,3,1,2,0,0,0,0,0,0,0,0,0,1,1,0
COTTLE COUNTY,101,94 Years,4,1,3,3,1,2,1,0,1,0,0,0,0,0,0,0,0,0
COTTLE COUNTY,101,95 Years +,10,2,8,8,2,6,0,0,0,0,0,0,0,0,0,2,0,2
CRANE COUNTY,103,All Ages,4678,2406,2272,1397,671,726,112,56,56,10,3,7,52,30,22,3107,1646,1461
CRANE COUNTY,103,< 1 Year,61,32,29,11,7,4,0,0,0,0,0,0,0,0,0,50,25,25
CRANE COUNTY,103,1 Years,65,31,34,9,6,3,3,1,2,0,0,0,0,0,0,53,24,29
CRANE COUNTY,103,2 Years,64,33,31,9,6,3,3,1,2,0,0,0,0,0,0,52,26,26
CRANE COUNTY,103,3 Years,73,40,33,9,5,4,4,2,2,0,0,0,0,0,0,60,33,27
CRANE COUNTY,103,4 Years,80,47,33,11,6,5,3,2,1,0,0,0,0,0,0,66,39,27
CRANE COUNTY,103,5 Years,85,49,36,13,7,6,3,2,1,0,0,0,0,0,0,69,40,29
CRANE COUNTY,103,6 Years,88,45,43,16,8,8,0,0,0,0,0,0,0,0,0,72,37,35
CRANE COUNTY,103,7 Years,84,42,42,15,8,7,0,0,0,0,0,0,0,0,0,69,34,35
CRANE COUNTY,103,8 Years,80,36,44,11,5,6,3,2,1,0,0,0,0,0,0,66,29,37
CRANE COUNTY,103,9 Years,92,39,53,14,5,9,4,0,4,0,0,0,0,0,0,74,34,40
CRANE COUNTY,103,10 Years,73,37,36,11,4,7,3,2,1,0,0,0,1,1,0,58,30,28
CRANE COUNTY,103,11 Years,70,38,32,14,5,9,0,0,0,0,0,0,1,1,0,55,32,23
CRANE COUNTY,103,12 Years,61,31,30,9,5,4,3,2,1,0,0,0,1,1,0,48,23,25
CRANE COUNTY,103,13 Years,64,32,32,10,5,5,2,1,1,0,0,0,0,0,0,52,26,26
CRANE COUNTY,103,14 Years,77,44,33,17,9,8,0,0,0,0,0,0,0,0,0,60,35,25
CRANE COUNTY,103,15 Years,78,37,41,17,10,7,1,0,1,0,0,0,0,0,0,60,27,33
CRANE COUNTY,103,16 Years,67,37,30,17,12,5,1,1,0,0,0,0,0,0,0,49,24,25
CRANE COUNTY,103,17 Years,60,35,25,18,9,9,3,1,2,0,0,0,2,1,1,37,24,13
CRANE COUNTY,103,18 Years,70,39,31,16,8,8,2,1,1,1,1,0,1,0,1,50,29,21
CRANE COUNTY,103,19 Years,80,43,37,19,8,11,1,0,1,0,0,0,1,1,0,59,34,25
CRANE COUNTY,103,20 Years,71,40,31,17,9,8,2,2,0,0,0,0,0,0,0,52,29,23
CRANE COUNTY,103,21 Years,67,36,31,14,8,6,1,1,0,0,0,0,0,0,0,52,27,25
CRANE COUNTY,103,22 Years,65,31,34,13,7,6,3,1,2,0,0,0,0,0,0,49,23,26
CRANE COUNTY,103,23 Years,65,33,32,15,9,6,3,1,2,0,0,0,0,0,0,47,23,24
CRANE COUNTY,103,24 Years,69,33,36,17,9,8,1,0,1,0,0,0,1,1,0,50,23,27
CRANE COUNTY,103,25 Years,80,39,41,20,8,12,1,0,1,0,0,0,2,1,1,57,30,27
CRANE COUNTY,103,26 Years,75,37,38,18,6,12,1,0,1,0,0,0,2,1,1,54,30,24
CRANE COUNTY,103,27 Years,79,42,37,16,9,7,1,0,1,1,0,1,3,2,1,58,31,27
CRANE COUNTY,103,28 Years,65,36,29,11,6,5,2,2,0,0,0,0,3,2,1,49,26,23
CRANE COUNTY,103,29 Years,47,27,20,9,3,6,1,1,0,0,0,0,2,1,1,35,22,13
CRANE COUNTY,103,30 Years,54,27,27,15,6,9,0,0,0,0,0,0,1,1,0,38,20,18
CRANE COUNTY,103,31 Years,57,29,28,13,7,6,0,0,0,0,0,0,1,1,0,43,21,22
CRANE COUNTY,103,32 Years,44,26,18,9,5,4,3,2,1,0,0,0,1,0,1,31,19,12
CRANE COUNTY,103,33 Years,56,29,27,14,6,8,2,1,1,0,0,0,0,0,0,40,22,18
CRANE COUNTY,103,34 Years,58,28,30,16,7,9,1,1,0,0,0,0,2,2,0,39,18,21
CRANE COUNTY,103,35 Years,56,26,30,10,4,6,1,1,0,0,0,0,1,0,1,44,21,23
CRANE COUNTY,103,36 Years,55,24,31,11,5,6,1,1,0,0,0,0,1,0,1,42,18,24
CRANE COUNTY,103,37 Years,46,24,22,13,4,9,2,2,0,0,0,0,1,1,0,30,17,13
CRANE COUNTY,103,38 Years,59,31,28,19,8,11,1,1,0,0,0,0,1,1,0,38,21,17
CRANE COUNTY,103,39 Years,38,18,20,13,7,6,1,0,1,0,0,0,0,0,0,24,11,13
CRANE COUNTY,103,40 Years,37,24,13,13,9,4,1,1,0,0,0,0,0,0,0,23,14,9
CRANE COUNTY,103,41 Years,51,30,21,16,8,8,2,0,2,0,0,0,1,1,0,32,21,11
CRANE COUNTY,103,42 Years,43,27,16,11,5,6,2,1,1,0,0,0,0,0,0,30,21,9
CRANE COUNTY,103,43 Years,52,29,23,11,7,4,1,1,0,0,0,0,0,0,0,40,21,19
CRANE COUNTY,103,44 Years,53,28,25,11,6,5,0,0,0,0,0,0,0,0,0,42,22,20
CRANE COUNTY,103,45 Years,41,27,14,6,3,3,1,1,0,0,0,0,0,0,0,34,23,11
CRANE COUNTY,103,46 Years,41,23,18,11,4,7,0,0,0,0,0,0,0,0,0,30,19,11
CRANE COUNTY,103,47 Years,56,29,27,13,6,7,0,0,0,0,0,0,0,0,0,43,23,20
CRANE COUNTY,103,48 Years,63,24,39,18,5,13,0,0,0,0,0,0,0,0,0,45,19,26
CRANE COUNTY,103,49 Years,43,17,26,17,7,10,1,0,1,0,0,0,1,1,0,24,9,15
CRANE COUNTY,103,50 Years,52,33,19,16,8,8,1,0,1,0,0,0,2,1,1,33,24,9
CRANE COUNTY,103,51 Years,54,31,23,19,8,11,0,0,0,0,0,0,1,0,1,34,23,11
CRANE COUNTY,103,52 Years,64,32,32,24,11,13,0,0,0,0,0,0,0,0,0,40,21,19
CRANE COUNTY,103,53 Years,67,30,37,23,11,12,1,1,0,0,0,0,0,0,0,43,18,25
CRANE COUNTY,103,54 Years,57,30,27,23,10,13,2,1,1,0,0,0,0,0,0,32,19,13
CRANE COUNTY,103,55 Years,68,31,37,25,9,16,2,0,2,0,0,0,1,0,1,40,22,18
CRANE COUNTY,103,56 Years,73,36,37,32,16,16,1,1,0,0,0,0,0,0,0,40,19,21
CRANE COUNTY,103,57 Years,65,37,28,31,16,15,1,1,0,1,0,1,0,0,0,32,20,12
CRANE COUNTY,103,58 Years,60,33,27,24,11,13,1,0,1,0,0,0,3,1,2,32,21,11
CRANE COUNTY,103,59 Years,62,37,25,26,13,13,1,1,0,0,0,0,2,0,2,33,23,10
CRANE COUNTY,103,60 Years,66,31,35,27,11,16,1,1,0,0,0,0,1,1,0,37,18,19
CRANE COUNTY,103,61 Years,49,26,23,28,14,14,1,1,0,0,0,0,0,0,0,20,11,9
CRANE COUNTY,103,62 Years,52,21,31,23,13,10,1,0,1,2,0,2,1,1,0,25,7,18
CRANE COUNTY,103,63 Years,53,31,22,23,12,11,2,2,0,0,0,0,0,0,0,28,17,11
CRANE COUNTY,103,64 Years,53,30,23,21,9,12,3,1,2,1,1,0,0,0,0,28,19,9
CRANE COUNTY,103,65 Years,42,22,20,22,11,11,0,0,0,1,1,0,0,0,0,19,10,9
CRANE COUNTY,103,66 Years,39,23,16,21,11,10,1,1,0,0,0,0,2,2,0,15,9,6
CRANE COUNTY,103,67 Years,42,22,20,24,12,12,1,0,1,0,0,0,1,1,0,16,9,7
CRANE COUNTY,103,68 Years,33,20,13,20,12,8,1,1,0,0,0,0,0,0,0,12,7,5
CRANE COUNTY,103,69 Years,38,16,22,18,8,10,1,0,1,0,0,0,2,0,2,17,8,9
CRANE COUNTY,103,70 Years,34,19,15,15,9,6,1,1,0,0,0,0,2,1,1,16,8,8
CRANE COUNTY,103,71 Years,28,13,15,20,10,10,2,0,2,1,0,1,0,0,0,5,3,2
CRANE COUNTY,103,72 Years,29,13,16,20,9,11,0,0,0,1,0,1,1,1,0,7,3,4
CRANE COUNTY,103,73 Years,29,13,16,17,8,9,0,0,0,0,0,0,0,0,0,12,5,7
CRANE COUNTY,103,74 Years,24,11,13,13,7,6,1,0,1,0,0,0,0,0,0,10,4,6
CRANE COUNTY,103,75 Years,24,11,13,12,5,7,1,1,0,0,0,0,0,0,0,11,5,6
CRANE COUNTY,103,76 Years,23,11,12,14,6,8,1,1,0,0,0,0,0,0,0,8,4,4
CRANE COUNTY,103,77 Years,19,10,9,13,6,7,1,1,0,0,0,0,0,0,0,5,3,2
CRANE COUNTY,103,78 Years,24,11,13,13,6,7,1,0,1,0,0,0,0,0,0,10,5,5
CRANE COUNTY,103,79 Years,21,10,11,13,6,7,1,0,1,0,0,0,0,0,0,7,4,3
CRANE COUNTY,103,80 Years,20,9,11,13,6,7,1,0,1,0,0,0,0,0,0,6,3,3
CRANE COUNTY,103,81 Years,16,7,9,11,4,7,0,0,0,0,0,0,0,0,0,5,3,2
CRANE COUNTY,103,82 Years,16,8,8,8,5,3,1,0,1,0,0,0,1,0,1,6,3,3
CRANE COUNTY,103,83 Years,17,7,10,9,4,5,1,0,1,0,0,0,1,0,1,6,3,3
CRANE COUNTY,103,84 Years,15,6,9,10,4,6,0,0,0,0,0,0,0,0,0,5,2,3
CRANE COUNTY,103,85 Years,13,5,8,7,3,4,0,0,0,0,0,0,0,0,0,6,2,4
CRANE COUNTY,103,86 Years,11,4,7,7,3,4,0,0,0,0,0,0,0,0,0,4,1,3
CRANE COUNTY,103,87 Years,10,4,6,5,2,3,0,0,0,0,0,0,0,0,0,5,2,3
CRANE COUNTY,103,88 Years,10,4,6,5,2,3,0,0,0,0,0,0,0,0,0,5,2,3
CRANE COUNTY,103,89 Years,9,3,6,5,2,3,0,0,0,1,0,1,0,0,0,3,1,2
CRANE COUNTY,103,90 Years,5,2,3,3,1,2,0,0,0,0,0,0,0,0,0,2,1,1
CRANE COUNTY,103,91 Years,5,2,3,3,1,2,0,0,0,0,0,0,0,0,0,2,1,1
CRANE COUNTY,103,92 Years,9,3,6,3,1,2,1,0,1,0,0,0,0,0,0,5,2,3
CRANE COUNTY,103,93 Years,6,2,4,4,2,2,1,0,1,0,0,0,0,0,0,1,0,1
CRANE COUNTY,103,94 Years,3,0,3,2,0,2,0,0,0,0,0,0,0,0,0,1,0,1
CRANE COUNTY,103,95 Years +,11,5,6,6,2,4,1,1,0,0,0,0,0,0,0,4,2,2
CROCKETT COUNTY,105,All Ages,3461,1716,1745,1200,593,607,10,6,4,11,2,9,29,21,8,2211,1094,1117
CROCKETT COUNTY,105,< 1 Year,42,26,16,10,6,4,0,0,0,0,0,0,0,0,0,32,20,12
CROCKETT COUNTY,105,1 Years,40,23,17,12,6,6,0,0,0,0,0,0,0,0,0,28,17,11
CROCKETT COUNTY,105,2 Years,38,20,18,11,5,6,0,0,0,0,0,0,0,0,0,27,15,12
CROCKETT COUNTY,105,3 Years,46,24,22,13,8,5,0,0,0,0,0,0,0,0,0,33,16,17
CROCKETT COUNTY,105,4 Years,55,29,26,14,8,6,0,0,0,0,0,0,0,0,0,41,21,20
CROCKETT COUNTY,105,5 Years,55,27,28,14,7,7,0,0,0,0,0,0,1,1,0,40,19,21
CROCKETT COUNTY,105,6 Years,53,24,29,15,6,9,0,0,0,0,0,0,0,0,0,38,18,20
CROCKETT COUNTY,105,7 Years,55,28,27,18,8,10,0,0,0,0,0,0,0,0,0,37,20,17
CROCKETT COUNTY,105,8 Years,56,28,28,20,8,12,0,0,0,0,0,0,0,0,0,36,20,16
CROCKETT COUNTY,105,9 Years,51,27,24,18,8,10,0,0,0,0,0,0,0,0,0,33,19,14
CROCKETT COUNTY,105,10 Years,45,21,24,12,5,7,0,0,0,0,0,0,1,0,1,32,16,16
CROCKETT COUNTY,105,11 Years,47,20,27,15,6,9,0,0,0,0,0,0,0,0,0,32,14,18
CROCKETT COUNTY,105,12 Years,52,24,28,15,7,8,0,0,0,0,0,0,0,0,0,37,17,20
CROCKETT COUNTY,105,13 Years,46,18,28,11,6,5,0,0,0,0,0,0,0,0,0,35,12,23
CROCKETT COUNTY,105,14 Years,43,19,24,9,5,4,0,0,0,0,0,0,0,0,0,34,14,20
CROCKETT COUNTY,105,15 Years,50,26,24,11,7,4,0,0,0,0,0,0,1,1,0,38,18,20
CROCKETT COUNTY,105,16 Years,47,23,24,7,5,2,0,0,0,0,0,0,0,0,0,40,18,22
CROCKETT COUNTY,105,17 Years,41,21,20,6,3,3,0,0,0,0,0,0,0,0,0,35,18,17
CROCKETT COUNTY,105,18 Years,35,19,16,6,4,2,0,0,0,0,0,0,1,1,0,28,14,14
CROCKETT COUNTY,105,19 Years,32,18,14,6,4,2,0,0,0,0,0,0,0,0,0,26,14,12
CROCKETT COUNTY,105,20 Years,31,16,15,6,2,4,0,0,0,0,0,0,0,0,0,25,14,11
CROCKETT COUNTY,105,21 Years,37,17,20,10,7,3,0,0,0,0,0,0,0,0,0,27,10,17
CROCKETT COUNTY,105,22 Years,35,16,19,8,3,5,0,0,0,0,0,0,0,0,0,27,13,14
CROCKETT COUNTY,105,23 Years,38,17,21,6,3,3,0,0,0,0,0,0,0,0,0,32,14,18
CROCKETT COUNTY,105,24 Years,38,16,22,7,3,4,0,0,0,0,0,0,0,0,0,31,13,18
CROCKETT COUNTY,105,25 Years,52,25,27,9,4,5,0,0,0,0,0,0,0,0,0,43,21,22
CROCKETT COUNTY,105,26 Years,48,26,22,11,5,6,0,0,0,0,0,0,1,1,0,36,20,16
CROCKETT COUNTY,105,27 Years,51,23,28,13,6,7,0,0,0,0,0,0,1,1,0,37,16,21
CROCKETT COUNTY,105,28 Years,37,19,18,12,5,7,0,0,0,0,0,0,0,0,0,25,14,11
CROCKETT COUNTY,105,29 Years,30,14,16,11,6,5,0,0,0,1,0,1,0,0,0,18,8,10
CROCKETT COUNTY,105,30 Years,19,11,8,6,5,1,0,0,0,1,0,1,0,0,0,12,6,6
CROCKETT COUNTY,105,31 Years,31,18,13,11,7,4,0,0,0,0,0,0,0,0,0,20,11,9
CROCKETT COUNTY,105,32 Years,36,17,19,13,9,4,0,0,0,0,0,0,0,0,0,23,8,15
CROCKETT COUNTY,105,33 Years,35,14,21,9,5,4,0,0,0,0,0,0,0,0,0,26,9,17
CROCKETT COUNTY,105,34 Years,32,17,15,9,4,5,0,0,0,0,0,0,0,0,0,23,13,10
CROCKETT COUNTY,105,35 Years,33,17,16,13,6,7,0,0,0,0,0,0,0,0,0,20,11,9
CROCKETT COUNTY,105,36 Years,37,15,22,14,6,8,0,0,0,0,0,0,0,0,0,23,9,14
CROCKETT COUNTY,105,37 Years,47,24,23,16,8,8,0,0,0,0,0,0,0,0,0,31,16,15
CROCKETT COUNTY,105,38 Years,48,28,20,19,10,9,0,0,0,0,0,0,0,0,0,29,18,11
CROCKETT COUNTY,105,39 Years,48,22,26,17,7,10,0,0,0,0,0,0,0,0,0,31,15,16
CROCKETT COUNTY,105,40 Years,35,14,21,13,6,7,0,0,0,0,0,0,0,0,0,22,8,14
CROCKETT COUNTY,105,41 Years,34,16,18,12,7,5,0,0,0,0,0,0,0,0,0,22,9,13
CROCKETT COUNTY,105,42 Years,36,16,20,8,5,3,1,0,1,0,0,0,0,0,0,27,11,16
CROCKETT COUNTY,105,43 Years,39,17,22,10,4,6,0,0,0,0,0,0,0,0,0,29,13,16
CROCKETT COUNTY,105,44 Years,30,15,15,8,4,4,0,0,0,0,0,0,0,0,0,22,11,11
CROCKETT COUNTY,105,45 Years,30,16,14,8,5,3,0,0,0,0,0,0,1,1,0,21,10,11
CROCKETT COUNTY,105,46 Years,44,22,22,13,5,8,0,0,0,0,0,0,1,1,0,30,16,14
CROCKETT COUNTY,105,47 Years,44,22,22,14,8,6,0,0,0,1,0,1,0,0,0,29,14,15
CROCKETT COUNTY,105,48 Years,43,27,16,11,7,4,0,0,0,0,0,0,1,0,1,31,20,11
CROCKETT COUNTY,105,49 Years,33,18,15,9,4,5,0,0,0,0,0,0,0,0,0,24,14,10
CROCKETT COUNTY,105,50 Years,37,20,17,12,6,6,0,0,0,0,0,0,0,0,0,25,14,11
CROCKETT COUNTY,105,51 Years,36,18,18,11,4,7,0,0,0,0,0,0,0,0,0,25,14,11
CROCKETT COUNTY,105,52 Years,35,17,18,9,6,3,0,0,0,0,0,0,1,0,1,25,11,14
CROCKETT COUNTY,105,53 Years,47,26,21,15,9,6,0,0,0,1,0,1,2,2,0,29,15,14
CROCKETT COUNTY,105,54 Years,44,22,22,19,6,13,2,2,0,0,0,0,2,2,0,21,12,9
CROCKETT COUNTY,105,55 Years,39,15,24,19,8,11,1,1,0,0,0,0,1,0,1,18,6,12
CROCKETT COUNTY,105,56 Years,46,21,25,24,11,13,0,0,0,0,0,0,1,0,1,21,10,11
CROCKETT COUNTY,105,57 Years,42,25,17,16,10,6,0,0,0,1,0,1,0,0,0,25,15,10
CROCKETT COUNTY,105,58 Years,44,23,21,21,11,10,0,0,0,0,0,0,1,1,0,22,11,11
CROCKETT COUNTY,105,59 Years,49,25,24,24,12,12,0,0,0,0,0,0,1,1,0,24,12,12
CROCKETT COUNTY,105,60 Years,50,26,24,27,13,14,0,0,0,0,0,0,1,1,0,22,12,10
CROCKETT COUNTY,105,61 Years,53,26,27,23,9,14,0,0,0,1,0,1,1,1,0,28,16,12
CROCKETT COUNTY,105,62 Years,48,25,23,21,10,11,0,0,0,1,0,1,1,1,0,25,14,11
CROCKETT COUNTY,105,63 Years,56,31,25,28,14,14,0,0,0,1,0,1,0,0,0,27,17,10
CROCKETT COUNTY,105,64 Years,59,31,28,28,13,15,0,0,0,1,0,1,0,0,0,30,18,12
CROCKETT COUNTY,105,65 Years,48,28,20,25,14,11,0,0,0,1,1,0,1,0,1,21,13,8
CROCKETT COUNTY,105,66 Years,46,22,24,19,11,8,0,0,0,0,0,0,1,0,1,26,11,15
CROCKETT COUNTY,105,67 Years,40,21,19,18,12,6,0,0,0,0,0,0,0,0,0,22,9,13
CROCKETT COUNTY,105,68 Years,36,20,16,17,9,8,0,0,0,0,0,0,2,2,0,17,9,8
CROCKETT COUNTY,105,69 Years,36,15,21,16,6,10,0,0,0,0,0,0,1,0,1,19,9,10
CROCKETT COUNTY,105,70 Years,37,19,18,20,9,11,0,0,0,1,1,0,1,1,0,15,8,7
CROCKETT COUNTY,105,71 Years,33,17,16,20,10,10,0,0,0,0,0,0,0,0,0,13,7,6
CROCKETT COUNTY,105,72 Years,36,19,17,18,10,8,0,0,0,0,0,0,1,1,0,17,8,9
CROCKETT COUNTY,105,73 Years,28,13,15,11,5,6,0,0,0,0,0,0,0,0,0,17,8,9
CROCKETT COUNTY,105,74 Years,29,13,16,16,8,8,0,0,0,0,0,0,0,0,0,13,5,8
CROCKETT COUNTY,105,75 Years,34,16,18,13,6,7,0,0,0,0,0,0,1,1,0,20,9,11
CROCKETT COUNTY,105,76 Years,32,16,16,15,7,8,0,0,0,0,0,0,0,0,0,17,9,8
CROCKETT COUNTY,105,77 Years,26,13,13,12,5,7,1,1,0,0,0,0,0,0,0,13,7,6
CROCKETT COUNTY,105,78 Years,23,8,15,11,3,8,1,0,1,0,0,0,0,0,0,11,5,6
CROCKETT COUNTY,105,79 Years,22,9,13,9,3,6,1,0,1,0,0,0,0,0,0,12,6,6
CROCKETT COUNTY,105,80 Years,20,10,10,9,4,5,1,1,0,0,0,0,0,0,0,10,5,5
CROCKETT COUNTY,105,81 Years,19,11,8,8,5,3,0,0,0,0,0,0,0,0,0,11,6,5
CROCKETT COUNTY,105,82 Years,16,8,8,10,5,5,0,0,0,0,0,0,0,0,0,6,3,3
CROCKETT COUNTY,105,83 Years,17,8,9,8,4,4,0,0,0,0,0,0,0,0,0,9,4,5
CROCKETT COUNTY,105,84 Years,17,8,9,8,3,5,0,0,0,0,0,0,0,0,0,9,5,4
CROCKETT COUNTY,105,85 Years,14,6,8,6,3,3,0,0,0,0,0,0,0,0,0,8,3,5
CROCKETT COUNTY,105,86 Years,15,7,8,7,4,3,0,0,0,0,0,0,0,0,0,8,3,5
CROCKETT COUNTY,105,87 Years,15,5,10,7,3,4,0,0,0,0,0,0,0,0,0,8,2,6
CROCKETT COUNTY,105,88 Years,14,6,8,6,3,3,0,0,0,0,0,0,0,0,0,8,3,5
CROCKETT COUNTY,105,89 Years,11,5,6,5,2,3,0,0,0,0,0,0,0,0,0,6,3,3
CROCKETT COUNTY,105,90 Years,7,4,3,4,2,2,0,0,0,0,0,0,0,0,0,3,2,1
CROCKETT COUNTY,105,91 Years,9,5,4,4,2,2,0,0,0,0,0,0,0,0,0,5,3,2
CROCKETT COUNTY,105,92 Years,7,3,4,3,2,1,0,0,0,0,0,0,0,0,0,4,1,3
CROCKETT COUNTY,105,93 Years,4,1,3,1,1,0,1,0,1,0,0,0,0,0,0,2,0,2
CROCKETT COUNTY,105,94 Years,6,3,3,2,1,1,0,0,0,0,0,0,0,0,0,4,2,2
CROCKETT COUNTY,105,95 Years +,19,6,13,6,1,5,1,1,0,0,0,0,0,0,0,12,4,8
CROSBY COUNTY,107,All Ages,5702,2733,2969,2085,974,1111,185,78,107,2,0,2,68,36,32,3362,1645,1717
CROSBY COUNTY,107,< 1 Year,71,35,36,15,5,10,0,0,0,0,0,0,2,1,1,54,29,25
CROSBY COUNTY,107,1 Years,70,35,35,12,5,7,3,2,1,0,0,0,2,1,1,53,27,26
CROSBY COUNTY,107,2 Years,71,39,32,12,6,6,1,1,0,0,0,0,1,1,0,57,31,26
CROSBY COUNTY,107,3 Years,77,42,35,13,7,6,2,1,1,0,0,0,0,0,0,62,34,28
CROSBY COUNTY,107,4 Years,88,48,40,19,9,10,2,1,1,0,0,0,0,0,0,67,38,29
CROSBY COUNTY,107,5 Years,82,42,40,16,8,8,1,0,1,0,0,0,1,1,0,64,33,31
CROSBY COUNTY,107,6 Years,76,36,40,14,7,7,0,0,0,0,0,0,1,1,0,61,28,33
CROSBY COUNTY,107,7 Years,71,31,40,15,8,7,0,0,0,0,0,0,2,1,1,54,22,32
CROSBY COUNTY,107,8 Years,80,36,44,13,6,7,1,1,0,0,0,0,0,0,0,66,29,37
CROSBY COUNTY,107,9 Years,102,58,44,17,9,8,2,2,0,0,0,0,1,1,0,82,46,36
CROSBY COUNTY,107,10 Years,80,40,40,22,10,12,3,1,2,0,0,0,0,0,0,55,29,26
CROSBY COUNTY,107,11 Years,90,49,41,24,16,8,6,2,4,0,0,0,0,0,0,60,31,29
CROSBY COUNTY,107,12 Years,94,44,50,25,12,13,5,2,3,0,0,0,2,0,2,62,30,32
CROSBY COUNTY,107,13 Years,93,45,48,23,10,13,4,2,2,0,0,0,2,1,1,64,32,32
CROSBY COUNTY,107,14 Years,83,48,35,21,11,10,3,2,1,0,0,0,1,1,0,58,34,24
CROSBY COUNTY,107,15 Years,88,41,47,23,12,11,3,1,2,0,0,0,0,0,0,62,28,34
CROSBY COUNTY,107,16 Years,83,40,43,23,11,12,2,1,1,0,0,0,0,0,0,58,28,30
CROSBY COUNTY,107,17 Years,80,41,39,17,9,8,4,3,1,0,0,0,0,0,0,59,29,30
CROSBY COUNTY,107,18 Years,68,34,34,15,8,7,2,2,0,0,0,0,1,0,1,50,24,26
CROSBY COUNTY,107,19 Years,69,32,37,14,6,8,2,1,1,0,0,0,1,0,1,52,25,27
CROSBY COUNTY,107,20 Years,62,28,34,12,4,8,3,1,2,0,0,0,0,0,0,47,23,24
CROSBY COUNTY,107,21 Years,70,32,38,16,9,7,3,1,2,0,0,0,0,0,0,51,22,29
CROSBY COUNTY,107,22 Years,70,41,29,14,7,7,6,4,2,0,0,0,1,1,0,49,29,20
CROSBY COUNTY,107,23 Years,66,31,35,14,6,8,2,2,0,0,0,0,0,0,0,50,23,27
CROSBY COUNTY,107,24 Years,72,36,36,17,12,5,1,1,0,0,0,0,2,0,2,52,23,29
CROSBY COUNTY,107,25 Years,88,44,44,28,19,9,2,2,0,0,0,0,2,0,2,56,23,33
CROSBY COUNTY,107,26 Years,108,50,58,36,21,15,2,0,2,1,0,1,2,0,2,67,29,38
CROSBY COUNTY,107,27 Years,93,43,50,29,16,13,1,1,0,0,0,0,1,0,1,62,26,36
CROSBY COUNTY,107,28 Years,62,27,35,12,5,7,1,1,0,0,0,0,0,0,0,49,21,28
CROSBY COUNTY,107,29 Years,60,27,33,15,7,8,1,1,0,0,0,0,1,1,0,43,18,25
CROSBY COUNTY,107,30 Years,68,39,29,20,14,6,3,2,1,0,0,0,2,2,0,43,21,22
CROSBY COUNTY,107,31 Years,55,28,27,11,6,5,1,1,0,0,0,0,1,1,0,42,20,22
CROSBY COUNTY,107,32 Years,53,25,28,14,7,7,2,0,2,0,0,0,2,1,1,35,17,18
CROSBY COUNTY,107,33 Years,45,24,21,17,9,8,1,0,1,0,0,0,1,0,1,26,15,11
CROSBY COUNTY,107,34 Years,56,23,33,25,11,14,1,0,1,0,0,0,0,0,0,30,12,18
CROSBY COUNTY,107,35 Years,57,26,31,21,10,11,3,0,3,0,0,0,0,0,0,33,16,17
CROSBY COUNTY,107,36 Years,52,25,27,19,11,8,1,0,1,0,0,0,0,0,0,32,14,18
CROSBY COUNTY,107,37 Years,55,24,31,22,7,15,1,1,0,0,0,0,0,0,0,32,16,16
CROSBY COUNTY,107,38 Years,53,24,29,17,5,12,4,2,2,0,0,0,0,0,0,32,17,15
CROSBY COUNTY,107,39 Years,53,25,28,15,6,9,2,0,2,0,0,0,0,0,0,36,19,17
CROSBY COUNTY,107,40 Years,54,28,26,19,10,9,3,2,1,0,0,0,0,0,0,32,16,16
CROSBY COUNTY,107,41 Years,63,28,35,17,7,10,5,2,3,0,0,0,2,0,2,39,19,20
CROSBY COUNTY,107,42 Years,63,26,37,16,5,11,1,0,1,0,0,0,1,0,1,45,21,24
CROSBY COUNTY,107,43 Years,52,25,27,17,7,10,1,1,0,0,0,0,0,0,0,34,17,17
CROSBY COUNTY,107,44 Years,50,25,25,15,6,9,1,1,0,0,0,0,2,1,1,32,17,15
CROSBY COUNTY,107,45 Years,44,20,24,15,7,8,2,1,1,0,0,0,1,1,0,26,11,15
CROSBY COUNTY,107,46 Years,58,29,29,20,9,11,2,1,1,1,0,1,1,1,0,34,18,16
CROSBY COUNTY,107,47 Years,55,26,29,21,10,11,0,0,0,0,0,0,0,0,0,34,16,18
CROSBY COUNTY,107,48 Years,62,31,31,23,11,12,2,1,1,0,0,0,0,0,0,37,19,18
CROSBY COUNTY,107,49 Years,58,28,30,23,11,12,2,0,2,0,0,0,1,0,1,32,17,15
CROSBY COUNTY,107,50 Years,52,21,31,18,8,10,1,0,1,0,0,0,0,0,0,33,13,20
CROSBY COUNTY,107,51 Years,63,31,32,29,15,14,0,0,0,0,0,0,0,0,0,34,16,18
CROSBY COUNTY,107,52 Years,57,27,30,19,10,9,2,2,0,0,0,0,1,0,1,35,15,20
CROSBY COUNTY,107,53 Years,65,36,29,20,11,9,4,2,2,0,0,0,1,0,1,40,23,17
CROSBY COUNTY,107,54 Years,65,32,33,30,15,15,2,1,1,0,0,0,1,0,1,32,16,16
CROSBY COUNTY,107,55 Years,55,27,28,29,15,14,1,1,0,0,0,0,1,0,1,24,11,13
CROSBY COUNTY,107,56 Years,59,25,34,32,13,19,1,1,0,0,0,0,1,1,0,25,10,15
CROSBY COUNTY,107,57 Years,67,31,36,29,15,14,3,0,3,0,0,0,0,0,0,35,16,19
CROSBY COUNTY,107,58 Years,68,36,32,34,19,15,1,0,1,0,0,0,1,1,0,32,16,16
CROSBY COUNTY,107,59 Years,84,41,43,42,19,23,2,1,1,0,0,0,0,0,0,40,21,19
CROSBY COUNTY,107,60 Years,68,31,37,35,13,22,1,1,0,0,0,0,0,0,0,32,17,15
CROSBY COUNTY,107,61 Years,71,31,40,37,15,22,4,2,2,0,0,0,1,1,0,29,13,16
CROSBY COUNTY,107,62 Years,76,38,38,38,17,21,2,1,1,0,0,0,1,1,0,35,19,16
CROSBY COUNTY,107,63 Years,81,41,40,45,25,20,2,1,1,0,0,0,1,1,0,33,14,19
CROSBY COUNTY,107,64 Years,62,32,30,34,15,19,0,0,0,0,0,0,2,2,0,26,15,11
CROSBY COUNTY,107,65 Years,67,31,36,33,14,19,1,1,0,0,0,0,0,0,0,33,16,17
CROSBY COUNTY,107,66 Years,66,32,34,36,19,17,3,0,3,0,0,0,2,1,1,25,12,13
CROSBY COUNTY,107,67 Years,71,37,34,36,17,19,2,0,2,0,0,0,2,1,1,31,19,12
CROSBY COUNTY,107,68 Years,69,37,32,40,20,20,1,0,1,0,0,0,1,0,1,27,17,10
CROSBY COUNTY,107,69 Years,59,27,32,39,17,22,1,0,1,0,0,0,0,0,0,19,10,9
CROSBY COUNTY,107,70 Years,69,32,37,41,18,23,2,0,2,0,0,0,1,0,1,25,14,11
CROSBY COUNTY,107,71 Years,72,29,43,41,18,23,2,0,2,0,0,0,1,0,1,28,11,17
CROSBY COUNTY,107,72 Years,47,24,23,26,14,12,2,1,1,0,0,0,0,0,0,19,9,10
CROSBY COUNTY,107,73 Years,52,30,22,26,14,12,2,0,2,0,0,0,2,2,0,22,14,8
CROSBY COUNTY,107,74 Years,69,29,40,36,15,21,2,0,2,0,0,0,3,3,0,28,11,17
CROSBY COUNTY,107,75 Years,60,25,35,39,17,22,0,0,0,0,0,0,1,1,0,20,7,13
CROSBY COUNTY,107,76 Years,64,28,36,38,15,23,2,1,1,0,0,0,1,0,1,23,12,11
CROSBY COUNTY,107,77 Years,56,28,28,37,17,20,3,1,2,0,0,0,0,0,0,16,10,6
CROSBY COUNTY,107,78 Years,46,18,28,28,13,15,2,0,2,0,0,0,0,0,0,16,5,11
CROSBY COUNTY,107,79 Years,43,18,25,26,11,15,1,0,1,0,0,0,0,0,0,16,7,9
CROSBY COUNTY,107,80 Years,39,15,24,27,9,18,1,1,0,0,0,0,1,1,0,10,4,6
CROSBY COUNTY,107,81 Years,28,10,18,18,6,12,1,0,1,0,0,0,1,1,0,8,3,5
CROSBY COUNTY,107,82 Years,36,17,19,20,9,11,2,1,1,0,0,0,1,1,0,13,6,7
CROSBY COUNTY,107,83 Years,29,13,16,15,6,9,0,0,0,0,0,0,0,0,0,14,7,7
CROSBY COUNTY,107,84 Years,25,12,13,15,7,8,2,0,2,0,0,0,0,0,0,8,5,3
CROSBY COUNTY,107,85 Years,23,11,12,11,5,6,3,1,2,0,0,0,0,0,0,9,5,4
CROSBY COUNTY,107,86 Years,20,5,15,8,2,6,4,1,3,0,0,0,0,0,0,8,2,6
CROSBY COUNTY,107,87 Years,24,7,17,13,3,10,3,0,3,0,0,0,0,0,0,8,4,4
CROSBY COUNTY,107,88 Years,18,5,13,10,2,8,2,1,1,0,0,0,0,0,0,6,2,4
CROSBY COUNTY,107,89 Years,15,6,9,7,2,5,1,1,0,0,0,0,0,0,0,7,3,4
CROSBY COUNTY,107,90 Years,11,4,7,5,1,4,0,0,0,0,0,0,0,0,0,6,3,3
CROSBY COUNTY,107,91 Years,14,3,11,8,1,7,2,0,2,0,0,0,0,0,0,4,2,2
CROSBY COUNTY,107,92 Years,10,4,6,6,2,4,2,0,2,0,0,0,0,0,0,2,2,0
CROSBY COUNTY,107,93 Years,8,3,5,3,1,2,1,0,1,0,0,0,0,0,0,4,2,2
CROSBY COUNTY,107,94 Years,5,2,3,2,1,1,0,0,0,0,0,0,0,0,0,3,1,2
CROSBY COUNTY,107,95 Years +,21,7,14,11,3,8,3,1,2,0,0,0,0,0,0,7,3,4
CULBERSON COUNTY,109,All Ages,2211,1021,1190,522,269,253,7,5,2,22,7,15,43,21,22,1617,719,898
CULBERSON COUNTY,109,< 1 Year,30,13,17,3,2,1,0,0,0,1,0,1,1,0,1,25,11,14
CULBERSON COUNTY,109,1 Years,33,12,21,3,2,1,0,0,0,2,0,2,1,0,1,27,10,17
CULBERSON COUNTY,109,2 Years,31,12,19,5,2,3,0,0,0,1,0,1,1,0,1,24,10,14
CULBERSON COUNTY,109,3 Years,35,16,19,6,2,4,0,0,0,0,0,0,1,1,0,28,13,15
CULBERSON COUNTY,109,4 Years,30,16,14,7,3,4,0,0,0,0,0,0,1,1,0,22,12,10
CULBERSON COUNTY,109,5 Years,29,14,15,6,3,3,0,0,0,0,0,0,1,0,1,22,11,11
CULBERSON COUNTY,109,6 Years,25,11,14,6,3,3,0,0,0,0,0,0,0,0,0,19,8,11
CULBERSON COUNTY,109,7 Years,23,9,14,4,2,2,0,0,0,0,0,0,1,0,1,18,7,11
CULBERSON COUNTY,109,8 Years,22,7,15,4,1,3,0,0,0,0,0,0,1,0,1,17,6,11
CULBERSON COUNTY,109,9 Years,25,7,18,4,2,2,0,0,0,0,0,0,0,0,0,21,5,16
CULBERSON COUNTY,109,10 Years,26,10,16,6,4,2,0,0,0,0,0,0,0,0,0,20,6,14
CULBERSON COUNTY,109,11 Years,27,15,12,4,3,1,0,0,0,0,0,0,0,0,0,23,12,11
CULBERSON COUNTY,109,12 Years,20,10,10,3,1,2,0,0,0,0,0,0,0,0,0,17,9,8
CULBERSON COUNTY,109,13 Years,21,8,13,5,2,3,0,0,0,0,0,0,0,0,0,16,6,10
CULBERSON COUNTY,109,14 Years,18,7,11,3,1,2,0,0,0,0,0,0,0,0,0,15,6,9
CULBERSON COUNTY,109,15 Years,19,8,11,2,0,2,0,0,0,0,0,0,0,0,0,17,8,9
CULBERSON COUNTY,109,16 Years,23,11,12,5,3,2,0,0,0,0,0,0,0,0,0,18,8,10
CULBERSON COUNTY,109,17 Years,19,10,9,4,3,1,1,1,0,0,0,0,0,0,0,14,6,8
CULBERSON COUNTY,109,18 Years,21,12,9,6,4,2,0,0,0,0,0,0,0,0,0,15,8,7
CULBERSON COUNTY,109,19 Years,19,9,10,6,3,3,0,0,0,0,0,0,1,1,0,12,5,7
CULBERSON COUNTY,109,20 Years,17,10,7,5,3,2,0,0,0,0,0,0,1,1,0,11,6,5
CULBERSON COUNTY,109,21 Years,23,14,9,6,4,2,0,0,0,0,0,0,1,1,0,16,9,7
CULBERSON COUNTY,109,22 Years,22,13,9,7,4,3,0,0,0,0,0,0,2,2,0,13,7,6
CULBERSON COUNTY,109,23 Years,24,12,12,5,2,3,0,0,0,0,0,0,2,2,0,17,8,9
CULBERSON COUNTY,109,24 Years,28,12,16,7,2,5,0,0,0,0,0,0,2,1,1,19,9,10
CULBERSON COUNTY,109,25 Years,27,14,13,5,3,2,0,0,0,0,0,0,2,1,1,20,10,10
CULBERSON COUNTY,109,26 Years,25,14,11,3,3,0,0,0,0,1,1,0,1,0,1,20,10,10
CULBERSON COUNTY,109,27 Years,28,11,17,6,3,3,0,0,0,0,0,0,1,0,1,21,8,13
CULBERSON COUNTY,109,28 Years,26,10,16,4,1,3,0,0,0,0,0,0,0,0,0,22,9,13
CULBERSON COUNTY,109,29 Years,32,16,16,3,0,3,0,0,0,0,0,0,2,1,1,27,15,12
CULBERSON COUNTY,109,30 Years,33,14,19,5,3,2,0,0,0,0,0,0,1,0,1,27,11,16
CULBERSON COUNTY,109,31 Years,23,12,11,3,2,1,0,0,0,1,1,0,0,0,0,19,9,10
CULBERSON COUNTY,109,32 Years,23,13,10,4,2,2,0,0,0,1,1,0,0,0,0,18,10,8
CULBERSON COUNTY,109,33 Years,24,9,15,6,1,5,0,0,0,0,0,0,0,0,0,18,8,10
CULBERSON COUNTY,109,34 Years,22,9,13,8,4,4,1,1,0,0,0,0,0,0,0,13,4,9
CULBERSON COUNTY,109,35 Years,17,11,6,5,5,0,0,0,0,0,0,0,0,0,0,12,6,6
CULBERSON COUNTY,109,36 Years,24,10,14,4,2,2,0,0,0,1,0,1,1,1,0,18,7,11
CULBERSON COUNTY,109,37 Years,27,14,13,5,3,2,0,0,0,0,0,0,0,0,0,22,11,11
CULBERSON COUNTY,109,38 Years,26,11,15,6,4,2,0,0,0,2,1,1,0,0,0,18,6,12
CULBERSON COUNTY,109,39 Years,28,11,17,5,2,3,0,0,0,1,0,1,1,0,1,21,9,12
CULBERSON COUNTY,109,40 Years,22,10,12,2,0,2,0,0,0,1,0,1,0,0,0,19,10,9
CULBERSON COUNTY,109,41 Years,24,9,15,6,2,4,0,0,0,1,0,1,0,0,0,17,7,10
CULBERSON COUNTY,109,42 Years,24,12,12,7,3,4,0,0,0,0,0,0,0,0,0,17,9,8
CULBERSON COUNTY,109,43 Years,19,12,7,6,3,3,0,0,0,0,0,0,0,0,0,13,9,4
CULBERSON COUNTY,109,44 Years,19,9,10,3,1,2,0,0,0,1,1,0,0,0,0,15,7,8
CULBERSON COUNTY,109,45 Years,24,7,17,6,1,5,0,0,0,1,0,1,0,0,0,17,6,11
CULBERSON COUNTY,109,46 Years,25,14,11,4,3,1,0,0,0,0,0,0,0,0,0,21,11,10
CULBERSON COUNTY,109,47 Years,26,15,11,5,4,1,0,0,0,0,0,0,0,0,0,21,11,10
CULBERSON COUNTY,109,48 Years,26,15,11,6,4,2,0,0,0,0,0,0,0,0,0,20,11,9
CULBERSON COUNTY,109,49 Years,24,12,12,7,5,2,1,1,0,0,0,0,1,0,1,15,6,9
CULBERSON COUNTY,109,50 Years,22,9,13,3,2,1,1,0,1,0,0,0,0,0,0,18,7,11
CULBERSON COUNTY,109,51 Years,27,15,12,3,3,0,0,0,0,1,0,1,0,0,0,23,12,11
CULBERSON COUNTY,109,52 Years,30,15,15,6,4,2,0,0,0,0,0,0,1,0,1,23,11,12
CULBERSON COUNTY,109,53 Years,31,15,16,8,5,3,0,0,0,0,0,0,0,0,0,23,10,13
CULBERSON COUNTY,109,54 Years,34,17,17,8,4,4,0,0,0,1,1,0,0,0,0,25,12,13
CULBERSON COUNTY,109,55 Years,30,13,17,6,3,3,0,0,0,0,0,0,0,0,0,24,10,14
CULBERSON COUNTY,109,56 Years,27,11,16,7,3,4,0,0,0,0,0,0,1,0,1,19,8,11
CULBERSON COUNTY,109,57 Years,33,18,15,8,5,3,0,0,0,1,1,0,1,0,1,23,12,11
CULBERSON COUNTY,109,58 Years,32,16,16,4,2,2,0,0,0,0,0,0,0,0,0,28,14,14
CULBERSON COUNTY,109,59 Years,27,11,16,4,2,2,0,0,0,0,0,0,0,0,0,23,9,14
CULBERSON COUNTY,109,60 Years,28,15,13,6,3,3,0,0,0,0,0,0,1,1,0,21,11,10
CULBERSON COUNTY,109,61 Years,35,18,17,10,4,6,0,0,0,0,0,0,1,1,0,24,13,11
CULBERSON COUNTY,109,62 Years,32,15,17,8,3,5,0,0,0,0,0,0,2,0,2,22,12,10
CULBERSON COUNTY,109,63 Years,32,15,17,9,5,4,0,0,0,0,0,0,1,0,1,22,10,12
CULBERSON COUNTY,109,64 Years,34,15,19,9,5,4,0,0,0,0,0,0,0,0,0,25,10,15
CULBERSON COUNTY,109,65 Years,27,12,15,9,5,4,0,0,0,0,0,0,1,1,0,17,6,11
CULBERSON COUNTY,109,66 Years,30,11,19,10,4,6,0,0,0,0,0,0,3,2,1,17,5,12
CULBERSON COUNTY,109,67 Years,33,14,19,11,5,6,0,0,0,0,0,0,0,0,0,22,9,13
CULBERSON COUNTY,109,68 Years,29,10,19,7,1,6,0,0,0,1,0,1,0,0,0,21,9,12
CULBERSON COUNTY,109,69 Years,30,12,18,9,3,6,0,0,0,1,0,1,0,0,0,20,9,11
CULBERSON COUNTY,109,70 Years,30,16,14,9,6,3,0,0,0,0,0,0,1,1,0,20,9,11
CULBERSON COUNTY,109,71 Years,28,15,13,8,6,2,0,0,0,0,0,0,1,1,0,19,8,11
CULBERSON COUNTY,109,72 Years,24,9,15,6,4,2,0,0,0,0,0,0,1,0,1,17,5,12
CULBERSON COUNTY,109,73 Years,21,7,14,6,3,3,0,0,0,0,0,0,0,0,0,15,4,11
CULBERSON COUNTY,109,74 Years,18,7,11,7,3,4,0,0,0,0,0,0,0,0,0,11,4,7
CULBERSON COUNTY,109,75 Years,24,14,10,12,7,5,0,0,0,0,0,0,1,1,0,11,6,5
CULBERSON COUNTY,109,76 Years,17,8,9,6,4,2,0,0,0,0,0,0,0,0,0,11,4,7
CULBERSON COUNTY,109,77 Years,15,7,8,7,3,4,0,0,0,0,0,0,0,0,0,8,4,4
CULBERSON COUNTY,109,78 Years,16,5,11,6,1,5,0,0,0,0,0,0,0,0,0,10,4,6
CULBERSON COUNTY,109,79 Years,11,3,8,3,1,2,0,0,0,0,0,0,0,0,0,8,2,6
CULBERSON COUNTY,109,80 Years,16,9,7,6,5,1,2,1,1,0,0,0,0,0,0,8,3,5
CULBERSON COUNTY,109,81 Years,14,6,8,4,2,2,1,1,0,0,0,0,0,0,0,9,3,6
CULBERSON COUNTY,109,82 Years,18,6,12,7,2,5,0,0,0,1,0,1,0,0,0,10,4,6
CULBERSON COUNTY,109,83 Years,16,6,10,7,2,5,0,0,0,0,0,0,0,0,0,9,4,5
CULBERSON COUNTY,109,84 Years,13,5,8,2,1,1,0,0,0,0,0,0,0,0,0,11,4,7
CULBERSON COUNTY,109,85 Years,11,4,7,2,1,1,0,0,0,1,0,1,0,0,0,8,3,5
CULBERSON COUNTY,109,86 Years,8,4,4,3,2,1,0,0,0,0,0,0,0,0,0,5,2,3
CULBERSON COUNTY,109,87 Years,13,8,5,4,4,0,0,0,0,0,0,0,0,0,0,9,4,5
CULBERSON COUNTY,109,88 Years,13,5,8,5,3,2,0,0,0,0,0,0,0,0,0,8,2,6
CULBERSON COUNTY,109,89 Years,9,5,4,5,3,2,0,0,0,0,0,0,0,0,0,4,2,2
CULBERSON COUNTY,109,90 Years,10,5,5,4,3,1,0,0,0,0,0,0,0,0,0,6,2,4
CULBERSON COUNTY,109,91 Years,9,4,5,4,1,3,0,0,0,0,0,0,0,0,0,5,3,2
CULBERSON COUNTY,109,92 Years,6,4,2,3,2,1,0,0,0,0,0,0,0,0,0,3,2,1
CULBERSON COUNTY,109,93 Years,7,4,3,2,2,0,0,0,0,0,0,0,0,0,0,5,2,3
CULBERSON COUNTY,109,94 Years,4,2,2,1,1,0,0,0,0,0,0,0,0,0,0,3,1,2
CULBERSON COUNTY,109,95 Years +,9,4,5,2,1,1,0,0,0,0,0,0,0,0,0,7,3,4
DALLAM COUNTY,111,All Ages,7053,3651,3402,3387,1717,1670,88,49,39,35,19,16,282,161,121,3261,1705,1556
DALLAM COUNTY,111,< 1 Year,133,65,68,41,21,20,0,0,0,0,0,0,31,16,15,61,28,33
DALLAM COUNTY,111,1 Years,128,65,63,36,18,18,0,0,0,0,0,0,29,15,14,63,32,31
DALLAM COUNTY,111,2 Years,130,68,62,36,17,19,1,0,1,0,0,0,20,13,7,73,38,35
DALLAM COUNTY,111,3 Years,130,70,60,37,18,19,0,0,0,0,0,0,16,11,5,77,41,36
DALLAM COUNTY,111,4 Years,126,66,60,39,18,21,1,0,1,0,0,0,14,10,4,72,38,34
DALLAM COUNTY,111,5 Years,117,63,54,41,20,21,0,0,0,0,0,0,12,7,5,64,36,28
DALLAM COUNTY,111,6 Years,113,58,55,44,21,23,0,0,0,0,0,0,11,7,4,58,30,28
DALLAM COUNTY,111,7 Years,121,63,58,49,24,25,2,1,1,0,0,0,7,4,3,63,34,29
DALLAM COUNTY,111,8 Years,123,57,66,55,24,31,1,0,1,0,0,0,4,2,2,63,31,32
DALLAM COUNTY,111,9 Years,102,49,53,43,20,23,0,0,0,0,0,0,4,2,2,55,27,28
DALLAM COUNTY,111,10 Years,124,65,59,53,27,26,0,0,0,0,0,0,2,1,1,69,37,32
DALLAM COUNTY,111,11 Years,125,67,58,51,24,27,0,0,0,2,0,2,4,3,1,68,40,28
DALLAM COUNTY,111,12 Years,124,57,67,49,22,27,1,0,1,1,0,1,5,3,2,68,32,36
DALLAM COUNTY,111,13 Years,137,68,69,55,26,29,3,3,0,0,0,0,4,2,2,75,37,38
DALLAM COUNTY,111,14 Years,108,55,53,50,26,24,1,1,0,0,0,0,7,3,4,50,25,25
DALLAM COUNTY,111,15 Years,120,66,54,42,21,21,1,0,1,1,0,1,7,6,1,69,39,30
DALLAM COUNTY,111,16 Years,125,65,60,52,27,25,1,0,1,2,1,1,4,3,1,66,34,32
DALLAM COUNTY,111,17 Years,113,63,50,44,23,21,1,0,1,0,0,0,2,1,1,66,39,27
DALLAM COUNTY,111,18 Years,98,51,47,37,17,20,1,0,1,0,0,0,1,0,1,59,34,25
DALLAM COUNTY,111,19 Years,96,44,52,43,16,27,1,0,1,0,0,0,3,1,2,49,27,22
DALLAM COUNTY,111,20 Years,95,48,47,35,18,17,1,0,1,3,2,1,3,1,2,53,27,26
DALLAM COUNTY,111,21 Years,89,48,41,31,16,15,0,0,0,2,2,0,3,1,2,53,29,24
DALLAM COUNTY,111,22 Years,92,49,43,37,17,20,1,1,0,0,0,0,1,1,0,53,30,23
DALLAM COUNTY,111,23 Years,97,52,45,44,22,22,1,0,1,0,0,0,2,1,1,50,29,21
DALLAM COUNTY,111,24 Years,100,56,44,40,23,17,2,0,2,0,0,0,1,1,0,57,32,25
DALLAM COUNTY,111,25 Years,103,57,46,50,31,19,2,2,0,0,0,0,1,1,0,50,23,27
DALLAM COUNTY,111,26 Years,119,60,59,61,31,30,1,1,0,0,0,0,3,2,1,54,26,28
DALLAM COUNTY,111,27 Years,107,53,54,57,30,27,1,0,1,0,0,0,2,1,1,47,22,25
DALLAM COUNTY,111,28 Years,105,52,53,49,25,24,2,0,2,0,0,0,0,0,0,54,27,27
DALLAM COUNTY,111,29 Years,98,47,51,38,20,18,1,0,1,0,0,0,1,1,0,58,26,32
DALLAM COUNTY,111,30 Years,95,50,45,40,21,19,2,1,1,0,0,0,1,1,0,52,27,25
DALLAM COUNTY,111,31 Years,95,46,49,49,25,24,2,1,1,0,0,0,1,1,0,43,19,24
DALLAM COUNTY,111,32 Years,84,35,49,40,18,22,1,0,1,2,1,1,1,0,1,40,16,24
DALLAM COUNTY,111,33 Years,105,45,60,57,22,35,1,1,0,1,1,0,2,1,1,44,20,24
DALLAM COUNTY,111,34 Years,104,48,56,59,24,35,3,1,2,1,1,0,4,3,1,37,19,18
DALLAM COUNTY,111,35 Years,103,48,55,60,23,37,1,1,0,1,1,0,2,2,0,39,21,18
DALLAM COUNTY,111,36 Years,98,46,52,58,23,35,1,1,0,0,0,0,1,1,0,38,21,17
DALLAM COUNTY,111,37 Years,90,50,40,49,24,25,1,1,0,1,0,1,2,1,1,37,24,13
DALLAM COUNTY,111,38 Years,87,48,39,47,24,23,1,1,0,1,1,0,0,0,0,38,22,16
DALLAM COUNTY,111,39 Years,96,59,37,47,30,17,3,2,1,1,1,0,3,1,2,42,25,17
DALLAM COUNTY,111,40 Years,82,44,38,45,24,21,1,1,0,1,0,1,1,0,1,34,19,15
DALLAM COUNTY,111,41 Years,82,42,40,38,18,20,1,0,1,1,1,0,1,0,1,41,23,18
DALLAM COUNTY,111,42 Years,72,32,40,35,13,22,2,2,0,1,0,1,4,2,2,30,15,15
DALLAM COUNTY,111,43 Years,76,38,38,31,15,16,2,1,1,1,0,1,1,1,0,41,21,20
DALLAM COUNTY,111,44 Years,89,49,40,44,25,19,2,1,1,1,0,1,0,0,0,42,23,19
DALLAM COUNTY,111,45 Years,91,41,50,47,22,25,2,1,1,1,1,0,1,0,1,40,17,23
DALLAM COUNTY,111,46 Years,97,50,47,49,28,21,0,0,0,1,1,0,2,1,1,45,20,25
DALLAM COUNTY,111,47 Years,90,44,46,49,25,24,0,0,0,0,0,0,3,1,2,38,18,20
DALLAM COUNTY,111,48 Years,86,42,44,46,21,25,1,0,1,0,0,0,2,1,1,37,20,17
DALLAM COUNTY,111,49 Years,83,46,37,46,26,20,0,0,0,0,0,0,2,1,1,35,19,16
DALLAM COUNTY,111,50 Years,90,56,34,49,28,21,1,1,0,0,0,0,1,1,0,39,26,13
DALLAM COUNTY,111,51 Years,92,48,44,51,28,23,1,1,0,0,0,0,1,1,0,39,18,21
DALLAM COUNTY,111,52 Years,81,40,41,45,24,21,0,0,0,1,1,0,1,0,1,34,15,19
DALLAM COUNTY,111,53 Years,85,49,36,44,22,22,0,0,0,1,1,0,2,2,0,38,24,14
DALLAM COUNTY,111,54 Years,90,56,34,50,28,22,2,2,0,0,0,0,1,1,0,37,25,12
DALLAM COUNTY,111,55 Years,80,47,33,47,26,21,2,2,0,0,0,0,3,1,2,28,18,10
DALLAM COUNTY,111,56 Years,100,64,36,53,31,22,2,2,0,1,0,1,1,1,0,43,30,13
DALLAM COUNTY,111,57 Years,92,57,35,56,35,21,1,1,0,2,0,2,0,0,0,33,21,12
DALLAM COUNTY,111,58 Years,70,41,29,40,22,18,1,1,0,0,0,0,3,2,1,26,16,10
DALLAM COUNTY,111,59 Years,69,41,28,39,22,17,1,0,1,0,0,0,2,1,1,27,18,9
DALLAM COUNTY,111,60 Years,68,36,32,44,27,17,0,0,0,1,1,0,1,0,1,22,8,14
DALLAM COUNTY,111,61 Years,66,36,30,44,27,17,1,1,0,0,0,0,2,0,2,19,8,11
DALLAM COUNTY,111,62 Years,66,32,34,42,21,21,1,1,0,0,0,0,2,1,1,21,9,12
DALLAM COUNTY,111,63 Years,56,28,28,35,18,17,0,0,0,0,0,0,1,1,0,20,9,11
DALLAM COUNTY,111,64 Years,54,30,24,32,18,14,3,2,1,1,1,0,1,0,1,17,9,8
DALLAM COUNTY,111,65 Years,65,34,31,45,23,22,2,1,1,1,0,1,1,0,1,16,10,6
DALLAM COUNTY,111,66 Years,64,38,26,46,29,17,2,1,1,0,0,0,1,0,1,15,8,7
DALLAM COUNTY,111,67 Years,48,27,21,33,19,14,2,1,1,0,0,0,1,1,0,12,6,6
DALLAM COUNTY,111,68 Years,43,22,21,29,16,13,1,1,0,0,0,0,1,0,1,12,5,7
DALLAM COUNTY,111,69 Years,46,25,21,32,18,14,1,1,0,0,0,0,1,1,0,12,5,7
DALLAM COUNTY,111,70 Years,43,21,22,30,15,15,0,0,0,0,0,0,1,1,0,12,5,7
DALLAM COUNTY,111,71 Years,39,16,23,28,12,16,0,0,0,0,0,0,0,0,0,11,4,7
DALLAM COUNTY,111,72 Years,35,16,19,22,11,11,0,0,0,0,0,0,3,1,2,10,4,6
DALLAM COUNTY,111,73 Years,25,11,14,14,7,7,1,0,1,1,1,0,1,0,1,8,3,5
DALLAM COUNTY,111,74 Years,25,12,13,16,8,8,1,1,0,0,0,0,0,0,0,8,3,5
DALLAM COUNTY,111,75 Years,25,10,15,15,7,8,2,0,2,0,0,0,0,0,0,8,3,5
DALLAM COUNTY,111,76 Years,22,7,15,14,4,10,0,0,0,0,0,0,0,0,0,8,3,5
DALLAM COUNTY,111,77 Years,21,10,11,13,7,6,0,0,0,0,0,0,1,1,0,7,2,5
DALLAM COUNTY,111,78 Years,24,13,11,14,8,6,1,1,0,0,0,0,2,2,0,7,2,5
DALLAM COUNTY,111,79 Years,17,9,8,8,5,3,1,0,1,0,0,0,1,1,0,7,3,4
DALLAM COUNTY,111,80 Years,14,7,7,7,3,4,1,0,1,0,0,0,1,1,0,5,3,2
DALLAM COUNTY,111,81 Years,12,6,6,7,3,4,0,0,0,0,0,0,0,0,0,5,3,2
DALLAM COUNTY,111,82 Years,12,5,7,8,4,4,0,0,0,0,0,0,0,0,0,4,1,3
DALLAM COUNTY,111,83 Years,10,4,6,6,3,3,0,0,0,0,0,0,0,0,0,4,1,3
DALLAM COUNTY,111,84 Years,10,6,4,4,3,1,0,0,0,0,0,0,0,0,0,6,3,3
DALLAM COUNTY,111,85 Years,10,7,3,5,3,2,2,2,0,0,0,0,0,0,0,3,2,1
DALLAM COUNTY,111,86 Years,12,7,5,5,2,3,1,1,0,0,0,0,1,1,0,5,3,2
DALLAM COUNTY,111,87 Years,10,5,5,6,3,3,0,0,0,0,0,0,1,1,0,3,1,2
DALLAM COUNTY,111,88 Years,7,2,5,5,2,3,0,0,0,0,0,0,0,0,0,2,0,2
DALLAM COUNTY,111,89 Years,10,3,7,7,2,5,0,0,0,0,0,0,0,0,0,3,1,2
DALLAM COUNTY,111,90 Years,11,4,7,6,2,4,0,0,0,0,0,0,1,0,1,4,2,2
DALLAM COUNTY,111,91 Years,6,2,4,3,1,2,0,0,0,0,0,0,1,0,1,2,1,1
DALLAM COUNTY,111,92 Years,5,3,2,4,2,2,0,0,0,0,0,0,0,0,0,1,1,0
DALLAM COUNTY,111,93 Years,4,1,3,3,1,2,0,0,0,0,0,0,0,0,0,1,0,1
DALLAM COUNTY,111,94 Years,5,2,3,2,1,1,0,0,0,0,0,0,1,0,1,2,1,1
DALLAM COUNTY,111,95 Years +,11,5,6,4,2,2,0,0,0,0,0,0,2,0,2,5,3,2
DALLAS COUNTY,113,All Ages,2647576,1301051,1346525,749891,368667,381224,598992,277257,321735,177261,87852,89409,55271,26603,28668,1066161,540672,525489
DALLAS COUNTY,113,< 1 Year,38717,19710,19007,6936,3532,3404,8312,4184,4128,1949,1018,931,1501,781,720,20019,10195,9824
DALLAS COUNTY,113,1 Years,39041,19855,19186,6920,3508,3412,8338,4244,4094,2083,1074,1009,1538,787,751,20162,10242,9920
DALLAS COUNTY,113,2 Years,40150,20500,19650,7104,3621,3483,8572,4360,4212,2200,1126,1074,1606,816,790,20668,10577,10091
DALLAS COUNTY,113,3 Years,41108,20978,20130,7327,3735,3592,8771,4473,4298,2436,1240,1196,1635,828,807,20939,10702,10237
DALLAS COUNTY,113,4 Years,41480,21178,20302,7519,3858,3661,8868,4497,4371,2538,1289,1249,1604,818,786,20951,10716,10235
DALLAS COUNTY,113,5 Years,41141,21036,20105,7478,3851,3627,8851,4484,4367,2581,1334,1247,1540,793,747,20691,10574,10117
DALLAS COUNTY,113,6 Years,40758,20913,19845,7320,3788,3532,8803,4493,4310,2559,1331,1228,1501,776,725,20575,10525,10050
DALLAS COUNTY,113,7 Years,40415,20699,19716,7184,3699,3485,8780,4488,4292,2505,1311,1194,1431,744,687,20515,10457,10058
DALLAS COUNTY,113,8 Years,40776,20773,20003,7130,3658,3472,8906,4538,4368,2464,1281,1183,1372,714,658,20904,10582,10322
DALLAS COUNTY,113,9 Years,37480,18950,18530,6399,3295,3104,8182,4171,4011,2099,1089,1010,1160,582,578,19640,9813,9827
DALLAS COUNTY,113,10 Years,38474,19427,19047,6463,3283,3180,8509,4295,4214,2152,1094,1058,1171,569,602,20179,10186,9993
DALLAS COUNTY,113,11 Years,39379,20014,19365,6529,3287,3242,8674,4445,4229,2194,1102,1092,1189,587,602,20793,10593,10200
DALLAS COUNTY,113,12 Years,39374,20089,19285,6502,3335,3167,8692,4482,4210,2155,1071,1084,1076,514,562,20949,10687,10262
DALLAS COUNTY,113,13 Years,38740,19674,19066,6375,3267,3108,8603,4380,4223,2137,1077,1060,1027,500,527,20598,10450,10148
DALLAS COUNTY,113,14 Years,37904,19234,18670,6343,3236,3107,8345,4237,4108,2107,1070,1037,924,453,471,20185,10238,9947
DALLAS COUNTY,113,15 Years,37101,18877,18224,6313,3223,3090,8140,4093,4047,2096,1095,1001,887,439,448,19665,10027,9638
DALLAS COUNTY,113,16 Years,36979,18784,18195,6413,3288,3125,8025,4027,3998,2192,1113,1079,857,430,427,19492,9926,9566
DALLAS COUNTY,113,17 Years,37888,19247,18641,6740,3428,3312,8116,4086,4030,2226,1117,1109,783,395,388,20023,10221,9802
DALLAS COUNTY,113,18 Years,37404,19130,18274,6794,3537,3257,7733,3961,3772,2333,1190,1143,767,368,399,19777,10074,9703
DALLAS COUNTY,113,19 Years,35192,17914,17278,6357,3251,3106,7447,3761,3686,2161,1081,1080,752,375,377,18475,9446,9029
DALLAS COUNTY,113,20 Years,34357,17346,17011,6481,3304,3177,7311,3690,3621,2095,1076,1019,771,359,412,17699,8917,8782
DALLAS COUNTY,113,21 Years,34646,17424,17222,6865,3496,3369,7654,3871,3783,2175,1112,1063,822,382,440,17130,8563,8567
DALLAS COUNTY,113,22 Years,35930,17880,18050,7711,3905,3806,8233,4067,4166,2368,1140,1228,828,394,434,16790,8374,8416
DALLAS COUNTY,113,23 Years,37637,18595,19042,8618,4324,4294,8786,4378,4408,2651,1279,1372,890,436,454,16692,8178,8514
DALLAS COUNTY,113,24 Years,39922,19856,20066,9680,4914,4766,9678,4777,4901,2907,1437,1470,994,474,520,16663,8254,8409
DALLAS COUNTY,113,25 Years,41356,20421,20935,10412,5300,5112,10298,5006,5292,3169,1479,1690,996,467,529,16481,8169,8312
DALLAS COUNTY,113,26 Years,41574,20518,21056,10426,5335,5091,10945,5285,5660,2926,1397,1529,1001,445,556,16276,8056,8220
DALLAS COUNTY,113,27 Years,41136,20376,20760,10536,5378,5158,10920,5310,5610,2911,1401,1510,922,419,503,15847,7868,7979
DALLAS COUNTY,113,28 Years,41365,20524,20841,10767,5527,5240,10896,5222,5674,3021,1519,1502,924,437,487,15757,7819,7938
DALLAS COUNTY,113,29 Years,41169,20507,20662,10878,5655,5223,10778,5054,5724,3184,1595,1589,914,423,491,15415,7780,7635
DALLAS COUNTY,113,30 Years,40175,19956,20219,10711,5421,5290,10292,4788,5504,3334,1632,1702,844,369,475,14994,7746,7248
DALLAS COUNTY,113,31 Years,40408,20170,20238,11154,5566,5588,9833,4529,5304,3402,1836,1566,838,361,477,15181,7878,7303
DALLAS COUNTY,113,32 Years,40572,20065,20507,11616,5724,5892,9475,4347,5128,3370,1721,1649,810,325,485,15301,7948,7353
DALLAS COUNTY,113,33 Years,40916,20075,20841,11984,5890,6094,9375,4195,5180,3517,1762,1755,816,369,447,15224,7859,7365
DALLAS COUNTY,113,34 Years,39745,19678,20067,11637,5729,5908,9008,4060,4948,3389,1812,1577,757,340,417,14954,7737,7217
DALLAS COUNTY,113,35 Years,38963,19247,19716,11118,5612,5506,8733,3935,4798,3586,1739,1847,726,337,389,14800,7624,7176
DALLAS COUNTY,113,36 Years,39776,19588,20188,11060,5633,5427,8866,3942,4924,3717,1786,1931,776,354,422,15357,7873,7484
DALLAS COUNTY,113,37 Years,39263,19466,19797,10737,5457,5280,8712,3880,4832,3575,1767,1808,775,357,418,15464,8005,7459
DALLAS COUNTY,113,38 Years,38868,19159,19709,10416,5273,5143,8738,3859,4879,3375,1609,1766,665,317,348,15674,8101,7573
DALLAS COUNTY,113,39 Years,38768,19194,19574,9936,5084,4852,8756,3835,4921,3356,1650,1706,691,339,352,16029,8286,7743
DALLAS COUNTY,113,40 Years,36363,18078,18285,9145,4695,4450,8305,3656,4649,3098,1546,1552,627,312,315,15188,7869,7319
DALLAS COUNTY,113,41 Years,35560,17623,17937,8832,4505,4327,7898,3435,4463,2898,1458,1440,572,260,312,15360,7965,7395
DALLAS COUNTY,113,42 Years,35122,17245,17877,8680,4470,4210,7753,3345,4408,2790,1386,1404,562,261,301,15337,7783,7554
DALLAS COUNTY,113,43 Years,34847,16945,17902,8508,4351,4157,7513,3197,4316,2944,1438,1506,542,264,278,15340,7695,7645
DALLAS COUNTY,113,44 Years,35368,17402,17966,8682,4441,4241,7489,3239,4250,2923,1470,1453,532,256,276,15742,7996,7746
DALLAS COUNTY,113,45 Years,34065,16645,17420,8458,4297,4161,7389,3172,4217,2788,1418,1370,459,221,238,14971,7537,7434
DALLAS COUNTY,113,46 Years,33919,16702,17217,8638,4451,4187,7505,3265,4240,2673,1344,1329,506,244,262,14597,7398,7199
DALLAS COUNTY,113,47 Years,34357,16934,17423,9142,4681,4461,7730,3402,4328,2599,1333,1266,483,231,252,14403,7287,7116
DALLAS COUNTY,113,48 Years,34880,17097,17783,9942,5101,4841,7969,3470,4499,2552,1318,1234,494,224,270,13923,6984,6939
DALLAS COUNTY,113,49 Years,34949,17201,17748,10216,5238,4978,7826,3411,4415,2435,1204,1231,488,230,258,13984,7118,6866
DALLAS COUNTY,113,50 Years,32848,16443,16405,9771,5009,4762,7305,3294,4011,2293,1161,1132,441,211,230,13038,6768,6270
DALLAS COUNTY,113,51 Years,31834,15878,15956,9478,4832,4646,7306,3283,4023,2121,1082,1039,445,210,235,12484,6471,6013
DALLAS COUNTY,113,52 Years,30947,15420,15527,9438,4847,4591,7216,3224,3992,1914,919,995,397,193,204,11982,6237,5745
DALLAS COUNTY,113,53 Years,30800,15344,15456,9559,4887,4672,7406,3283,4123,1841,901,940,396,194,202,11598,6079,5519
DALLAS COUNTY,113,54 Years,31878,15969,15909,10462,5392,5070,7820,3473,4347,1840,914,926,444,211,233,11312,5979,5333
DALLAS COUNTY,113,55 Years,31708,15845,15863,11156,5643,5513,7687,3396,4291,1845,920,925,445,226,219,10575,5660,4915
DALLAS COUNTY,113,56 Years,31420,15467,15953,11749,5909,5840,7510,3279,4231,1798,875,923,440,221,219,9923,5183,4740
DALLAS COUNTY,113,57 Years,30795,15064,15731,12110,6000,6110,7386,3274,4112,1652,792,860,390,190,200,9257,4808,4449
DALLAS COUNTY,113,58 Years,30682,15057,15625,12223,6061,6162,7385,3276,4109,1662,816,846,401,190,211,9011,4714,4297
DALLAS COUNTY,113,59 Years,30488,14966,15522,12355,6099,6256,7344,3282,4062,1690,798,892,408,207,201,8691,4580,4111
DALLAS COUNTY,113,60 Years,29067,14097,14970,12177,6022,6155,6971,3069,3902,1598,720,878,366,178,188,7955,4108,3847
DALLAS COUNTY,113,61 Years,28121,13570,14551,12149,5995,6154,6705,2955,3750,1615,736,879,377,185,192,7275,3699,3576
DALLAS COUNTY,113,62 Years,27042,12894,14148,11830,5747,6083,6426,2777,3649,1639,766,873,359,168,191,6788,3436,3352
DALLAS COUNTY,113,63 Years,25782,12318,13464,11514,5645,5869,6024,2599,3425,1548,708,840,345,165,180,6351,3201,3150
DALLAS COUNTY,113,64 Years,24516,11680,12836,11275,5478,5797,5619,2415,3204,1463,687,776,322,143,179,5837,2957,2880
DALLAS COUNTY,113,65 Years,22423,10464,11959,10582,4990,5592,5004,2123,2881,1402,654,748,300,135,165,5135,2562,2573
DALLAS COUNTY,113,66 Years,21353,9913,11440,10256,4845,5411,4703,1973,2730,1423,654,769,299,129,170,4672,2312,2360
DALLAS COUNTY,113,67 Years,19999,9144,10855,9718,4539,5179,4515,1837,2678,1249,587,662,277,126,151,4240,2055,2185
DALLAS COUNTY,113,68 Years,18925,8658,10267,9062,4239,4823,4408,1777,2631,1230,571,659,242,116,126,3983,1955,2028
DALLAS COUNTY,113,69 Years,17830,8091,9739,8700,4026,4674,4114,1672,2442,1199,561,638,224,100,124,3593,1732,1861
DALLAS COUNTY,113,70 Years,16854,7634,9220,8414,3865,4549,3908,1604,2304,1048,494,554,202,87,115,3282,1584,1698
DALLAS COUNTY,113,71 Years,16451,7362,9089,8656,3940,4716,3719,1537,2182,907,423,484,186,87,99,2983,1375,1608
DALLAS COUNTY,113,72 Years,15708,6995,8713,8753,4006,4747,3261,1326,1935,803,377,426,179,75,104,2712,1211,1501
DALLAS COUNTY,113,73 Years,12910,5701,7209,6894,3110,3784,2757,1112,1645,695,321,374,135,61,74,2429,1097,1332
DALLAS COUNTY,113,74 Years,11967,5186,6781,6338,2787,3551,2646,1023,1623,676,320,356,136,56,80,2171,1000,1171
DALLAS COUNTY,113,75 Years,11398,4962,6436,6239,2802,3437,2389,942,1447,620,285,335,126,49,77,2024,884,1140
DALLAS COUNTY,113,76 Years,10691,4590,6101,6045,2657,3388,2198,861,1337,588,275,313,91,39,52,1769,758,1011
DALLAS COUNTY,113,77 Years,9414,3962,5452,5360,2304,3056,1949,747,1202,492,217,275,79,32,47,1534,662,872
DALLAS COUNTY,113,78 Years,8657,3603,5054,4913,2102,2811,1773,645,1128,442,198,244,64,25,39,1465,633,832
DALLAS COUNTY,113,79 Years,7882,3246,4636,4502,1898,2604,1559,570,989,412,190,222,58,20,38,1351,568,783
DALLAS COUNTY,113,80 Years,7186,2955,4231,4211,1782,2429,1367,499,868,372,175,197,50,15,35,1186,484,702
DALLAS COUNTY,113,81 Years,6579,2705,3874,3912,1647,2265,1208,439,769,338,161,177,42,14,28,1079,444,635
DALLAS COUNTY,113,82 Years,5977,2388,3589,3557,1449,2108,1109,389,720,317,145,172,36,12,24,958,393,565
DALLAS COUNTY,113,83 Years,5541,2178,3363,3362,1360,2002,1000,327,673,274,125,149,37,10,27,868,356,512
DALLAS COUNTY,113,84 Years,5226,1973,3253,3242,1236,2006,932,321,611,225,101,124,31,7,24,796,308,488
DALLAS COUNTY,113,85 Years,4695,1759,2936,2957,1120,1837,844,276,568,183,80,103,22,6,16,689,277,412
DALLAS COUNTY,113,86 Years,4210,1540,2670,2700,1014,1686,756,223,533,158,72,86,21,6,15,575,225,350
DALLAS COUNTY,113,87 Years,3789,1370,2419,2518,935,1583,595,171,424,150,59,91,18,5,13,508,200,308
DALLAS COUNTY,113,88 Years,3434,1197,2237,2286,817,1469,530,145,385,128,51,77,19,4,15,471,180,291
DALLAS COUNTY,113,89 Years,3100,1040,2060,2057,710,1347,491,121,370,116,45,71,16,4,12,420,160,260
DALLAS COUNTY,113,90 Years,2634,858,1776,1789,609,1180,418,96,322,98,38,60,12,3,9,317,112,205
DALLAS COUNTY,113,91 Years,2123,670,1453,1466,472,994,311,77,234,76,33,43,12,2,10,258,86,172
DALLAS COUNTY,113,92 Years,1755,547,1208,1224,385,839,249,58,191,50,18,32,9,3,6,223,83,140
DALLAS COUNTY,113,93 Years,1462,435,1027,1025,317,708,217,48,169,45,16,29,7,3,4,168,51,117
DALLAS COUNTY,113,94 Years,1157,311,846,825,223,602,162,34,128,35,13,22,5,1,4,130,40,90
DALLAS COUNTY,113,95 Years +,2841,703,2138,1950,478,1472,459,84,375,96,31,65,14,3,11,322,107,215
DAWSON COUNTY,115,All Ages,12720,7088,5632,4418,2356,2062,856,625,231,49,24,25,215,117,98,7182,3966,3216
DAWSON COUNTY,115,< 1 Year,166,88,78,46,18,28,7,3,4,0,0,0,5,5,0,108,62,46
DAWSON COUNTY,115,1 Years,163,83,80,42,19,23,6,3,3,0,0,0,9,4,5,106,57,49
DAWSON COUNTY,115,2 Years,167,83,84,39,17,22,7,3,4,0,0,0,13,8,5,108,55,53
DAWSON COUNTY,115,3 Years,171,84,87,39,18,21,7,4,3,0,0,0,18,9,9,107,53,54
DAWSON COUNTY,115,4 Years,166,81,85,39,16,23,6,4,2,0,0,0,17,8,9,104,53,51
DAWSON COUNTY,115,5 Years,168,83,85,42,20,22,8,6,2,0,0,0,13,6,7,105,51,54
DAWSON COUNTY,115,6 Years,163,83,80,43,22,21,7,5,2,1,0,1,9,5,4,103,51,52
DAWSON COUNTY,115,7 Years,167,89,78,45,24,21,8,5,3,0,0,0,8,6,2,106,54,52
DAWSON COUNTY,115,8 Years,166,89,77,47,24,23,7,5,2,0,0,0,5,4,1,107,56,51
DAWSON COUNTY,115,9 Years,174,90,84,41,24,17,7,1,6,0,0,0,6,3,3,120,62,58
DAWSON COUNTY,115,10 Years,184,95,89,54,27,27,6,4,2,0,0,0,4,2,2,120,62,58
DAWSON COUNTY,115,11 Years,182,92,90,45,22,23,5,3,2,0,0,0,3,1,2,129,66,63
DAWSON COUNTY,115,12 Years,185,95,90,40,21,19,5,2,3,0,0,0,3,1,2,137,71,66
DAWSON COUNTY,115,13 Years,182,91,91,48,24,24,3,1,2,1,1,0,2,1,1,128,64,64
DAWSON COUNTY,115,14 Years,164,80,84,46,21,25,5,2,3,3,3,0,3,1,2,107,53,54
DAWSON COUNTY,115,15 Years,155,86,69,40,21,19,4,1,3,2,2,0,2,1,1,107,61,46
DAWSON COUNTY,115,16 Years,164,85,79,40,21,19,6,3,3,1,1,0,1,0,1,116,60,56
DAWSON COUNTY,115,17 Years,156,79,77,42,22,20,5,3,2,1,0,1,1,0,1,107,54,53
DAWSON COUNTY,115,18 Years,183,96,87,51,29,22,6,3,3,1,0,1,2,1,1,123,63,60
DAWSON COUNTY,115,19 Years,182,109,73,49,24,25,20,16,4,1,0,1,6,4,2,106,65,41
DAWSON COUNTY,115,20 Years,198,129,69,58,38,20,21,17,4,0,0,0,3,2,1,116,72,44
DAWSON COUNTY,115,21 Years,205,147,58,55,42,13,29,28,1,0,0,0,3,3,0,118,74,44
DAWSON COUNTY,115,22 Years,214,150,64,56,41,15,32,29,3,1,0,1,1,1,0,124,79,45
DAWSON COUNTY,115,23 Years,227,151,76,61,41,20,20,15,5,1,1,0,4,4,0,141,90,51
DAWSON COUNTY,115,24 Years,265,185,80,78,57,21,25,20,5,1,1,0,5,2,3,156,105,51
DAWSON COUNTY,115,25 Years,270,197,73,74,58,16,28,25,3,2,2,0,1,1,0,165,111,54
DAWSON COUNTY,115,26 Years,247,165,82,71,46,25,25,22,3,0,0,0,5,5,0,146,92,54
DAWSON COUNTY,115,27 Years,246,165,81,77,52,25,25,23,2,0,0,0,1,0,1,143,90,53
DAWSON COUNTY,115,28 Years,244,174,70,81,61,20,32,29,3,1,0,1,3,2,1,127,82,45
DAWSON COUNTY,115,29 Years,227,162,65,73,54,19,27,25,2,1,1,0,3,1,2,123,81,42
DAWSON COUNTY,115,30 Years,201,130,71,70,47,23,26,24,2,0,0,0,3,2,1,102,57,45
DAWSON COUNTY,115,31 Years,184,138,46,62,43,19,25,24,1,0,0,0,1,0,1,96,71,25
DAWSON COUNTY,115,32 Years,197,131,66,59,37,22,21,19,2,2,1,1,0,0,0,115,74,41
DAWSON COUNTY,115,33 Years,190,134,56,62,45,17,10,9,1,2,2,0,0,0,0,116,78,38
DAWSON COUNTY,115,34 Years,184,121,63,64,42,22,7,6,1,1,1,0,1,1,0,111,71,40
DAWSON COUNTY,115,35 Years,189,114,75,66,36,30,16,14,2,1,0,1,1,1,0,105,63,42
DAWSON COUNTY,115,36 Years,195,120,75,66,37,29,21,18,3,0,0,0,1,0,1,107,65,42
DAWSON COUNTY,115,37 Years,181,111,70,59,34,25,21,19,2,0,0,0,1,1,0,100,57,43
DAWSON COUNTY,115,38 Years,171,101,70,61,36,25,9,7,2,1,0,1,3,3,0,97,55,42
DAWSON COUNTY,115,39 Years,174,103,71,60,37,23,13,10,3,0,0,0,3,1,2,98,55,43
DAWSON COUNTY,115,40 Years,172,105,67,52,30,22,20,18,2,0,0,0,1,1,0,99,56,43
DAWSON COUNTY,115,41 Years,148,90,58,47,30,17,11,10,1,1,0,1,1,1,0,88,49,39
DAWSON COUNTY,115,42 Years,136,77,59,45,26,19,5,5,0,2,1,1,0,0,0,84,45,39
DAWSON COUNTY,115,43 Years,128,69,59,43,26,17,11,9,2,1,0,1,1,0,1,72,34,38
DAWSON COUNTY,115,44 Years,121,66,55,48,26,22,3,2,1,0,0,0,2,1,1,68,37,31
DAWSON COUNTY,115,45 Years,129,75,54,44,25,19,13,11,2,0,0,0,0,0,0,72,39,33
DAWSON COUNTY,115,46 Years,132,74,58,47,27,20,13,9,4,1,0,1,0,0,0,71,38,33
DAWSON COUNTY,115,47 Years,111,61,50,48,25,23,7,4,3,0,0,0,2,0,2,54,32,22
DAWSON COUNTY,115,48 Years,127,64,63,49,23,26,10,8,2,1,0,1,2,0,2,65,33,32
DAWSON COUNTY,115,49 Years,138,76,62,48,24,24,11,8,3,1,0,1,2,1,1,76,43,33
DAWSON COUNTY,115,50 Years,114,52,62,49,21,28,5,4,1,0,0,0,0,0,0,60,27,33
DAWSON COUNTY,115,51 Years,120,60,60,47,20,27,8,7,1,0,0,0,0,0,0,65,33,32
DAWSON COUNTY,115,52 Years,120,63,57,34,19,15,10,7,3,2,1,1,2,0,2,72,36,36
DAWSON COUNTY,115,53 Years,116,66,50,32,19,13,7,4,3,1,0,1,2,1,1,74,42,32
DAWSON COUNTY,115,54 Years,128,67,61,42,22,20,7,2,5,1,0,1,1,1,0,77,42,35
DAWSON COUNTY,115,55 Years,134,76,58,47,26,21,10,7,3,1,0,1,1,0,1,75,43,32
DAWSON COUNTY,115,56 Years,130,70,60,48,24,24,3,0,3,1,1,0,1,1,0,77,44,33
DAWSON COUNTY,115,57 Years,140,63,77,52,21,31,4,0,4,0,0,0,1,0,1,83,42,41
DAWSON COUNTY,115,58 Years,138,69,69,52,21,31,4,1,3,0,0,0,2,2,0,80,45,35
DAWSON COUNTY,115,59 Years,127,65,62,57,26,31,4,1,3,0,0,0,0,0,0,66,38,28
DAWSON COUNTY,115,60 Years,119,63,56,60,30,30,3,1,2,1,1,0,1,1,0,54,30,24
DAWSON COUNTY,115,61 Years,109,50,59,51,21,30,4,1,3,0,0,0,3,0,3,51,28,23
DAWSON COUNTY,115,62 Years,123,56,67,54,24,30,5,1,4,0,0,0,2,0,2,62,31,31
DAWSON COUNTY,115,63 Years,104,47,57,52,25,27,4,0,4,0,0,0,0,0,0,48,22,26
DAWSON COUNTY,115,64 Years,112,51,61,56,25,31,3,0,3,1,0,1,1,0,1,51,26,25
DAWSON COUNTY,115,65 Years,99,51,48,53,26,27,4,3,1,0,0,0,1,0,1,41,22,19
DAWSON COUNTY,115,66 Years,101,51,50,51,26,25,8,4,4,0,0,0,1,0,1,41,21,20
DAWSON COUNTY,115,67 Years,90,40,50,45,17,28,6,3,3,0,0,0,0,0,0,39,20,19
DAWSON COUNTY,115,68 Years,101,49,52,45,21,24,4,2,2,1,0,1,0,0,0,51,26,25
DAWSON COUNTY,115,69 Years,87,41,46,43,19,24,6,3,3,0,0,0,1,1,0,37,18,19
DAWSON COUNTY,115,70 Years,90,52,38,46,25,21,4,3,1,1,1,0,0,0,0,39,23,16
DAWSON COUNTY,115,71 Years,99,51,48,54,25,29,6,3,3,1,1,0,0,0,0,38,22,16
DAWSON COUNTY,115,72 Years,99,40,59,50,20,30,2,1,1,1,0,1,0,0,0,46,19,27
DAWSON COUNTY,115,73 Years,81,27,54,33,11,22,3,1,2,1,0,1,0,0,0,44,15,29
DAWSON COUNTY,115,74 Years,77,28,49,35,10,25,4,1,3,0,0,0,1,1,0,37,16,21
DAWSON COUNTY,115,75 Years,86,35,51,40,18,22,5,1,4,2,0,2,1,0,1,38,16,22
DAWSON COUNTY,115,76 Years,76,37,39,42,22,20,2,1,1,1,1,0,0,0,0,31,13,18
DAWSON COUNTY,115,77 Years,72,25,47,44,17,27,3,1,2,0,0,0,0,0,0,25,7,18
DAWSON COUNTY,115,78 Years,65,26,39,39,18,21,4,2,2,1,1,0,0,0,0,21,5,16
DAWSON COUNTY,115,79 Years,62,27,35,32,14,18,4,2,2,0,0,0,1,1,0,25,10,15
DAWSON COUNTY,115,80 Years,59,23,36,33,13,20,3,1,2,0,0,0,0,0,0,23,9,14
DAWSON COUNTY,115,81 Years,60,23,37,38,16,22,3,1,2,0,0,0,0,0,0,19,6,13
DAWSON COUNTY,115,82 Years,56,22,34,34,15,19,1,0,1,0,0,0,2,1,1,19,6,13
DAWSON COUNTY,115,83 Years,60,20,40,38,14,24,1,0,1,0,0,0,1,1,0,20,5,15
DAWSON COUNTY,115,84 Years,57,20,37,35,13,22,1,0,1,0,0,0,2,1,1,19,6,13
DAWSON COUNTY,115,85 Years,53,22,31,28,11,17,2,1,1,0,0,0,1,1,0,22,9,13
DAWSON COUNTY,115,86 Years,45,17,28,26,11,15,2,1,1,0,0,0,0,0,0,17,5,12
DAWSON COUNTY,115,87 Years,46,19,27,31,12,19,2,1,1,0,0,0,0,0,0,13,6,7
DAWSON COUNTY,115,88 Years,37,14,23,23,9,14,2,0,2,0,0,0,0,0,0,12,5,7
DAWSON COUNTY,115,89 Years,31,13,18,17,7,10,2,1,1,0,0,0,0,0,0,12,5,7
DAWSON COUNTY,115,90 Years,30,12,18,16,6,10,5,2,3,0,0,0,0,0,0,9,4,5
DAWSON COUNTY,115,91 Years,20,8,12,10,5,5,2,0,2,0,0,0,1,0,1,7,3,4
DAWSON COUNTY,115,92 Years,18,8,10,8,3,5,2,2,0,0,0,0,1,0,1,7,3,4
DAWSON COUNTY,115,93 Years,18,6,12,10,2,8,2,1,1,0,0,0,0,0,0,6,3,3
DAWSON COUNTY,115,94 Years,16,6,10,8,2,6,3,1,2,0,0,0,0,0,0,5,3,2
DAWSON COUNTY,115,95 Years +,36,11,25,16,4,12,5,2,3,0,0,0,0,0,0,15,5,10
DEAF SMITH COUNTY,117,All Ages,19572,9611,9961,4476,2124,2352,189,94,95,72,31,41,197,92,105,14638,7270,7368
DEAF SMITH COUNTY,117,< 1 Year,346,176,170,36,18,18,0,0,0,1,1,0,0,0,0,309,157,152
DEAF SMITH COUNTY,117,1 Years,337,169,168,36,18,18,3,2,1,2,2,0,1,1,0,295,146,149
DEAF SMITH COUNTY,117,2 Years,339,168,171,39,19,20,2,1,1,0,0,0,1,1,0,297,147,150
DEAF SMITH COUNTY,117,3 Years,338,166,172,37,18,19,4,2,2,1,1,0,1,1,0,295,144,151
DEAF SMITH COUNTY,117,4 Years,332,164,168,38,17,21,2,1,1,1,0,1,1,1,0,290,145,145
DEAF SMITH COUNTY,117,5 Years,327,158,169,35,18,17,2,1,1,0,0,0,1,0,1,289,139,150
DEAF SMITH COUNTY,117,6 Years,322,159,163,38,18,20,2,1,1,2,1,1,1,0,1,279,139,140
DEAF SMITH COUNTY,117,7 Years,327,160,167,38,18,20,2,1,1,2,1,1,1,0,1,284,140,144
DEAF SMITH COUNTY,117,8 Years,318,161,157,36,16,20,4,3,1,3,2,1,2,1,1,273,139,134
DEAF SMITH COUNTY,117,9 Years,308,146,162,39,19,20,1,0,1,0,0,0,1,1,0,267,126,141
DEAF SMITH COUNTY,117,10 Years,321,152,169,42,21,21,0,0,0,3,2,1,3,2,1,273,127,146
DEAF SMITH COUNTY,117,11 Years,352,172,180,45,25,20,0,0,0,1,1,0,6,3,3,300,143,157
DEAF SMITH COUNTY,117,12 Years,354,194,160,37,19,18,2,2,0,1,1,0,4,2,2,310,170,140
DEAF SMITH COUNTY,117,13 Years,322,174,148,44,24,20,1,1,0,1,1,0,3,3,0,273,145,128
DEAF SMITH COUNTY,117,14 Years,313,160,153,48,27,21,2,1,1,0,0,0,6,4,2,257,128,129
DEAF SMITH COUNTY,117,15 Years,328,161,167,43,22,21,5,1,4,0,0,0,9,5,4,271,133,138
DEAF SMITH COUNTY,117,16 Years,330,155,175,55,23,32,2,0,2,0,0,0,3,2,1,270,130,140
DEAF SMITH COUNTY,117,17 Years,329,171,158,66,38,28,0,0,0,1,1,0,3,2,1,259,130,129
DEAF SMITH COUNTY,117,18 Years,323,162,161,65,34,31,1,1,0,1,0,1,4,0,4,252,127,125
DEAF SMITH COUNTY,117,19 Years,314,153,161,51,25,26,1,1,0,2,1,1,2,0,2,258,126,132
DEAF SMITH COUNTY,117,20 Years,303,151,152,64,33,31,1,0,1,2,1,1,2,1,1,234,116,118
DEAF SMITH COUNTY,117,21 Years,294,154,140,53,26,27,2,1,1,1,1,0,2,1,1,236,125,111
DEAF SMITH COUNTY,117,22 Years,272,137,135,45,27,18,3,2,1,0,0,0,3,3,0,221,105,116
DEAF SMITH COUNTY,117,23 Years,271,138,133,55,32,23,3,3,0,0,0,0,3,3,0,210,100,110
DEAF SMITH COUNTY,117,24 Years,271,138,133,50,24,26,2,2,0,0,0,0,1,1,0,218,111,107
DEAF SMITH COUNTY,117,25 Years,283,151,132,46,23,23,3,3,0,2,0,2,1,1,0,231,124,107
DEAF SMITH COUNTY,117,26 Years,285,147,138,54,25,29,3,2,1,0,0,0,4,1,3,224,119,105
DEAF SMITH COUNTY,117,27 Years,297,147,150,52,31,21,2,0,2,2,0,2,2,1,1,239,115,124
DEAF SMITH COUNTY,117,28 Years,277,124,153,42,21,21,1,0,1,2,0,2,3,1,2,229,102,127
DEAF SMITH COUNTY,117,29 Years,242,120,122,38,17,21,2,1,1,1,0,1,2,2,0,199,100,99
DEAF SMITH COUNTY,117,30 Years,239,118,121,40,19,21,1,0,1,2,0,2,0,0,0,196,99,97
DEAF SMITH COUNTY,117,31 Years,254,132,122,50,29,21,2,1,1,2,1,1,2,1,1,198,100,98
DEAF SMITH COUNTY,117,32 Years,224,116,108,42,22,20,2,0,2,1,0,1,1,0,1,178,94,84
DEAF SMITH COUNTY,117,33 Years,232,106,126,39,17,22,4,1,3,0,0,0,2,1,1,187,87,100
DEAF SMITH COUNTY,117,34 Years,236,120,116,46,23,23,2,1,1,2,1,1,3,2,1,183,93,90
DEAF SMITH COUNTY,117,35 Years,252,116,136,52,19,33,1,0,1,1,0,1,2,1,1,196,96,100
DEAF SMITH COUNTY,117,36 Years,251,125,126,48,25,23,0,0,0,5,3,2,3,1,2,195,96,99
DEAF SMITH COUNTY,117,37 Years,246,115,131,41,23,18,2,1,1,2,1,1,3,0,3,198,90,108
DEAF SMITH COUNTY,117,38 Years,243,119,124,50,25,25,0,0,0,0,0,0,2,0,2,191,94,97
DEAF SMITH COUNTY,117,39 Years,272,132,140,51,20,31,4,1,3,0,0,0,7,4,3,210,107,103
DEAF SMITH COUNTY,117,40 Years,250,121,129,44,19,25,2,1,1,0,0,0,3,2,1,201,99,102
DEAF SMITH COUNTY,117,41 Years,230,118,112,34,16,18,1,1,0,0,0,0,2,1,1,193,100,93
DEAF SMITH COUNTY,117,42 Years,240,111,129,38,16,22,3,2,1,2,1,1,3,3,0,194,89,105
DEAF SMITH COUNTY,117,43 Years,237,112,125,45,21,24,4,3,1,1,0,1,1,0,1,186,88,98
DEAF SMITH COUNTY,117,44 Years,221,107,114,38,16,22,3,1,2,1,1,0,0,0,0,179,89,90
DEAF SMITH COUNTY,117,45 Years,197,97,100,37,19,18,1,0,1,1,1,0,2,1,1,156,76,80
DEAF SMITH COUNTY,117,46 Years,191,98,93,38,18,20,1,0,1,1,0,1,2,1,1,149,79,70
DEAF SMITH COUNTY,117,47 Years,217,103,114,41,19,22,2,1,1,0,0,0,6,2,4,168,81,87
DEAF SMITH COUNTY,117,48 Years,222,111,111,57,26,31,4,3,1,0,0,0,5,1,4,156,81,75
DEAF SMITH COUNTY,117,49 Years,221,114,107,65,29,36,7,2,5,0,0,0,1,0,1,148,83,65
DEAF SMITH COUNTY,117,50 Years,220,106,114,53,23,30,2,1,1,1,1,0,2,1,1,162,80,82
DEAF SMITH COUNTY,117,51 Years,191,92,99,38,16,22,1,1,0,1,0,1,1,0,1,150,75,75
DEAF SMITH COUNTY,117,52 Years,208,106,102,52,31,21,2,1,1,2,1,1,1,0,1,151,73,78
DEAF SMITH COUNTY,117,53 Years,204,111,93,53,26,27,3,1,2,0,0,0,1,1,0,147,83,64
DEAF SMITH COUNTY,117,54 Years,226,111,115,62,30,32,5,3,2,2,0,2,3,2,1,154,76,78
DEAF SMITH COUNTY,117,55 Years,199,107,92,59,31,28,4,3,1,1,1,0,1,0,1,134,72,62
DEAF SMITH COUNTY,117,56 Years,194,105,89,56,30,26,4,1,3,1,1,0,1,0,1,132,73,59
DEAF SMITH COUNTY,117,57 Years,200,99,101,67,30,37,2,1,1,0,0,0,2,0,2,129,68,61
DEAF SMITH COUNTY,117,58 Years,219,100,119,75,35,40,3,2,1,3,1,2,3,0,3,135,62,73
DEAF SMITH COUNTY,117,59 Years,196,97,99,66,31,35,1,1,0,1,0,1,2,0,2,126,65,61
DEAF SMITH COUNTY,117,60 Years,194,106,88,68,32,36,5,3,2,0,0,0,1,0,1,120,71,49
DEAF SMITH COUNTY,117,61 Years,217,107,110,81,39,42,3,2,1,1,0,1,1,0,1,131,66,65
DEAF SMITH COUNTY,117,62 Years,206,106,100,85,45,40,2,1,1,0,0,0,0,0,0,119,60,59
DEAF SMITH COUNTY,117,63 Years,191,91,100,77,36,41,2,1,1,0,0,0,0,0,0,112,54,58
DEAF SMITH COUNTY,117,64 Years,185,88,97,73,31,42,2,2,0,0,0,0,0,0,0,110,55,55
DEAF SMITH COUNTY,117,65 Years,189,88,101,76,35,41,4,2,2,0,0,0,3,2,1,106,49,57
DEAF SMITH COUNTY,117,66 Years,173,87,86,79,40,39,2,2,0,1,0,1,4,3,1,87,42,45
DEAF SMITH COUNTY,117,67 Years,166,79,87,74,36,38,2,2,0,1,0,1,5,2,3,84,39,45
DEAF SMITH COUNTY,117,68 Years,162,75,87,67,30,37,2,1,1,0,0,0,3,0,3,90,44,46
DEAF SMITH COUNTY,117,69 Years,150,70,80,69,30,39,2,0,2,0,0,0,1,0,1,78,40,38
DEAF SMITH COUNTY,117,70 Years,145,72,73,69,33,36,1,0,1,0,0,0,4,1,3,71,38,33
DEAF SMITH COUNTY,117,71 Years,129,59,70,62,28,34,1,0,1,1,0,1,4,1,3,61,30,31
DEAF SMITH COUNTY,117,72 Years,111,51,60,59,26,33,1,0,1,0,0,0,4,2,2,47,23,24
DEAF SMITH COUNTY,117,73 Years,90,36,54,48,21,27,1,0,1,0,0,0,4,2,2,37,13,24
DEAF SMITH COUNTY,117,74 Years,98,31,67,43,16,27,3,1,2,1,0,1,2,0,2,49,14,35
DEAF SMITH COUNTY,117,75 Years,98,36,62,49,20,29,3,1,2,0,0,0,2,1,1,44,14,30
DEAF SMITH COUNTY,117,76 Years,93,47,46,41,21,20,2,1,1,1,0,1,2,2,0,47,23,24
DEAF SMITH COUNTY,117,77 Years,74,38,36,40,21,19,1,1,0,0,0,0,2,1,1,31,15,16
DEAF SMITH COUNTY,117,78 Years,79,37,42,45,21,24,1,0,1,0,0,0,0,0,0,33,16,17
DEAF SMITH COUNTY,117,79 Years,75,30,45,43,18,25,2,1,1,0,0,0,1,1,0,29,10,19
DEAF SMITH COUNTY,117,80 Years,69,27,42,39,18,21,1,0,1,0,0,0,1,1,0,28,8,20
DEAF SMITH COUNTY,117,81 Years,67,29,38,39,17,22,1,0,1,0,0,0,1,0,1,26,12,14
DEAF SMITH COUNTY,117,82 Years,69,31,38,37,17,20,0,0,0,1,0,1,1,1,0,30,13,17
DEAF SMITH COUNTY,117,83 Years,58,24,34,33,13,20,3,1,2,0,0,0,2,1,1,20,9,11
DEAF SMITH COUNTY,117,84 Years,49,22,27,29,12,17,1,0,1,0,0,0,0,0,0,19,10,9
DEAF SMITH COUNTY,117,85 Years,54,19,35,34,11,23,1,0,1,0,0,0,0,0,0,19,8,11
DEAF SMITH COUNTY,117,86 Years,42,18,24,26,11,15,1,0,1,0,0,0,0,0,0,15,7,8
DEAF SMITH COUNTY,117,87 Years,38,15,23,24,8,16,3,1,2,0,0,0,0,0,0,11,6,5
DEAF SMITH COUNTY,117,88 Years,36,15,21,25,8,17,1,1,0,0,0,0,0,0,0,10,6,4
DEAF SMITH COUNTY,117,89 Years,32,13,19,23,8,15,0,0,0,0,0,0,1,0,1,8,5,3
DEAF SMITH COUNTY,117,90 Years,29,11,18,19,5,14,0,0,0,0,0,0,1,1,0,9,5,4
DEAF SMITH COUNTY,117,91 Years,20,9,11,14,5,9,0,0,0,0,0,0,0,0,0,6,4,2
DEAF SMITH COUNTY,117,92 Years,18,8,10,10,3,7,2,2,0,0,0,0,1,0,1,5,3,2
DEAF SMITH COUNTY,117,93 Years,15,6,9,9,3,6,0,0,0,0,0,0,1,0,1,5,3,2
DEAF SMITH COUNTY,117,94 Years,12,3,9,7,1,6,0,0,0,0,0,0,0,0,0,5,2,3
DEAF SMITH COUNTY,117,95 Years +,32,14,18,16,5,11,2,1,1,0,0,0,2,1,1,12,7,5
DELTA COUNTY,119,All Ages,5295,2620,2675,4212,2088,2124,428,200,228,32,14,18,217,96,121,406,222,184
DELTA COUNTY,119,< 1 Year,65,42,23,38,25,13,5,4,1,0,0,0,6,3,3,16,10,6
DELTA COUNTY,119,1 Years,62,36,26,36,21,15,5,4,1,0,0,0,5,3,2,16,8,8
DELTA COUNTY,119,2 Years,62,36,26,39,22,17,6,4,2,0,0,0,2,1,1,15,9,6
DELTA COUNTY,119,3 Years,59,32,27,37,19,18,6,4,2,0,0,0,3,1,2,13,8,5
DELTA COUNTY,119,4 Years,64,35,29,41,22,19,9,3,6,0,0,0,0,0,0,14,10,4
DELTA COUNTY,119,5 Years,59,30,29,35,19,16,8,4,4,0,0,0,3,1,2,13,6,7
DELTA COUNTY,119,6 Years,58,25,33,34,16,18,9,4,5,0,0,0,3,2,1,12,3,9
DELTA COUNTY,119,7 Years,58,23,35,36,14,22,8,4,4,0,0,0,4,3,1,10,2,8
DELTA COUNTY,119,8 Years,60,23,37,41,16,25,8,4,4,0,0,0,4,3,1,7,0,7
DELTA COUNTY,119,9 Years,61,22,39,42,17,25,7,2,5,1,1,0,3,1,2,8,1,7
DELTA COUNTY,119,10 Years,69,30,39,45,18,27,8,3,5,1,1,0,6,4,2,9,4,5
DELTA COUNTY,119,11 Years,52,26,26,39,16,23,5,4,1,1,1,0,2,2,0,5,3,2
DELTA COUNTY,119,12 Years,66,31,35,50,22,28,7,4,3,1,0,1,3,1,2,5,4,1
DELTA COUNTY,119,13 Years,72,38,34,51,26,25,4,1,3,1,0,1,5,2,3,11,9,2
DELTA COUNTY,119,14 Years,60,29,31,47,23,24,2,0,2,1,0,1,4,2,2,6,4,2
DELTA COUNTY,119,15 Years,56,23,33,41,18,23,3,0,3,0,0,0,4,1,3,8,4,4
DELTA COUNTY,119,16 Years,66,33,33,45,23,22,3,0,3,0,0,0,7,4,3,11,6,5
DELTA COUNTY,119,17 Years,60,34,26,49,28,21,1,1,0,0,0,0,3,1,2,7,4,3
DELTA COUNTY,119,18 Years,51,27,24,38,22,16,4,2,2,1,0,1,5,2,3,3,1,2
DELTA COUNTY,119,19 Years,51,25,26,35,19,16,6,3,3,1,0,1,4,2,2,5,1,4
DELTA COUNTY,119,20 Years,46,20,26,32,16,16,5,1,4,0,0,0,3,1,2,6,2,4
DELTA COUNTY,119,21 Years,41,17,24,28,12,16,4,1,3,0,0,0,4,1,3,5,3,2
DELTA COUNTY,119,22 Years,43,24,19,29,14,15,6,5,1,0,0,0,4,2,2,4,3,1
DELTA COUNTY,119,23 Years,50,28,22,34,18,16,5,4,1,0,0,0,3,1,2,8,5,3
DELTA COUNTY,119,24 Years,59,29,30,36,18,18,11,3,8,0,0,0,4,4,0,8,4,4
DELTA COUNTY,119,25 Years,59,28,31,38,18,20,12,5,7,0,0,0,2,1,1,7,4,3
DELTA COUNTY,119,26 Years,54,28,26,40,20,20,6,3,3,0,0,0,4,2,2,4,3,1
DELTA COUNTY,119,27 Years,56,30,26,36,19,17,9,4,5,0,0,0,6,4,2,5,3,2
DELTA COUNTY,119,28 Years,53,29,24,37,21,16,8,3,5,0,0,0,2,1,1,6,4,2
DELTA COUNTY,119,29 Years,62,33,29,44,23,21,8,5,3,0,0,0,2,1,1,8,4,4
DELTA COUNTY,119,30 Years,58,32,26,48,25,23,6,4,2,0,0,0,2,2,0,2,1,1
DELTA COUNTY,119,31 Years,44,19,25,35,13,22,5,3,2,1,1,0,2,1,1,1,1,0
DELTA COUNTY,119,32 Years,65,31,34,51,26,25,8,2,6,1,0,1,2,1,1,3,2,1
DELTA COUNTY,119,33 Years,57,26,31,45,24,21,8,1,7,0,0,0,0,0,0,4,1,3
DELTA COUNTY,119,34 Years,57,30,27,48,27,21,3,0,3,0,0,0,3,1,2,3,2,1
DELTA COUNTY,119,35 Years,68,39,29,61,34,27,4,2,2,0,0,0,0,0,0,3,3,0
DELTA COUNTY,119,36 Years,68,37,31,56,30,26,4,1,3,1,1,0,1,1,0,6,4,2
DELTA COUNTY,119,37 Years,50,29,21,43,26,17,2,1,1,0,0,0,2,0,2,3,2,1
DELTA COUNTY,119,38 Years,44,17,27,35,14,21,3,1,2,1,0,1,2,1,1,3,1,2
DELTA COUNTY,119,39 Years,66,28,38,56,22,34,2,1,1,1,0,1,2,1,1,5,4,1
DELTA COUNTY,119,40 Years,53,30,23,47,25,22,1,1,0,0,0,0,0,0,0,5,4,1
DELTA COUNTY,119,41 Years,44,25,19,41,22,19,1,1,0,0,0,0,0,0,0,2,2,0
DELTA COUNTY,119,42 Years,45,23,22,36,18,18,3,1,2,1,1,0,0,0,0,5,3,2
DELTA COUNTY,119,43 Years,49,26,23,40,22,18,3,1,2,0,0,0,1,0,1,5,3,2
DELTA COUNTY,119,44 Years,47,23,24,41,20,21,2,2,0,0,0,0,1,0,1,3,1,2
DELTA COUNTY,119,45 Years,61,29,32,44,24,20,6,2,4,0,0,0,5,0,5,6,3,3
DELTA COUNTY,119,46 Years,54,30,24,41,25,16,6,2,4,0,0,0,2,0,2,5,3,2
DELTA COUNTY,119,47 Years,60,28,32,49,26,23,5,1,4,0,0,0,3,0,3,3,1,2
DELTA COUNTY,119,48 Years,63,29,34,53,26,27,4,2,2,0,0,0,2,0,2,4,1,3
DELTA COUNTY,119,49 Years,67,31,36,60,27,33,3,3,0,0,0,0,1,0,1,3,1,2
DELTA COUNTY,119,50 Years,75,35,40,60,27,33,9,5,4,1,0,1,2,1,1,3,2,1
DELTA COUNTY,119,51 Years,66,36,30,54,29,25,7,4,3,1,0,1,3,2,1,1,1,0
DELTA COUNTY,119,52 Years,69,34,35,58,28,30,6,4,2,1,0,1,1,1,0,3,1,2
DELTA COUNTY,119,53 Years,75,35,40,67,30,37,5,3,2,0,0,0,1,0,1,2,2,0
DELTA COUNTY,119,54 Years,81,36,45,71,31,40,4,2,2,1,0,1,1,1,0,4,2,2
DELTA COUNTY,119,55 Years,73,33,40,63,29,34,7,4,3,1,0,1,0,0,0,2,0,2
DELTA COUNTY,119,56 Years,68,31,37,56,27,29,6,1,5,1,0,1,1,0,1,4,3,1
DELTA COUNTY,119,57 Years,67,35,32,61,31,30,2,1,1,0,0,0,2,1,1,2,2,0
DELTA COUNTY,119,58 Years,76,42,34,67,37,30,3,2,1,0,0,0,3,1,2,3,2,1
DELTA COUNTY,119,59 Years,69,37,32,60,32,28,3,2,1,1,1,0,5,2,3,0,0,0
DELTA COUNTY,119,60 Years,75,32,43,59,24,35,7,5,2,1,1,0,1,0,1,7,2,5
DELTA COUNTY,119,61 Years,84,45,39,71,39,32,6,3,3,0,0,0,4,3,1,3,0,3
DELTA COUNTY,119,62 Years,91,46,45,78,39,39,5,3,2,1,1,0,5,2,3,2,1,1
DELTA COUNTY,119,63 Years,93,45,48,74,38,36,7,2,5,1,0,1,7,3,4,4,2,2
DELTA COUNTY,119,64 Years,67,36,31,55,29,26,5,3,2,0,0,0,4,2,2,3,2,1
DELTA COUNTY,119,65 Years,70,35,35,58,28,30,4,3,1,0,0,0,3,1,2,5,3,2
DELTA COUNTY,119,66 Years,77,38,39,70,34,36,3,2,1,0,0,0,2,1,1,2,1,1
DELTA COUNTY,119,67 Years,68,32,36,56,25,31,7,5,2,2,1,1,2,1,1,1,0,1
DELTA COUNTY,119,68 Years,65,32,33,59,28,31,3,2,1,0,0,0,2,1,1,1,1,0
DELTA COUNTY,119,69 Years,73,36,37,62,28,34,5,2,3,0,0,0,3,3,0,3,3,0
DELTA COUNTY,119,70 Years,74,32,42,66,28,38,4,1,3,0,0,0,2,1,1,2,2,0
DELTA COUNTY,119,71 Years,73,39,34,65,35,30,3,1,2,1,0,1,1,0,1,3,3,0
DELTA COUNTY,119,72 Years,74,39,35,67,34,33,3,2,1,0,0,0,2,1,1,2,2,0
DELTA COUNTY,119,73 Years,67,29,38,61,26,35,4,2,2,1,1,0,1,0,1,0,0,0
DELTA COUNTY,119,74 Years,60,28,32,55,27,28,3,0,3,1,1,0,1,0,1,0,0,0
DELTA COUNTY,119,75 Years,61,32,29,56,30,26,3,1,2,1,1,0,1,0,1,0,0,0
DELTA COUNTY,119,76 Years,64,34,30,53,28,25,5,2,3,1,1,0,4,2,2,1,1,0
DELTA COUNTY,119,77 Years,53,27,26,46,25,21,3,0,3,0,0,0,2,1,1,2,1,1
DELTA COUNTY,119,78 Years,44,22,22,38,20,18,3,1,2,0,0,0,2,0,2,1,1,0
DELTA COUNTY,119,79 Years,58,27,31,52,24,28,4,2,2,0,0,0,1,0,1,1,1,0
DELTA COUNTY,119,80 Years,41,23,18,38,20,18,2,2,0,0,0,0,0,0,0,1,1,0
DELTA COUNTY,119,81 Years,34,18,16,30,16,14,3,2,1,0,0,0,0,0,0,1,0,1
DELTA COUNTY,119,82 Years,36,18,18,31,17,14,3,1,2,0,0,0,1,0,1,1,0,1
DELTA COUNTY,119,83 Years,32,14,18,27,12,15,3,2,1,0,0,0,1,0,1,1,0,1
DELTA COUNTY,119,84 Years,29,17,12,24,14,10,2,1,1,0,0,0,1,0,1,2,2,0
DELTA COUNTY,119,85 Years,27,15,12,23,13,10,1,0,1,0,0,0,0,0,0,3,2,1
DELTA COUNTY,119,86 Years,20,9,11,18,9,9,1,0,1,0,0,0,1,0,1,0,0,0
DELTA COUNTY,119,87 Years,18,7,11,15,7,8,1,0,1,0,0,0,2,0,2,0,0,0
DELTA COUNTY,119,88 Years,14,6,8,12,5,7,0,0,0,0,0,0,1,0,1,1,1,0
DELTA COUNTY,119,89 Years,14,4,10,13,4,9,1,0,1,0,0,0,0,0,0,0,0,0
DELTA COUNTY,119,90 Years,12,4,8,11,4,7,1,0,1,0,0,0,0,0,0,0,0,0
DELTA COUNTY,119,91 Years,10,3,7,10,3,7,0,0,0,0,0,0,0,0,0,0,0,0
DELTA COUNTY,119,92 Years,11,2,9,10,2,8,1,0,1,0,0,0,0,0,0,0,0,0
DELTA COUNTY,119,93 Years,8,2,6,7,2,5,0,0,0,1,0,1,0,0,0,0,0,0
DELTA COUNTY,119,94 Years,6,2,4,6,2,4,0,0,0,0,0,0,0,0,0,0,0,0
DELTA COUNTY,119,95 Years +,19,8,11,16,7,9,3,1,2,0,0,0,0,0,0,0,0,0
DENTON COUNTY,121,All Ages,886563,434040,452523,514887,253115,261772,93912,43415,50497,78556,38793,39763,27101,13162,13939,172107,85555,86552
DENTON COUNTY,121,< 1 Year,9821,5035,4786,4624,2367,2257,1073,554,519,810,413,397,643,338,305,2671,1363,1308
DENTON COUNTY,121,1 Years,10035,5109,4926,4678,2401,2277,1111,561,550,871,446,425,662,338,324,2713,1363,1350
DENTON COUNTY,121,2 Years,10274,5266,5008,4838,2480,2358,1124,566,558,890,476,414,675,348,327,2747,1396,1351
DENTON COUNTY,121,3 Years,10639,5424,5215,5046,2593,2453,1148,567,581,962,510,452,674,331,343,2809,1423,1386
DENTON COUNTY,121,4 Years,10962,5597,5365,5257,2697,2560,1135,564,571,1019,535,484,666,323,343,2885,1478,1407
DENTON COUNTY,121,5 Years,11031,5613,5418,5307,2700,2607,1138,585,553,1055,545,510,638,307,331,2893,1476,1417
DENTON COUNTY,121,6 Years,10988,5572,5416,5313,2683,2630,1134,591,543,1040,531,509,612,296,316,2889,1471,1418
DENTON COUNTY,121,7 Years,10960,5562,5398,5325,2701,2624,1147,589,558,1022,518,504,589,289,300,2877,1465,1412
DENTON COUNTY,121,8 Years,11000,5598,5402,5351,2748,2603,1135,569,566,1040,520,520,578,282,296,2896,1479,1417
DENTON COUNTY,121,9 Years,10591,5476,5115,5146,2656,2490,1100,574,526,987,511,476,536,266,270,2822,1469,1353
DENTON COUNTY,121,10 Years,12237,6260,5977,5920,3022,2898,1277,657,620,1086,554,532,691,345,346,3263,1682,1581
DENTON COUNTY,121,11 Years,12657,6343,6314,6258,3142,3116,1352,658,694,1099,553,546,645,319,326,3303,1671,1632
DENTON COUNTY,121,12 Years,12939,6524,6415,6590,3399,3191,1342,635,707,1088,545,543,623,315,308,3296,1630,1666
DENTON COUNTY,121,13 Years,13143,6644,6499,6900,3566,3334,1371,663,708,1010,508,502,608,303,305,3254,1604,1650
DENTON COUNTY,121,14 Years,13400,6918,6482,7182,3724,3458,1377,709,668,1077,570,507,580,297,283,3184,1618,1566
DENTON COUNTY,121,15 Years,13457,6911,6546,7267,3732,3535,1460,746,714,1042,536,506,535,284,251,3153,1613,1540
DENTON COUNTY,121,16 Years,13594,6867,6727,7502,3834,3668,1412,699,713,1120,560,560,513,268,245,3047,1506,1541
DENTON COUNTY,121,17 Years,13661,6889,6772,7712,3940,3772,1417,689,728,1187,606,581,451,241,210,2894,1413,1481
DENTON COUNTY,121,18 Years,14516,7285,7231,8186,4148,4038,1548,791,757,1108,573,535,439,236,203,3235,1537,1698
DENTON COUNTY,121,19 Years,14982,7510,7472,8397,4203,4194,1560,743,817,1141,568,573,482,246,236,3402,1750,1652
DENTON COUNTY,121,20 Years,14794,7242,7552,8628,4198,4430,1497,686,811,1058,542,516,447,225,222,3164,1591,1573
DENTON COUNTY,121,21 Years,15132,7346,7786,8970,4314,4656,1421,651,770,1122,567,555,449,215,234,3170,1599,1571
DENTON COUNTY,121,22 Years,15568,7596,7972,9092,4394,4698,1505,691,814,1231,622,609,471,223,248,3269,1666,1603
DENTON COUNTY,121,23 Years,15356,7336,8020,8891,4236,4655,1451,681,770,1359,626,733,477,230,247,3178,1563,1615
DENTON COUNTY,121,24 Years,14701,7108,7593,8321,4027,4294,1516,732,784,1366,613,753,421,208,213,3077,1528,1549
DENTON COUNTY,121,25 Years,14127,6916,7211,7665,3748,3917,1346,658,688,1519,666,853,463,219,244,3134,1625,1509
DENTON COUNTY,121,26 Years,13453,6567,6886,7035,3422,3613,1342,669,673,1396,599,797,486,262,224,3194,1615,1579
DENTON COUNTY,121,27 Years,12518,6146,6372,6412,3172,3240,1403,694,709,1194,513,681,489,214,275,3020,1553,1467
DENTON COUNTY,121,28 Years,11957,5469,6488,6034,2818,3216,1648,744,904,1057,490,567,470,192,278,2748,1225,1523
DENTON COUNTY,121,29 Years,11654,5309,6345,5487,2563,2924,1788,784,1004,1231,584,647,493,196,297,2655,1182,1473
DENTON COUNTY,121,30 Years,11088,5294,5794,4977,2418,2559,1769,770,999,1261,650,611,458,198,260,2623,1258,1365
DENTON COUNTY,121,31 Years,10416,5151,5265,4508,2339,2169,1729,812,917,1139,567,572,429,206,223,2611,1227,1384
DENTON COUNTY,121,32 Years,10062,5221,4841,4569,2472,2097,1551,724,827,1063,596,467,380,174,206,2499,1255,1244
DENTON COUNTY,121,33 Years,10621,5533,5088,5020,2668,2352,1496,736,760,1267,734,533,385,187,198,2453,1208,1245
DENTON COUNTY,121,34 Years,11429,5739,5690,5681,2914,2767,1696,772,924,1256,695,561,373,185,188,2423,1173,1250
DENTON COUNTY,121,35 Years,11815,5981,5834,5803,2978,2825,1681,768,913,1467,774,693,369,182,187,2495,1279,1216
DENTON COUNTY,121,36 Years,12536,6260,6276,6308,3172,3136,1640,742,898,1535,754,781,363,180,183,2690,1412,1278
DENTON COUNTY,121,37 Years,12478,6101,6377,6379,3177,3202,1610,706,904,1463,657,806,315,167,148,2711,1394,1317
DENTON COUNTY,121,38 Years,12545,6126,6419,6502,3202,3300,1665,739,926,1342,642,700,329,172,157,2707,1371,1336
DENTON COUNTY,121,39 Years,12802,6331,6471,6672,3313,3359,1649,762,887,1321,648,673,369,181,188,2791,1427,1364
DENTON COUNTY,121,40 Years,12435,6026,6409,6461,3222,3239,1552,672,880,1418,661,757,336,150,186,2668,1321,1347
DENTON COUNTY,121,41 Years,12282,5842,6440,6491,3130,3361,1515,643,872,1341,604,737,317,149,168,2618,1316,1302
DENTON COUNTY,121,42 Years,12542,6002,6540,6675,3191,3484,1551,694,857,1349,628,721,301,150,151,2666,1339,1327
DENTON COUNTY,121,43 Years,12636,6225,6411,6737,3350,3387,1490,646,844,1408,670,738,353,199,154,2648,1360,1288
DENTON COUNTY,121,44 Years,12816,6226,6590,6906,3391,3515,1404,616,788,1476,704,772,303,151,152,2727,1364,1363
DENTON COUNTY,121,45 Years,12820,6169,6651,7062,3432,3630,1430,654,776,1522,723,799,269,125,144,2537,1235,1302
DENTON COUNTY,121,46 Years,13060,6421,6639,7206,3566,3640,1505,673,832,1559,776,783,292,142,150,2498,1264,1234
DENTON COUNTY,121,47 Years,13488,6677,6811,7799,3925,3874,1507,675,832,1435,717,718,281,132,149,2466,1228,1238
DENTON COUNTY,121,48 Years,14217,6959,7258,8682,4284,4398,1513,657,856,1414,720,694,276,126,150,2332,1172,1160
DENTON COUNTY,121,49 Years,13988,6856,7132,8742,4272,4470,1435,658,777,1277,650,627,281,126,155,2253,1150,1103
DENTON COUNTY,121,50 Years,13139,6458,6681,8263,4072,4191,1347,613,734,1185,606,579,231,110,121,2113,1057,1056
DENTON COUNTY,121,51 Years,12259,6046,6213,7692,3812,3880,1295,567,728,1062,557,505,216,98,118,1994,1012,982
DENTON COUNTY,121,52 Years,11920,5857,6063,7565,3774,3791,1288,568,720,994,517,477,197,87,110,1876,911,965
DENTON COUNTY,121,53 Years,11737,5721,6016,7464,3656,3808,1315,604,711,930,473,457,217,91,126,1811,897,914
DENTON COUNTY,121,54 Years,12204,5924,6280,7923,3859,4064,1336,624,712,916,458,458,230,92,138,1799,891,908
DENTON COUNTY,121,55 Years,12260,6099,6161,8185,4147,4038,1273,561,712,906,465,441,200,91,109,1696,835,861
DENTON COUNTY,121,56 Years,12082,5950,6132,8156,4106,4050,1250,549,701,907,436,471,208,96,112,1561,763,798
DENTON COUNTY,121,57 Years,11706,5716,5990,7980,3984,3996,1176,515,661,826,385,441,209,91,118,1515,741,774
DENTON COUNTY,121,58 Years,11400,5609,5791,7976,3993,3983,1097,491,606,773,385,388,196,81,115,1358,659,699
DENTON COUNTY,121,59 Years,10938,5361,5577,7712,3831,3881,1071,481,590,733,350,383,163,78,85,1259,621,638
DENTON COUNTY,121,60 Years,10152,4943,5209,7211,3565,3646,985,422,563,661,326,335,164,75,89,1131,555,576
DENTON COUNTY,121,61 Years,9798,4805,4993,7019,3485,3534,894,385,509,651,324,327,168,88,80,1066,523,543
DENTON COUNTY,121,62 Years,9301,4468,4833,6714,3251,3463,837,367,470,614,300,314,154,76,78,982,474,508
DENTON COUNTY,121,63 Years,8676,4147,4529,6231,3018,3213,771,337,434,635,306,329,137,62,75,902,424,478
DENTON COUNTY,121,64 Years,8358,4034,4324,6104,2982,3122,693,299,394,606,285,321,118,56,62,837,412,425
DENTON COUNTY,121,65 Years,7906,3665,4241,5930,2748,3182,601,257,344,546,252,294,106,54,52,723,354,369
DENTON COUNTY,121,66 Years,7358,3430,3928,5544,2598,2946,540,222,318,515,249,266,95,40,55,664,321,343
DENTON COUNTY,121,67 Years,6890,3251,3639,5221,2501,2720,489,202,287,469,218,251,83,35,48,628,295,333
DENTON COUNTY,121,68 Years,6513,3025,3488,4912,2284,2628,486,207,279,439,207,232,75,31,44,601,296,305
DENTON COUNTY,121,69 Years,6452,2946,3506,4917,2257,2660,476,189,287,430,210,220,73,30,43,556,260,296
DENTON COUNTY,121,70 Years,6128,2827,3301,4770,2248,2522,412,153,259,381,177,204,69,29,40,496,220,276
DENTON COUNTY,121,71 Years,6078,2833,3245,4791,2261,2530,404,165,239,349,160,189,69,31,38,465,216,249
DENTON COUNTY,121,72 Years,5853,2708,3145,4773,2218,2555,315,135,180,280,127,153,56,29,27,429,199,230
DENTON COUNTY,121,73 Years,4593,2103,2490,3652,1683,1969,258,106,152,266,124,142,41,22,19,376,168,208
DENTON COUNTY,121,74 Years,4119,1860,2259,3324,1502,1822,180,70,110,246,118,128,40,23,17,329,147,182
DENTON COUNTY,121,75 Years,3997,1777,2220,3281,1481,1800,175,69,106,212,93,119,36,19,17,293,115,178
DENTON COUNTY,121,76 Years,3761,1686,2075,3122,1413,1709,146,57,89,188,91,97,38,17,21,267,108,159
DENTON COUNTY,121,77 Years,3226,1488,1738,2634,1221,1413,154,62,92,173,84,89,33,17,16,232,104,128
DENTON COUNTY,121,78 Years,2850,1308,1542,2332,1065,1267,120,49,71,148,76,72,27,11,16,223,107,116
DENTON COUNTY,121,79 Years,2522,1115,1407,2021,901,1120,122,41,81,144,77,67,25,11,14,210,85,125
DENTON COUNTY,121,80 Years,2231,979,1252,1786,807,979,112,42,70,126,64,62,22,9,13,185,57,128
DENTON COUNTY,121,81 Years,2010,857,1153,1622,704,918,100,40,60,100,44,56,18,6,12,170,63,107
DENTON COUNTY,121,82 Years,1817,758,1059,1445,613,832,95,32,63,103,45,58,17,6,11,157,62,95
DENTON COUNTY,121,83 Years,1599,686,913,1241,547,694,79,27,52,106,48,58,15,5,10,158,59,99
DENTON COUNTY,121,84 Years,1414,553,861,1106,452,654,72,19,53,91,41,50,12,5,7,133,36,97
DENTON COUNTY,121,85 Years,1243,468,775,984,381,603,64,15,49,80,34,46,9,5,4,106,33,73
DENTON COUNTY,121,86 Years,1035,410,625,814,332,482,48,14,34,63,27,36,7,3,4,103,34,69
DENTON COUNTY,121,87 Years,890,357,533,714,291,423,37,10,27,47,26,21,7,3,4,85,27,58
DENTON COUNTY,121,88 Years,778,275,503,622,226,396,28,5,23,43,19,24,8,2,6,77,23,54
DENTON COUNTY,121,89 Years,665,228,437,547,191,356,20,5,15,36,13,23,6,2,4,56,17,39
DENTON COUNTY,121,90 Years,541,178,363,452,153,299,15,3,12,19,5,14,5,2,3,50,15,35
DENTON COUNTY,121,91 Years,449,143,306,374,121,253,15,3,12,15,4,11,4,1,3,41,14,27
DENTON COUNTY,121,92 Years,377,118,259,313,97,216,13,3,10,13,4,9,3,1,2,35,13,22
DENTON COUNTY,121,93 Years,312,83,229,264,70,194,10,2,8,9,4,5,3,1,2,26,6,20
DENTON COUNTY,121,94 Years,241,65,176,202,54,148,10,2,8,5,2,3,2,1,1,22,6,16
DENTON COUNTY,121,95 Years +,562,144,418,468,116,352,22,7,15,15,7,8,4,1,3,53,13,40
DE WITT COUNTY,123,All Ages,20611,10850,9761,11093,5573,5520,1682,1019,663,53,18,35,395,176,219,7388,4064,3324
DE WITT COUNTY,123,< 1 Year,230,125,105,85,45,40,6,4,2,0,0,0,15,4,11,124,72,52
DE WITT COUNTY,123,1 Years,227,118,109,85,42,43,7,4,3,0,0,0,14,5,9,121,67,54
DE WITT COUNTY,123,2 Years,240,122,118,88,42,46,8,4,4,1,0,1,19,7,12,124,69,55
DE WITT COUNTY,123,3 Years,252,126,126,103,48,55,9,5,4,1,0,1,17,6,11,122,67,55
DE WITT COUNTY,123,4 Years,274,138,136,120,55,65,9,5,4,1,0,1,15,5,10,129,73,56
DE WITT COUNTY,123,5 Years,281,146,135,130,61,69,8,5,3,2,1,1,12,7,5,129,72,57
DE WITT COUNTY,123,6 Years,278,146,132,120,57,63,9,5,4,1,1,0,9,7,2,139,76,63
DE WITT COUNTY,123,7 Years,260,139,121,106,53,53,9,4,5,1,1,0,9,7,2,135,74,61
DE WITT COUNTY,123,8 Years,246,131,115,99,48,51,8,4,4,1,1,0,8,7,1,130,71,59
DE WITT COUNTY,123,9 Years,245,122,123,94,45,49,8,5,3,1,0,1,10,8,2,132,64,68
DE WITT COUNTY,123,10 Years,239,127,112,92,51,41,15,8,7,0,0,0,11,5,6,121,63,58
DE WITT COUNTY,123,11 Years,248,131,117,101,56,45,21,7,14,0,0,0,9,3,6,117,65,52
DE WITT COUNTY,123,12 Years,261,138,123,110,62,48,19,11,8,0,0,0,8,4,4,124,61,63
DE WITT COUNTY,123,13 Years,244,120,124,101,55,46,21,10,11,1,0,1,7,3,4,114,52,62
DE WITT COUNTY,123,14 Years,228,111,117,96,48,48,22,11,11,0,0,0,6,2,4,104,50,54
DE WITT COUNTY,123,15 Years,248,129,119,99,49,50,21,13,8,0,0,0,8,3,5,120,64,56
DE WITT COUNTY,123,16 Years,245,126,119,101,51,50,20,10,10,0,0,0,9,5,4,115,60,55
DE WITT COUNTY,123,17 Years,194,97,97,78,41,37,18,8,10,0,0,0,7,4,3,91,44,47
DE WITT COUNTY,123,18 Years,213,118,95,89,46,43,18,10,8,0,0,0,8,6,2,98,56,42
DE WITT COUNTY,123,19 Years,205,113,92,80,46,34,21,13,8,1,1,0,8,4,4,95,49,46
DE WITT COUNTY,123,20 Years,182,98,84,72,42,30,16,10,6,1,1,0,8,3,5,85,42,43
DE WITT COUNTY,123,21 Years,189,104,85,83,46,37,18,12,6,2,0,2,6,3,3,80,43,37
DE WITT COUNTY,123,22 Years,209,111,98,89,49,40,20,14,6,2,1,1,8,2,6,90,45,45
DE WITT COUNTY,123,23 Years,213,109,104,102,52,50,14,8,6,2,0,2,9,3,6,86,46,40
DE WITT COUNTY,123,24 Years,231,125,106,110,59,51,19,12,7,2,1,1,10,6,4,90,47,43
DE WITT COUNTY,123,25 Years,252,136,116,129,65,64,22,16,6,1,0,1,7,4,3,93,51,42
DE WITT COUNTY,123,26 Years,263,135,128,139,72,67,17,8,9,1,0,1,7,2,5,99,53,46
DE WITT COUNTY,123,27 Years,303,161,142,158,76,82,25,13,12,0,0,0,7,4,3,113,68,45
DE WITT COUNTY,123,28 Years,269,153,116,131,70,61,30,21,9,0,0,0,6,5,1,102,57,45
DE WITT COUNTY,123,29 Years,249,136,113,132,63,69,31,21,10,1,1,0,2,2,0,83,49,34
DE WITT COUNTY,123,30 Years,277,159,118,150,71,79,30,22,8,0,0,0,2,0,2,95,66,29
DE WITT COUNTY,123,31 Years,282,166,116,120,69,51,27,22,5,1,1,0,5,1,4,129,73,56
DE WITT COUNTY,123,32 Years,261,144,117,105,55,50,28,22,6,0,0,0,3,0,3,125,67,58
DE WITT COUNTY,123,33 Years,270,151,119,120,62,58,32,25,7,0,0,0,3,1,2,115,63,52
DE WITT COUNTY,123,34 Years,269,146,123,128,72,56,20,11,9,0,0,0,4,2,2,117,61,56
DE WITT COUNTY,123,35 Years,246,142,104,104,58,46,25,18,7,0,0,0,1,0,1,116,66,50
DE WITT COUNTY,123,36 Years,251,154,97,106,59,47,29,24,5,0,0,0,1,0,1,115,71,44
DE WITT COUNTY,123,37 Years,286,182,104,121,70,51,38,32,6,0,0,0,4,2,2,123,78,45
DE WITT COUNTY,123,38 Years,279,170,109,132,73,59,33,24,9,0,0,0,6,5,1,108,68,40
DE WITT COUNTY,123,39 Years,246,146,100,110,55,55,29,20,9,0,0,0,2,1,1,105,70,35
DE WITT COUNTY,123,40 Years,251,150,101,122,69,53,22,15,7,0,0,0,2,1,1,105,65,40
DE WITT COUNTY,123,41 Years,256,160,96,118,69,49,22,16,6,1,0,1,2,1,1,113,74,39
DE WITT COUNTY,123,42 Years,266,160,106,132,76,56,26,19,7,0,0,0,3,1,2,105,64,41
DE WITT COUNTY,123,43 Years,252,144,108,132,74,58,22,18,4,0,0,0,2,0,2,96,52,44
DE WITT COUNTY,123,44 Years,239,143,96,125,71,54,17,14,3,0,0,0,2,1,1,95,57,38
DE WITT COUNTY,123,45 Years,227,132,95,113,58,55,27,23,4,0,0,0,4,2,2,83,49,34
DE WITT COUNTY,123,46 Years,228,138,90,119,63,56,26,19,7,0,0,0,3,1,2,80,55,25
DE WITT COUNTY,123,47 Years,240,137,103,123,64,59,30,21,9,1,1,0,1,1,0,85,50,35
DE WITT COUNTY,123,48 Years,263,144,119,131,64,67,28,18,10,1,0,1,1,0,1,102,62,40
DE WITT COUNTY,123,49 Years,266,147,119,156,77,79,20,13,7,1,0,1,2,1,1,87,56,31
DE WITT COUNTY,123,50 Years,259,140,119,136,62,74,28,17,11,0,0,0,7,3,4,88,58,30
DE WITT COUNTY,123,51 Years,240,137,103,125,67,58,26,15,11,0,0,0,3,1,2,86,54,32
DE WITT COUNTY,123,52 Years,236,128,108,136,75,61,21,11,10,1,0,1,2,1,1,76,41,35
DE WITT COUNTY,123,53 Years,250,130,120,137,67,70,20,11,9,3,1,2,3,1,2,87,50,37
DE WITT COUNTY,123,54 Years,272,158,114,158,91,67,26,17,9,1,0,1,2,0,2,85,50,35
DE WITT COUNTY,123,55 Years,286,163,123,179,100,79,22,15,7,1,0,1,3,1,2,81,47,34
DE WITT COUNTY,123,56 Years,267,141,126,164,86,78,24,13,11,0,0,0,2,0,2,77,42,35
DE WITT COUNTY,123,57 Years,262,138,124,152,78,74,25,15,10,0,0,0,4,1,3,81,44,37
DE WITT COUNTY,123,58 Years,274,160,114,169,95,74,24,19,5,0,0,0,2,0,2,79,46,33
DE WITT COUNTY,123,59 Years,281,145,136,169,87,82,21,13,8,1,0,1,2,1,1,88,44,44
DE WITT COUNTY,123,60 Years,296,158,138,178,98,80,22,13,9,1,1,0,3,1,2,92,45,47
DE WITT COUNTY,123,61 Years,279,143,136,184,89,95,18,9,9,0,0,0,1,0,1,76,45,31
DE WITT COUNTY,123,62 Years,274,131,143,179,76,103,17,8,9,1,0,1,2,1,1,75,46,29
DE WITT COUNTY,123,63 Years,251,123,128,153,74,79,21,8,13,1,0,1,1,0,1,75,41,34
DE WITT COUNTY,123,64 Years,260,143,117,176,100,76,20,8,12,2,1,1,1,1,0,61,33,28
DE WITT COUNTY,123,65 Years,246,121,125,165,82,83,19,9,10,1,1,0,0,0,0,61,29,32
DE WITT COUNTY,123,66 Years,244,121,123,172,85,87,23,10,13,0,0,0,0,0,0,49,26,23
DE WITT COUNTY,123,67 Years,231,107,124,162,73,89,17,8,9,2,1,1,0,0,0,50,25,25
DE WITT COUNTY,123,68 Years,227,104,123,154,69,85,26,13,13,1,0,1,0,0,0,46,22,24
DE WITT COUNTY,123,69 Years,225,110,115,159,78,81,20,11,9,1,0,1,0,0,0,45,21,24
DE WITT COUNTY,123,70 Years,237,109,128,176,85,91,13,5,8,0,0,0,1,0,1,47,19,28
DE WITT COUNTY,123,71 Years,224,109,115,163,81,82,15,9,6,0,0,0,1,0,1,45,19,26
DE WITT COUNTY,123,72 Years,212,103,109,158,82,76,12,5,7,0,0,0,1,0,1,41,16,25
DE WITT COUNTY,123,73 Years,201,91,110,145,72,73,13,6,7,1,0,1,2,0,2,40,13,27
DE WITT COUNTY,123,74 Years,212,94,118,143,67,76,22,9,13,0,0,0,3,1,2,44,17,27
DE WITT COUNTY,123,75 Years,182,82,100,131,61,70,9,4,5,0,0,0,1,0,1,41,17,24
DE WITT COUNTY,123,76 Years,175,79,96,138,60,78,7,5,2,0,0,0,2,1,1,28,13,15
DE WITT COUNTY,123,77 Years,150,62,88,116,47,69,11,5,6,1,0,1,1,0,1,21,10,11
DE WITT COUNTY,123,78 Years,142,69,73,111,55,56,10,5,5,0,0,0,0,0,0,21,9,12
DE WITT COUNTY,123,79 Years,126,60,66,97,47,50,10,5,5,1,1,0,1,0,1,17,7,10
DE WITT COUNTY,123,80 Years,130,60,70,100,49,51,9,2,7,1,1,0,2,0,2,18,8,10
DE WITT COUNTY,123,81 Years,122,53,69,93,39,54,11,5,6,0,0,0,0,0,0,18,9,9
DE WITT COUNTY,123,82 Years,125,55,70,102,44,58,7,5,2,0,0,0,0,0,0,16,6,10
DE WITT COUNTY,123,83 Years,110,47,63,86,37,49,6,2,4,1,0,1,2,1,1,15,7,8
DE WITT COUNTY,123,84 Years,97,39,58,75,30,45,7,3,4,1,0,1,1,1,0,13,5,8
DE WITT COUNTY,123,85 Years,81,35,46,61,26,35,8,4,4,0,0,0,0,0,0,12,5,7
DE WITT COUNTY,123,86 Years,85,31,54,59,21,38,6,3,3,0,0,0,1,1,0,19,6,13
DE WITT COUNTY,123,87 Years,76,32,44,54,23,31,7,3,4,0,0,0,2,1,1,13,5,8
DE WITT COUNTY,123,88 Years,72,27,45,55,19,36,6,3,3,0,0,0,1,0,1,10,5,5
DE WITT COUNTY,123,89 Years,60,23,37,45,15,30,6,3,3,0,0,0,1,1,0,8,4,4
DE WITT COUNTY,123,90 Years,54,19,35,41,15,26,5,1,4,0,0,0,1,0,1,7,3,4
DE WITT COUNTY,123,91 Years,40,16,24,29,11,18,5,2,3,0,0,0,0,0,0,6,3,3
DE WITT COUNTY,123,92 Years,33,12,21,24,8,16,4,2,2,0,0,0,0,0,0,5,2,3
DE WITT COUNTY,123,93 Years,38,10,28,27,6,21,4,1,3,1,0,1,0,0,0,6,3,3
DE WITT COUNTY,123,94 Years,27,9,18,20,6,14,2,1,1,1,0,1,0,0,0,4,2,2
DE WITT COUNTY,123,95 Years +,67,17,50,48,11,37,7,1,6,0,0,0,1,0,1,11,5,6
DICKENS COUNTY,125,All Ages,2119,1227,892,1302,693,609,94,81,13,16,12,4,35,22,13,672,419,253
DICKENS COUNTY,125,< 1 Year,13,6,7,10,4,6,0,0,0,0,0,0,0,0,0,3,2,1
DICKENS COUNTY,125,1 Years,15,9,6,10,5,5,0,0,0,0,0,0,0,0,0,5,4,1
DICKENS COUNTY,125,2 Years,16,7,9,9,4,5,0,0,0,0,0,0,1,1,0,6,2,4
DICKENS COUNTY,125,3 Years,18,9,9,11,6,5,0,0,0,0,0,0,1,1,0,6,2,4
DICKENS COUNTY,125,4 Years,17,8,9,10,5,5,0,0,0,0,0,0,0,0,0,7,3,4
DICKENS COUNTY,125,5 Years,18,10,8,12,7,5,0,0,0,0,0,0,0,0,0,6,3,3
DICKENS COUNTY,125,6 Years,14,7,7,7,3,4,0,0,0,0,0,0,0,0,0,7,4,3
DICKENS COUNTY,125,7 Years,17,8,9,11,5,6,0,0,0,0,0,0,0,0,0,6,3,3
DICKENS COUNTY,125,8 Years,16,8,8,11,4,7,0,0,0,0,0,0,0,0,0,5,4,1
DICKENS COUNTY,125,9 Years,20,11,9,13,6,7,0,0,0,0,0,0,0,0,0,7,5,2
DICKENS COUNTY,125,10 Years,12,8,4,6,3,3,0,0,0,0,0,0,0,0,0,6,5,1
DICKENS COUNTY,125,11 Years,18,7,11,9,3,6,0,0,0,0,0,0,0,0,0,9,4,5
DICKENS COUNTY,125,12 Years,20,9,11,10,4,6,0,0,0,0,0,0,1,0,1,9,5,4
DICKENS COUNTY,125,13 Years,21,8,13,12,4,8,0,0,0,0,0,0,1,0,1,8,4,4
DICKENS COUNTY,125,14 Years,22,10,12,10,5,5,0,0,0,0,0,0,1,0,1,11,5,6
DICKENS COUNTY,125,15 Years,22,10,12,11,5,6,0,0,0,0,0,0,0,0,0,11,5,6
DICKENS COUNTY,125,16 Years,22,10,12,10,5,5,1,1,0,0,0,0,0,0,0,11,4,7
DICKENS COUNTY,125,17 Years,21,10,11,11,6,5,1,0,1,0,0,0,0,0,0,9,4,5
DICKENS COUNTY,125,18 Years,27,17,10,12,8,4,2,1,1,0,0,0,0,0,0,13,8,5
DICKENS COUNTY,125,19 Years,30,22,8,11,7,4,5,5,0,0,0,0,1,1,0,13,9,4
DICKENS COUNTY,125,20 Years,23,17,6,9,6,3,4,3,1,0,0,0,0,0,0,10,8,2
DICKENS COUNTY,125,21 Years,26,21,5,9,6,3,4,4,0,0,0,0,0,0,0,13,11,2
DICKENS COUNTY,125,22 Years,27,21,6,12,10,2,1,1,0,0,0,0,4,2,2,10,8,2
DICKENS COUNTY,125,23 Years,23,17,6,9,6,3,1,1,0,0,0,0,1,1,0,12,9,3
DICKENS COUNTY,125,24 Years,23,17,6,11,7,4,2,2,0,0,0,0,1,1,0,9,7,2
DICKENS COUNTY,125,25 Years,30,24,6,11,7,4,2,2,0,0,0,0,2,2,0,15,13,2
DICKENS COUNTY,125,26 Years,34,28,6,12,8,4,4,4,0,0,0,0,1,1,0,17,15,2
DICKENS COUNTY,125,27 Years,30,21,9,12,8,4,3,3,0,0,0,0,0,0,0,15,10,5
DICKENS COUNTY,125,28 Years,32,24,8,14,9,5,6,6,0,0,0,0,0,0,0,12,9,3
DICKENS COUNTY,125,29 Years,32,24,8,11,6,5,3,3,0,0,0,0,0,0,0,18,15,3
DICKENS COUNTY,125,30 Years,32,25,7,11,7,4,7,7,0,0,0,0,0,0,0,14,11,3
DICKENS COUNTY,125,31 Years,30,23,7,16,10,6,5,5,0,0,0,0,0,0,0,9,8,1
DICKENS COUNTY,125,32 Years,26,18,8,9,5,4,3,3,0,1,0,1,0,0,0,13,10,3
DICKENS COUNTY,125,33 Years,27,21,6,10,8,2,2,2,0,1,1,0,0,0,0,14,10,4
DICKENS COUNTY,125,34 Years,23,17,6,8,6,2,2,2,0,1,1,0,0,0,0,12,8,4
DICKENS COUNTY,125,35 Years,19,12,7,7,5,2,3,2,1,0,0,0,0,0,0,9,5,4
DICKENS COUNTY,125,36 Years,19,10,9,9,5,4,1,0,1,0,0,0,0,0,0,9,5,4
DICKENS COUNTY,125,37 Years,24,13,11,13,7,6,1,1,0,0,0,0,0,0,0,10,5,5
DICKENS COUNTY,125,38 Years,22,16,6,9,5,4,3,3,0,0,0,0,0,0,0,10,8,2
DICKENS COUNTY,125,39 Years,27,16,11,16,7,9,0,0,0,0,0,0,0,0,0,11,9,2
DICKENS COUNTY,125,40 Years,31,21,10,17,13,4,1,0,1,0,0,0,1,0,1,12,8,4
DICKENS COUNTY,125,41 Years,25,15,10,14,7,7,1,1,0,0,0,0,1,0,1,9,7,2
DICKENS COUNTY,125,42 Years,29,22,7,13,8,5,2,2,0,1,1,0,0,0,0,13,11,2
DICKENS COUNTY,125,43 Years,26,17,9,12,6,6,2,2,0,1,1,0,1,1,0,10,7,3
DICKENS COUNTY,125,44 Years,28,14,14,19,7,12,2,2,0,1,1,0,1,1,0,5,3,2
DICKENS COUNTY,125,45 Years,28,16,12,21,10,11,2,2,0,1,1,0,0,0,0,4,3,1
DICKENS COUNTY,125,46 Years,31,19,12,22,13,9,1,1,0,1,1,0,0,0,0,7,4,3
DICKENS COUNTY,125,47 Years,26,13,13,15,8,7,0,0,0,0,0,0,0,0,0,11,5,6
DICKENS COUNTY,125,48 Years,27,16,11,14,8,6,0,0,0,1,1,0,2,1,1,10,6,4
DICKENS COUNTY,125,49 Years,27,19,8,16,12,4,0,0,0,0,0,0,0,0,0,11,7,4
DICKENS COUNTY,125,50 Years,18,10,8,11,6,5,2,2,0,0,0,0,0,0,0,5,2,3
DICKENS COUNTY,125,51 Years,15,8,7,8,4,4,0,0,0,0,0,0,0,0,0,7,4,3
DICKENS COUNTY,125,52 Years,17,8,9,11,5,6,0,0,0,0,0,0,0,0,0,6,3,3
DICKENS COUNTY,125,53 Years,20,9,11,13,6,7,0,0,0,0,0,0,0,0,0,7,3,4
DICKENS COUNTY,125,54 Years,20,9,11,13,5,8,0,0,0,0,0,0,0,0,0,7,4,3
DICKENS COUNTY,125,55 Years,23,11,12,16,7,9,1,1,0,0,0,0,2,2,0,4,1,3
DICKENS COUNTY,125,56 Years,26,14,12,17,9,8,0,0,0,1,0,1,1,1,0,7,4,3
DICKENS COUNTY,125,57 Years,26,15,11,18,9,9,0,0,0,0,0,0,1,1,0,7,5,2
DICKENS COUNTY,125,58 Years,30,16,14,17,9,8,0,0,0,0,0,0,0,0,0,13,7,6
DICKENS COUNTY,125,59 Years,33,16,17,21,9,12,1,0,1,2,2,0,0,0,0,9,5,4
DICKENS COUNTY,125,60 Years,30,16,14,22,12,10,1,0,1,1,1,0,0,0,0,6,3,3
DICKENS COUNTY,125,61 Years,29,11,18,20,9,11,1,0,1,1,0,1,0,0,0,7,2,5
DICKENS COUNTY,125,62 Years,29,14,15,22,10,12,1,0,1,0,0,0,2,2,0,4,2,2
DICKENS COUNTY,125,63 Years,35,15,20,26,10,16,0,0,0,0,0,0,1,0,1,8,5,3
DICKENS COUNTY,125,64 Years,36,19,17,31,16,15,1,1,0,0,0,0,0,0,0,4,2,2
DICKENS COUNTY,125,65 Years,25,14,11,21,12,9,0,0,0,0,0,0,0,0,0,4,2,2
DICKENS COUNTY,125,66 Years,27,12,15,23,9,14,0,0,0,0,0,0,0,0,0,4,3,1
DICKENS COUNTY,125,67 Years,29,14,15,22,10,12,0,0,0,1,0,1,0,0,0,6,4,2
DICKENS COUNTY,125,68 Years,24,11,13,19,9,10,1,1,0,0,0,0,0,0,0,4,1,3
DICKENS COUNTY,125,69 Years,25,9,16,18,8,10,0,0,0,0,0,0,0,0,0,7,1,6
DICKENS COUNTY,125,70 Years,24,10,14,20,9,11,0,0,0,0,0,0,1,0,1,3,1,2
DICKENS COUNTY,125,71 Years,27,15,12,20,10,10,1,1,0,0,0,0,1,1,0,5,3,2
DICKENS COUNTY,125,72 Years,24,11,13,18,8,10,1,1,0,0,0,0,1,1,0,4,1,3
DICKENS COUNTY,125,73 Years,22,10,12,18,9,9,0,0,0,0,0,0,0,0,0,4,1,3
DICKENS COUNTY,125,74 Years,22,12,10,18,10,8,0,0,0,0,0,0,0,0,0,4,2,2
DICKENS COUNTY,125,75 Years,24,11,13,21,10,11,0,0,0,0,0,0,0,0,0,3,1,2
DICKENS COUNTY,125,76 Years,23,11,12,20,8,12,0,0,0,1,1,0,0,0,0,2,2,0
DICKENS COUNTY,125,77 Years,25,13,12,24,12,12,0,0,0,0,0,0,0,0,0,1,1,0
DICKENS COUNTY,125,78 Years,25,12,13,22,11,11,0,0,0,0,0,0,0,0,0,3,1,2
DICKENS COUNTY,125,79 Years,19,10,9,18,10,8,0,0,0,0,0,0,0,0,0,1,0,1
DICKENS COUNTY,125,80 Years,20,11,9,18,9,9,0,0,0,0,0,0,0,0,0,2,2,0
DICKENS COUNTY,125,81 Years,18,10,8,16,9,7,0,0,0,0,0,0,0,0,0,2,1,1
DICKENS COUNTY,125,82 Years,21,12,9,17,10,7,3,2,1,0,0,0,0,0,0,1,0,1
DICKENS COUNTY,125,83 Years,17,10,7,13,9,4,1,0,1,0,0,0,0,0,0,3,1,2
DICKENS COUNTY,125,84 Years,12,7,5,9,6,3,0,0,0,0,0,0,0,0,0,3,1,2
DICKENS COUNTY,125,85 Years,13,9,4,11,8,3,0,0,0,0,0,0,0,0,0,2,1,1
DICKENS COUNTY,125,86 Years,12,8,4,11,8,3,0,0,0,0,0,0,0,0,0,1,0,1
DICKENS COUNTY,125,87 Years,9,5,4,7,4,3,0,0,0,0,0,0,1,0,1,1,1,0
DICKENS COUNTY,125,88 Years,9,5,4,8,5,3,0,0,0,0,0,0,1,0,1,0,0,0
DICKENS COUNTY,125,89 Years,10,7,3,8,6,2,0,0,0,0,0,0,0,0,0,2,1,1
DICKENS COUNTY,125,90 Years,7,5,2,7,5,2,0,0,0,0,0,0,0,0,0,0,0,0
DICKENS COUNTY,125,91 Years,7,5,2,6,4,2,0,0,0,0,0,0,0,0,0,1,1,0
DICKENS COUNTY,125,92 Years,5,3,2,3,2,1,0,0,0,0,0,0,1,0,1,1,1,0
DICKENS COUNTY,125,93 Years,5,3,2,2,1,1,0,0,0,0,0,0,1,1,0,2,1,1
DICKENS COUNTY,125,94 Years,5,3,2,3,2,1,1,0,1,0,0,0,0,0,0,1,1,0
DICKENS COUNTY,125,95 Years +,11,7,4,8,5,3,1,1,0,0,0,0,0,0,0,2,1,1
DIMMIT COUNTY,127,All Ages,9709,4822,4887,1205,636,569,67,39,28,46,20,26,51,31,20,8340,4096,4244
DIMMIT COUNTY,127,< 1 Year,125,63,62,19,11,8,0,0,0,0,0,0,4,3,1,102,49,53
DIMMIT COUNTY,127,1 Years,123,66,57,19,12,7,0,0,0,1,1,0,3,2,1,100,51,49
DIMMIT COUNTY,127,2 Years,134,69,65,19,11,8,0,0,0,0,0,0,4,2,2,111,56,55
DIMMIT COUNTY,127,3 Years,151,80,71,24,14,10,0,0,0,0,0,0,3,1,2,124,65,59
DIMMIT COUNTY,127,4 Years,174,92,82,26,15,11,0,0,0,0,0,0,2,1,1,146,76,70
DIMMIT COUNTY,127,5 Years,189,97,92,28,14,14,0,0,0,0,0,0,3,2,1,158,81,77
DIMMIT COUNTY,127,6 Years,200,106,94,27,13,14,0,0,0,1,1,0,2,2,0,170,90,80
DIMMIT COUNTY,127,7 Years,200,105,95,32,16,16,0,0,0,1,1,0,3,2,1,164,86,78
DIMMIT COUNTY,127,8 Years,178,93,85,26,14,12,2,1,1,0,0,0,2,1,1,148,77,71
DIMMIT COUNTY,127,9 Years,165,79,86,19,9,10,1,0,1,0,0,0,2,1,1,143,69,74
DIMMIT COUNTY,127,10 Years,152,78,74,14,8,6,0,0,0,0,0,0,1,0,1,137,70,67
DIMMIT COUNTY,127,11 Years,140,72,68,10,7,3,1,1,0,1,1,0,0,0,0,128,63,65
DIMMIT COUNTY,127,12 Years,157,75,82,11,6,5,2,0,2,1,1,0,0,0,0,143,68,75
DIMMIT COUNTY,127,13 Years,170,81,89,13,6,7,3,1,2,0,0,0,0,0,0,154,74,80
DIMMIT COUNTY,127,14 Years,163,81,82,12,6,6,1,1,0,1,1,0,0,0,0,149,73,76
DIMMIT COUNTY,127,15 Years,158,79,79,12,5,7,2,2,0,0,0,0,0,0,0,144,72,72
DIMMIT COUNTY,127,16 Years,136,68,68,12,7,5,2,1,1,0,0,0,0,0,0,122,60,62
DIMMIT COUNTY,127,17 Years,135,73,62,13,8,5,2,1,1,1,1,0,0,0,0,119,63,56
DIMMIT COUNTY,127,18 Years,147,74,73,7,5,2,1,1,0,0,0,0,0,0,0,139,68,71
DIMMIT COUNTY,127,19 Years,121,59,62,8,3,5,0,0,0,1,1,0,0,0,0,112,55,57
DIMMIT COUNTY,127,20 Years,122,59,63,12,6,6,1,0,1,2,2,0,0,0,0,107,51,56
DIMMIT COUNTY,127,21 Years,123,56,67,9,3,6,1,0,1,1,1,0,0,0,0,112,52,60
DIMMIT COUNTY,127,22 Years,126,55,71,6,1,5,1,1,0,1,1,0,0,0,0,118,52,66
DIMMIT COUNTY,127,23 Years,128,60,68,9,3,6,0,0,0,1,1,0,0,0,0,118,56,62
DIMMIT COUNTY,127,24 Years,139,72,67,8,4,4,0,0,0,1,0,1,0,0,0,130,68,62
DIMMIT COUNTY,127,25 Years,154,79,75,8,4,4,2,1,1,1,0,1,0,0,0,143,74,69
DIMMIT COUNTY,127,26 Years,161,84,77,10,4,6,2,1,1,2,0,2,0,0,0,147,79,68
DIMMIT COUNTY,127,27 Years,161,80,81,11,6,5,1,0,1,1,0,1,0,0,0,148,74,74
DIMMIT COUNTY,127,28 Years,119,62,57,12,5,7,1,0,1,0,0,0,0,0,0,106,57,49
DIMMIT COUNTY,127,29 Years,130,71,59,11,4,7,0,0,0,0,0,0,0,0,0,119,67,52
DIMMIT COUNTY,127,30 Years,140,80,60,7,3,4,2,1,1,0,0,0,2,2,0,129,74,55
DIMMIT COUNTY,127,31 Years,163,94,69,13,9,4,1,0,1,0,0,0,1,1,0,148,84,64
DIMMIT COUNTY,127,32 Years,130,72,58,13,8,5,0,0,0,0,0,0,1,1,0,116,63,53
DIMMIT COUNTY,127,33 Years,129,65,64,10,6,4,2,1,1,0,0,0,0,0,0,117,58,59
DIMMIT COUNTY,127,34 Years,112,64,48,9,6,3,1,0,1,0,0,0,0,0,0,102,58,44
DIMMIT COUNTY,127,35 Years,119,71,48,16,11,5,0,0,0,0,0,0,1,1,0,102,59,43
DIMMIT COUNTY,127,36 Years,117,56,61,12,6,6,1,1,0,1,0,1,0,0,0,103,49,54
DIMMIT COUNTY,127,37 Years,116,51,65,14,5,9,1,1,0,2,0,2,1,0,1,98,45,53
DIMMIT COUNTY,127,38 Years,106,49,57,12,6,6,1,0,1,1,0,1,0,0,0,92,43,49
DIMMIT COUNTY,127,39 Years,121,59,62,10,3,7,0,0,0,1,0,1,0,0,0,110,56,54
DIMMIT COUNTY,127,40 Years,103,55,48,12,5,7,0,0,0,1,1,0,0,0,0,90,49,41
DIMMIT COUNTY,127,41 Years,88,42,46,12,9,3,0,0,0,0,0,0,0,0,0,76,33,43
DIMMIT COUNTY,127,42 Years,109,50,59,13,9,4,0,0,0,1,0,1,0,0,0,95,41,54
DIMMIT COUNTY,127,43 Years,117,53,64,16,7,9,0,0,0,0,0,0,0,0,0,101,46,55
DIMMIT COUNTY,127,44 Years,109,57,52,14,8,6,0,0,0,0,0,0,0,0,0,95,49,46
DIMMIT COUNTY,127,45 Years,99,48,51,14,9,5,0,0,0,0,0,0,0,0,0,85,39,46
DIMMIT COUNTY,127,46 Years,80,39,41,9,5,4,0,0,0,1,0,1,0,0,0,70,34,36
DIMMIT COUNTY,127,47 Years,90,42,48,11,5,6,1,1,0,1,0,1,1,0,1,76,36,40
DIMMIT COUNTY,127,48 Years,98,50,48,12,8,4,0,0,0,1,0,1,0,0,0,85,42,43
DIMMIT COUNTY,127,49 Years,110,53,57,13,4,9,1,0,1,0,0,0,0,0,0,96,49,47
DIMMIT COUNTY,127,50 Years,94,47,47,12,6,6,1,1,0,0,0,0,0,0,0,81,40,41
DIMMIT COUNTY,127,51 Years,93,43,50,15,7,8,0,0,0,1,1,0,0,0,0,77,35,42
DIMMIT COUNTY,127,52 Years,98,43,55,15,6,9,1,1,0,2,0,2,0,0,0,80,36,44
DIMMIT COUNTY,127,53 Years,97,45,52,8,5,3,0,0,0,1,0,1,0,0,0,88,40,48
DIMMIT COUNTY,127,54 Years,101,47,54,7,2,5,0,0,0,2,1,1,0,0,0,92,44,48
DIMMIT COUNTY,127,55 Years,103,53,50,14,10,4,1,1,0,1,0,1,1,1,0,86,41,45
DIMMIT COUNTY,127,56 Years,92,48,44,10,7,3,1,1,0,0,0,0,0,0,0,81,40,41
DIMMIT COUNTY,127,57 Years,102,58,44,11,7,4,2,2,0,0,0,0,2,2,0,87,47,40
DIMMIT COUNTY,127,58 Years,108,51,57,17,8,9,1,1,0,0,0,0,0,0,0,90,42,48
DIMMIT COUNTY,127,59 Years,104,54,50,20,14,6,2,2,0,1,1,0,0,0,0,81,37,44
DIMMIT COUNTY,127,60 Years,87,46,41,13,10,3,1,0,1,0,0,0,1,0,1,72,36,36
DIMMIT COUNTY,127,61 Years,94,46,48,16,9,7,1,1,0,0,0,0,1,0,1,76,36,40
DIMMIT COUNTY,127,62 Years,98,48,50,12,5,7,2,1,1,1,0,1,1,1,0,82,41,41
DIMMIT COUNTY,127,63 Years,93,45,48,15,9,6,2,0,2,0,0,0,1,0,1,75,36,39
DIMMIT COUNTY,127,64 Years,91,47,44,13,8,5,2,2,0,2,0,2,1,1,0,73,36,37
DIMMIT COUNTY,127,65 Years,87,41,46,17,7,10,2,2,0,1,0,1,1,1,0,66,31,35
DIMMIT COUNTY,127,66 Years,93,45,48,16,9,7,1,1,0,0,0,0,0,0,0,76,35,41
DIMMIT COUNTY,127,67 Years,95,45,50,13,6,7,1,1,0,2,2,0,0,0,0,79,36,43
DIMMIT COUNTY,127,68 Years,88,44,44,20,11,9,1,1,0,0,0,0,0,0,0,67,32,35
DIMMIT COUNTY,127,69 Years,84,32,52,12,7,5,0,0,0,0,0,0,0,0,0,72,25,47
DIMMIT COUNTY,127,70 Years,103,39,64,18,9,9,1,1,0,1,0,1,0,0,0,83,29,54
DIMMIT COUNTY,127,71 Years,85,41,44,18,9,9,0,0,0,0,0,0,0,0,0,67,32,35
DIMMIT COUNTY,127,72 Years,90,44,46,18,9,9,0,0,0,0,0,0,1,0,1,71,35,36
DIMMIT COUNTY,127,73 Years,77,38,39,16,9,7,0,0,0,1,1,0,0,0,0,60,28,32
DIMMIT COUNTY,127,74 Years,68,32,36,14,6,8,0,0,0,0,0,0,0,0,0,54,26,28
DIMMIT COUNTY,127,75 Years,58,32,26,11,5,6,0,0,0,0,0,0,0,0,0,47,27,20
DIMMIT COUNTY,127,76 Years,55,24,31,12,7,5,0,0,0,0,0,0,0,0,0,43,17,26
DIMMIT COUNTY,127,77 Years,50,21,29,9,5,4,1,1,0,0,0,0,0,0,0,40,15,25
DIMMIT COUNTY,127,78 Years,49,22,27,14,8,6,2,1,1,0,0,0,0,0,0,33,13,20
DIMMIT COUNTY,127,79 Years,40,17,23,11,6,5,0,0,0,1,0,1,0,0,0,28,11,17
DIMMIT COUNTY,127,80 Years,39,19,20,8,4,4,0,0,0,0,0,0,0,0,0,31,15,16
DIMMIT COUNTY,127,81 Years,35,15,20,3,1,2,0,0,0,0,0,0,0,0,0,32,14,18
DIMMIT COUNTY,127,82 Years,32,18,14,3,2,1,1,1,0,0,0,0,0,0,0,28,15,13
DIMMIT COUNTY,127,83 Years,30,13,17,9,5,4,0,0,0,0,0,0,2,2,0,19,6,13
DIMMIT COUNTY,127,84 Years,32,14,18,10,4,6,0,0,0,0,0,0,1,1,0,21,9,12
DIMMIT COUNTY,127,85 Years,33,14,19,8,4,4,0,0,0,0,0,0,0,0,0,25,10,15
DIMMIT COUNTY,127,86 Years,29,13,16,9,4,5,0,0,0,0,0,0,0,0,0,20,9,11
DIMMIT COUNTY,127,87 Years,26,12,14,9,4,5,0,0,0,0,0,0,0,0,0,17,8,9
DIMMIT COUNTY,127,88 Years,25,8,17,5,2,3,0,0,0,0,0,0,0,0,0,20,6,14
DIMMIT COUNTY,127,89 Years,21,9,12,5,3,2,1,0,1,0,0,0,0,0,0,15,6,9
DIMMIT COUNTY,127,90 Years,19,6,13,5,2,3,0,0,0,0,0,0,0,0,0,14,4,10
DIMMIT COUNTY,127,91 Years,13,5,8,5,3,2,0,0,0,0,0,0,1,0,1,7,2,5
DIMMIT COUNTY,127,92 Years,10,4,6,3,2,1,0,0,0,0,0,0,0,0,0,7,2,5
DIMMIT COUNTY,127,93 Years,11,4,7,4,2,2,0,0,0,0,0,0,0,0,0,7,2,5
DIMMIT COUNTY,127,94 Years,10,2,8,3,1,2,1,0,1,1,0,1,0,0,0,5,1,4
DIMMIT COUNTY,127,95 Years +,30,10,20,10,5,5,1,0,1,0,0,0,1,0,1,18,5,13
DONLEY COUNTY,129,All Ages,3228,1580,1648,2621,1284,1337,209,103,106,11,6,5,59,23,36,328,164,164
DONLEY COUNTY,129,< 1 Year,37,18,19,26,15,11,6,1,5,0,0,0,2,1,1,3,1,2
DONLEY COUNTY,129,1 Years,40,20,20,28,16,12,4,1,3,0,0,0,3,2,1,5,1,4
DONLEY COUNTY,129,2 Years,40,22,18,31,18,13,4,1,3,0,0,0,1,1,0,4,2,2
DONLEY COUNTY,129,3 Years,40,24,16,31,18,13,4,3,1,0,0,0,0,0,0,5,3,2
DONLEY COUNTY,129,4 Years,38,22,16,26,15,11,8,5,3,0,0,0,0,0,0,4,2,2
DONLEY COUNTY,129,5 Years,34,19,15,22,12,10,9,6,3,0,0,0,0,0,0,3,1,2
DONLEY COUNTY,129,6 Years,38,21,17,25,12,13,8,6,2,0,0,0,0,0,0,5,3,2
DONLEY COUNTY,129,7 Years,37,20,17,25,13,12,8,5,3,0,0,0,0,0,0,4,2,2
DONLEY COUNTY,129,8 Years,37,18,19,27,11,16,5,4,1,0,0,0,0,0,0,5,3,2
DONLEY COUNTY,129,9 Years,37,14,23,28,12,16,4,2,2,0,0,0,0,0,0,5,0,5
DONLEY COUNTY,129,10 Years,42,16,26,34,15,19,1,0,1,0,0,0,2,0,2,5,1,4
DONLEY COUNTY,129,11 Years,32,16,16,23,12,11,2,2,0,0,0,0,1,0,1,6,2,4
DONLEY COUNTY,129,12 Years,31,16,15,23,11,12,2,2,0,0,0,0,0,0,0,6,3,3
DONLEY COUNTY,129,13 Years,30,16,14,22,12,10,2,1,1,0,0,0,2,0,2,4,3,1
DONLEY COUNTY,129,14 Years,27,11,16,17,8,9,3,1,2,0,0,0,2,0,2,5,2,3
DONLEY COUNTY,129,15 Years,33,14,19,23,8,15,4,3,1,0,0,0,1,1,0,5,2,3
DONLEY COUNTY,129,16 Years,34,15,19,24,9,15,4,3,1,0,0,0,2,1,1,4,2,2
DONLEY COUNTY,129,17 Years,28,14,14,20,11,9,3,1,2,0,0,0,1,0,1,4,2,2
DONLEY COUNTY,129,18 Years,77,40,37,54,29,25,4,2,2,0,0,0,2,1,1,17,8,9
DONLEY COUNTY,129,19 Years,94,54,40,74,43,31,3,0,3,0,0,0,0,0,0,17,11,6
DONLEY COUNTY,129,20 Years,79,47,32,61,37,24,3,0,3,0,0,0,1,0,1,14,10,4
DONLEY COUNTY,129,21 Years,24,14,10,17,11,6,1,0,1,0,0,0,2,0,2,4,3,1
DONLEY COUNTY,129,22 Years,28,14,14,18,11,7,2,1,1,1,0,1,1,0,1,6,2,4
DONLEY COUNTY,129,23 Years,25,12,13,16,11,5,3,0,3,0,0,0,1,0,1,5,1,4
DONLEY COUNTY,129,24 Years,34,16,18,23,12,11,4,0,4,0,0,0,1,0,1,6,4,2
DONLEY COUNTY,129,25 Years,39,20,19,26,13,13,3,0,3,1,1,0,1,0,1,8,6,2
DONLEY COUNTY,129,26 Years,38,17,21,27,13,14,3,1,2,1,1,0,0,0,0,7,2,5
DONLEY COUNTY,129,27 Years,35,18,17,22,11,11,6,4,2,1,1,0,1,0,1,5,2,3
DONLEY COUNTY,129,28 Years,50,25,25,33,15,18,10,6,4,1,1,0,0,0,0,6,3,3
DONLEY COUNTY,129,29 Years,43,25,18,28,16,12,10,5,5,1,1,0,0,0,0,4,3,1
DONLEY COUNTY,129,30 Years,34,17,17,25,12,13,4,2,2,0,0,0,1,0,1,4,3,1
DONLEY COUNTY,129,31 Years,36,21,15,28,15,13,3,3,0,0,0,0,0,0,0,5,3,2
DONLEY COUNTY,129,32 Years,24,13,11,19,10,9,2,1,1,0,0,0,1,1,0,2,1,1
DONLEY COUNTY,129,33 Years,26,15,11,22,12,10,0,0,0,0,0,0,1,1,0,3,2,1
DONLEY COUNTY,129,34 Years,32,16,16,25,14,11,1,0,1,0,0,0,0,0,0,6,2,4
DONLEY COUNTY,129,35 Years,33,20,13,28,18,10,1,1,0,0,0,0,0,0,0,4,1,3
DONLEY COUNTY,129,36 Years,31,19,12,26,17,9,0,0,0,0,0,0,0,0,0,5,2,3
DONLEY COUNTY,129,37 Years,43,22,21,32,16,16,1,0,1,0,0,0,2,1,1,8,5,3
DONLEY COUNTY,129,38 Years,30,14,16,24,12,12,2,1,1,0,0,0,0,0,0,4,1,3
DONLEY COUNTY,129,39 Years,34,17,17,29,14,15,1,0,1,0,0,0,0,0,0,4,3,1
DONLEY COUNTY,129,40 Years,28,13,15,22,11,11,1,0,1,0,0,0,0,0,0,5,2,3
DONLEY COUNTY,129,41 Years,25,14,11,21,12,9,1,0,1,0,0,0,1,1,0,2,1,1
DONLEY COUNTY,129,42 Years,28,15,13,22,11,11,1,1,0,0,0,0,1,1,0,4,2,2
DONLEY COUNTY,129,43 Years,29,13,16,23,10,13,1,0,1,0,0,0,1,1,0,4,2,2
DONLEY COUNTY,129,44 Years,27,13,14,23,11,12,0,0,0,0,0,0,0,0,0,4,2,2
DONLEY COUNTY,129,45 Years,27,10,17,23,9,14,2,1,1,0,0,0,0,0,0,2,0,2
DONLEY COUNTY,129,46 Years,27,11,16,21,7,14,2,1,1,0,0,0,0,0,0,4,3,1
DONLEY COUNTY,129,47 Years,29,13,16,22,9,13,2,1,1,0,0,0,1,1,0,4,2,2
DONLEY COUNTY,129,48 Years,33,16,17,30,13,17,2,2,0,0,0,0,0,0,0,1,1,0
DONLEY COUNTY,129,49 Years,32,15,17,29,13,16,1,1,0,0,0,0,1,1,0,1,0,1
DONLEY COUNTY,129,50 Years,31,15,16,26,13,13,1,1,0,1,0,1,2,1,1,1,0,1
DONLEY COUNTY,129,51 Years,31,15,16,24,13,11,1,0,1,1,0,1,2,1,1,3,1,2
DONLEY COUNTY,129,52 Years,31,14,17,27,13,14,0,0,0,0,0,0,1,0,1,3,1,2
DONLEY COUNTY,129,53 Years,38,15,23,33,13,20,2,0,2,0,0,0,0,0,0,3,2,1
DONLEY COUNTY,129,54 Years,33,17,16,30,15,15,2,1,1,0,0,0,0,0,0,1,1,0
DONLEY COUNTY,129,55 Years,38,16,22,35,15,20,1,1,0,0,0,0,1,0,1,1,0,1
DONLEY COUNTY,129,56 Years,49,24,25,44,22,22,1,1,0,0,0,0,2,0,2,2,1,1
DONLEY COUNTY,129,57 Years,48,25,23,41,22,19,4,2,2,0,0,0,1,0,1,2,1,1
DONLEY COUNTY,129,58 Years,45,23,22,37,19,18,2,1,1,0,0,0,0,0,0,6,3,3
DONLEY COUNTY,129,59 Years,46,22,24,37,16,21,2,2,0,0,0,0,0,0,0,7,4,3
DONLEY COUNTY,129,60 Years,45,21,24,38,17,21,3,2,1,0,0,0,0,0,0,4,2,2
DONLEY COUNTY,129,61 Years,40,16,24,35,15,20,2,0,2,0,0,0,1,1,0,2,0,2
DONLEY COUNTY,129,62 Years,42,20,22,35,17,18,1,0,1,0,0,0,2,1,1,4,2,2
DONLEY COUNTY,129,63 Years,52,27,25,48,24,24,0,0,0,0,0,0,1,1,0,3,2,1
DONLEY COUNTY,129,64 Years,52,29,23,48,28,20,3,1,2,1,0,1,0,0,0,0,0,0
DONLEY COUNTY,129,65 Years,44,22,22,41,21,20,1,0,1,1,0,1,0,0,0,1,1,0
DONLEY COUNTY,129,66 Years,40,19,21,37,19,18,2,0,2,0,0,0,0,0,0,1,0,1
DONLEY COUNTY,129,67 Years,38,20,18,35,18,17,1,1,0,0,0,0,0,0,0,2,1,1
DONLEY COUNTY,129,68 Years,46,23,23,43,20,23,1,1,0,0,0,0,0,0,0,2,2,0
DONLEY COUNTY,129,69 Years,48,24,24,44,24,20,0,0,0,0,0,0,1,0,1,3,0,3
DONLEY COUNTY,129,70 Years,53,29,24,48,26,22,1,1,0,0,0,0,1,0,1,3,2,1
DONLEY COUNTY,129,71 Years,46,17,29,43,16,27,1,1,0,0,0,0,1,0,1,1,0,1
DONLEY COUNTY,129,72 Years,41,18,23,39,17,22,0,0,0,1,1,0,1,0,1,0,0,0
DONLEY COUNTY,129,73 Years,37,15,22,34,12,22,0,0,0,0,0,0,0,0,0,3,3,0
DONLEY COUNTY,129,74 Years,31,13,18,28,11,17,1,0,1,0,0,0,0,0,0,2,2,0
DONLEY COUNTY,129,75 Years,41,14,27,39,14,25,1,0,1,0,0,0,0,0,0,1,0,1
DONLEY COUNTY,129,76 Years,37,16,21,35,14,21,0,0,0,0,0,0,1,1,0,1,1,0
DONLEY COUNTY,129,77 Years,29,10,19,27,9,18,1,1,0,0,0,0,0,0,0,1,0,1
DONLEY COUNTY,129,78 Years,30,14,16,27,12,15,2,1,1,0,0,0,0,0,0,1,1,0
DONLEY COUNTY,129,79 Years,33,15,18,29,13,16,2,1,1,0,0,0,0,0,0,2,1,1
DONLEY COUNTY,129,80 Years,23,10,13,22,10,12,0,0,0,0,0,0,0,0,0,1,0,1
DONLEY COUNTY,129,81 Years,22,8,14,21,8,13,0,0,0,0,0,0,0,0,0,1,0,1
DONLEY COUNTY,129,82 Years,25,9,16,24,9,15,1,0,1,0,0,0,0,0,0,0,0,0
DONLEY COUNTY,129,83 Years,20,7,13,18,7,11,1,0,1,0,0,0,1,0,1,0,0,0
DONLEY COUNTY,129,84 Years,20,10,10,17,8,9,0,0,0,0,0,0,2,1,1,1,1,0
DONLEY COUNTY,129,85 Years,15,9,6,11,5,6,2,2,0,0,0,0,1,1,0,1,1,0
DONLEY COUNTY,129,86 Years,9,4,5,8,4,4,1,0,1,0,0,0,0,0,0,0,0,0
DONLEY COUNTY,129,87 Years,9,5,4,9,5,4,0,0,0,0,0,0,0,0,0,0,0,0
DONLEY COUNTY,129,88 Years,11,4,7,11,4,7,0,0,0,0,0,0,0,0,0,0,0,0
DONLEY COUNTY,129,89 Years,11,6,5,11,6,5,0,0,0,0,0,0,0,0,0,0,0,0
DONLEY COUNTY,129,90 Years,10,4,6,10,4,6,0,0,0,0,0,0,0,0,0,0,0,0
DONLEY COUNTY,129,91 Years,5,2,3,5,2,3,0,0,0,0,0,0,0,0,0,0,0,0
DONLEY COUNTY,129,92 Years,8,2,6,6,2,4,2,0,2,0,0,0,0,0,0,0,0,0
DONLEY COUNTY,129,93 Years,5,2,3,4,2,2,1,0,1,0,0,0,0,0,0,0,0,0
DONLEY COUNTY,129,94 Years,3,2,1,3,2,1,0,0,0,0,0,0,0,0,0,0,0,0
DONLEY COUNTY,129,95 Years +,8,3,5,6,2,4,1,1,0,0,0,0,0,0,0,1,0,1
DUVAL COUNTY,131,All Ages,10907,5625,5282,1138,645,493,75,74,1,14,6,8,51,24,27,9629,4876,4753
DUVAL COUNTY,131,< 1 Year,162,84,78,7,6,1,0,0,0,0,0,0,0,0,0,155,78,77
DUVAL COUNTY,131,1 Years,158,81,77,9,6,3,0,0,0,0,0,0,0,0,0,149,75,74
DUVAL COUNTY,131,2 Years,152,79,73,9,6,3,0,0,0,0,0,0,2,1,1,141,72,69
DUVAL COUNTY,131,3 Years,162,82,80,9,4,5,0,0,0,0,0,0,3,1,2,150,77,73
DUVAL COUNTY,131,4 Years,174,87,87,8,4,4,0,0,0,0,0,0,0,0,0,166,83,83
DUVAL COUNTY,131,5 Years,174,82,92,7,3,4,0,0,0,0,0,0,0,0,0,167,79,88
DUVAL COUNTY,131,6 Years,170,83,87,9,6,3,0,0,0,0,0,0,0,0,0,161,77,84
DUVAL COUNTY,131,7 Years,167,79,88,11,6,5,0,0,0,0,0,0,0,0,0,156,73,83
DUVAL COUNTY,131,8 Years,173,86,87,12,7,5,0,0,0,0,0,0,1,1,0,160,78,82
DUVAL COUNTY,131,9 Years,172,79,93,11,6,5,1,1,0,0,0,0,1,1,0,159,71,88
DUVAL COUNTY,131,10 Years,151,77,74,12,6,6,1,1,0,0,0,0,0,0,0,138,70,68
DUVAL COUNTY,131,11 Years,150,68,82,13,6,7,1,1,0,0,0,0,2,1,1,134,60,74
DUVAL COUNTY,131,12 Years,142,72,70,10,4,6,1,1,0,0,0,0,1,0,1,130,67,63
DUVAL COUNTY,131,13 Years,131,57,74,8,5,3,0,0,0,0,0,0,1,0,1,122,52,70
DUVAL COUNTY,131,14 Years,162,85,77,17,10,7,0,0,0,0,0,0,1,1,0,144,74,70
DUVAL COUNTY,131,15 Years,148,82,66,13,7,6,0,0,0,0,0,0,1,0,1,134,75,59
DUVAL COUNTY,131,16 Years,145,88,57,15,10,5,0,0,0,0,0,0,0,0,0,130,78,52
DUVAL COUNTY,131,17 Years,133,76,57,13,10,3,0,0,0,0,0,0,1,1,0,119,65,54
DUVAL COUNTY,131,18 Years,132,77,55,12,9,3,1,1,0,0,0,0,1,0,1,118,67,51
DUVAL COUNTY,131,19 Years,154,82,72,21,12,9,1,1,0,1,0,1,0,0,0,131,69,62
DUVAL COUNTY,131,20 Years,140,83,57,19,13,6,0,0,0,0,0,0,0,0,0,121,70,51
DUVAL COUNTY,131,21 Years,142,85,57,14,10,4,1,1,0,0,0,0,2,1,1,125,73,52
DUVAL COUNTY,131,22 Years,144,85,59,13,11,2,2,2,0,0,0,0,1,1,0,128,71,57
DUVAL COUNTY,131,23 Years,149,83,66,16,7,9,3,3,0,0,0,0,1,0,1,129,73,56
DUVAL COUNTY,131,24 Years,148,88,60,14,8,6,1,1,0,0,0,0,3,2,1,130,77,53
DUVAL COUNTY,131,25 Years,160,95,65,20,12,8,1,1,0,0,0,0,1,1,0,138,81,57
DUVAL COUNTY,131,26 Years,154,97,57,14,11,3,2,2,0,0,0,0,0,0,0,138,84,54
DUVAL COUNTY,131,27 Years,153,82,71,13,8,5,1,1,0,1,1,0,0,0,0,138,72,66
DUVAL COUNTY,131,28 Years,168,92,76,13,9,4,5,5,0,0,0,0,0,0,0,150,78,72
DUVAL COUNTY,131,29 Years,143,79,64,10,6,4,0,0,0,0,0,0,0,0,0,133,73,60
DUVAL COUNTY,131,30 Years,141,80,61,10,5,5,1,1,0,0,0,0,0,0,0,130,74,56
DUVAL COUNTY,131,31 Years,132,74,58,9,7,2,1,1,0,0,0,0,1,1,0,121,65,56
DUVAL COUNTY,131,32 Years,135,76,59,7,3,4,1,1,0,0,0,0,1,1,0,126,71,55
DUVAL COUNTY,131,33 Years,132,69,63,8,5,3,1,1,0,0,0,0,2,2,0,121,61,60
DUVAL COUNTY,131,34 Years,119,64,55,8,6,2,0,0,0,0,0,0,0,0,0,111,58,53
DUVAL COUNTY,131,35 Years,123,64,59,12,8,4,1,1,0,0,0,0,1,1,0,109,54,55
DUVAL COUNTY,131,36 Years,116,60,56,14,8,6,0,0,0,0,0,0,1,0,1,101,52,49
DUVAL COUNTY,131,37 Years,108,60,48,12,6,6,0,0,0,0,0,0,0,0,0,96,54,42
DUVAL COUNTY,131,38 Years,122,62,60,11,7,4,1,0,1,0,0,0,1,0,1,109,55,54
DUVAL COUNTY,131,39 Years,126,63,63,13,6,7,2,2,0,0,0,0,0,0,0,111,55,56
DUVAL COUNTY,131,40 Years,107,52,55,14,8,6,1,1,0,0,0,0,0,0,0,92,43,49
DUVAL COUNTY,131,41 Years,113,56,57,15,6,9,1,1,0,0,0,0,0,0,0,97,49,48
DUVAL COUNTY,131,42 Years,129,70,59,18,11,7,2,2,0,0,0,0,0,0,0,109,57,52
DUVAL COUNTY,131,43 Years,120,65,55,14,6,8,1,1,0,0,0,0,0,0,0,105,58,47
DUVAL COUNTY,131,44 Years,109,55,54,12,8,4,2,2,0,0,0,0,0,0,0,95,45,50
DUVAL COUNTY,131,45 Years,123,56,67,15,10,5,1,1,0,0,0,0,0,0,0,107,45,62
DUVAL COUNTY,131,46 Years,122,59,63,15,8,7,1,1,0,2,0,2,0,0,0,104,50,54
DUVAL COUNTY,131,47 Years,117,71,46,18,13,5,2,2,0,0,0,0,1,0,1,96,56,40
DUVAL COUNTY,131,48 Years,119,58,61,12,5,7,2,2,0,0,0,0,0,0,0,105,51,54
DUVAL COUNTY,131,49 Years,105,55,50,8,5,3,1,1,0,0,0,0,0,0,0,96,49,47
DUVAL COUNTY,131,50 Years,109,54,55,11,8,3,2,2,0,0,0,0,1,1,0,95,43,52
DUVAL COUNTY,131,51 Years,113,60,53,13,10,3,1,1,0,1,1,0,1,0,1,97,48,49
DUVAL COUNTY,131,52 Years,110,61,49,10,6,4,2,2,0,0,0,0,1,1,0,97,52,45
DUVAL COUNTY,131,53 Years,114,58,56,9,6,3,2,2,0,1,0,1,2,0,2,100,50,50
DUVAL COUNTY,131,54 Years,120,65,55,12,11,1,3,3,0,1,1,0,0,0,0,104,50,54
DUVAL COUNTY,131,55 Years,118,65,53,15,10,5,2,2,0,0,0,0,1,1,0,100,52,48
DUVAL COUNTY,131,56 Years,130,64,66,16,9,7,2,2,0,1,0,1,0,0,0,111,53,58
DUVAL COUNTY,131,57 Years,138,72,66,15,8,7,2,2,0,1,1,0,1,1,0,119,60,59
DUVAL COUNTY,131,58 Years,147,82,65,18,11,7,2,2,0,1,1,0,0,0,0,126,68,58
DUVAL COUNTY,131,59 Years,136,68,68,15,9,6,3,3,0,0,0,0,1,0,1,117,56,61
DUVAL COUNTY,131,60 Years,118,61,57,17,11,6,2,2,0,0,0,0,0,0,0,99,48,51
DUVAL COUNTY,131,61 Years,122,64,58,17,10,7,1,1,0,0,0,0,0,0,0,104,53,51
DUVAL COUNTY,131,62 Years,119,61,58,16,7,9,0,0,0,0,0,0,0,0,0,103,54,49
DUVAL COUNTY,131,63 Years,102,52,50,14,5,9,1,1,0,0,0,0,0,0,0,87,46,41
DUVAL COUNTY,131,64 Years,107,50,57,16,7,9,1,1,0,0,0,0,0,0,0,90,42,48
DUVAL COUNTY,131,65 Years,107,55,52,13,8,5,1,1,0,0,0,0,0,0,0,93,46,47
DUVAL COUNTY,131,66 Years,104,61,43,13,10,3,1,1,0,0,0,0,0,0,0,90,50,40
DUVAL COUNTY,131,67 Years,96,60,36,13,10,3,1,1,0,0,0,0,0,0,0,82,49,33
DUVAL COUNTY,131,68 Years,101,49,52,11,6,5,1,1,0,0,0,0,0,0,0,89,42,47
DUVAL COUNTY,131,69 Years,105,44,61,16,4,12,0,0,0,0,0,0,1,0,1,88,40,48
DUVAL COUNTY,131,70 Years,111,54,57,13,7,6,1,1,0,0,0,0,2,1,1,95,45,50
DUVAL COUNTY,131,71 Years,109,56,53,14,8,6,0,0,0,0,0,0,2,1,1,93,47,46
DUVAL COUNTY,131,72 Years,105,56,49,14,6,8,0,0,0,0,0,0,1,0,1,90,50,40
DUVAL COUNTY,131,73 Years,112,50,62,15,7,8,0,0,0,0,0,0,1,1,0,96,42,54
DUVAL COUNTY,131,74 Years,122,54,68,14,7,7,0,0,0,1,0,1,0,0,0,107,47,60
DUVAL COUNTY,131,75 Years,113,51,62,15,7,8,0,0,0,1,0,1,1,0,1,96,44,52
DUVAL COUNTY,131,76 Years,94,47,47,8,4,4,0,0,0,1,1,0,0,0,0,85,42,43
DUVAL COUNTY,131,77 Years,78,38,40,9,6,3,0,0,0,0,0,0,0,0,0,69,32,37
DUVAL COUNTY,131,78 Years,78,35,43,13,6,7,0,0,0,0,0,0,1,0,1,64,29,35
DUVAL COUNTY,131,79 Years,67,32,35,13,4,9,0,0,0,1,0,1,1,0,1,52,28,24
DUVAL COUNTY,131,80 Years,78,34,44,13,5,8,0,0,0,0,0,0,0,0,0,65,29,36
DUVAL COUNTY,131,81 Years,57,23,34,13,5,8,0,0,0,0,0,0,0,0,0,44,18,26
DUVAL COUNTY,131,82 Years,48,20,28,9,5,4,0,0,0,0,0,0,0,0,0,39,15,24
DUVAL COUNTY,131,83 Years,58,23,35,10,4,6,0,0,0,0,0,0,0,0,0,48,19,29
DUVAL COUNTY,131,84 Years,49,19,30,8,4,4,0,0,0,0,0,0,0,0,0,41,15,26
DUVAL COUNTY,131,85 Years,37,14,23,7,4,3,0,0,0,0,0,0,1,0,1,29,10,19
DUVAL COUNTY,131,86 Years,39,14,25,7,3,4,0,0,0,0,0,0,0,0,0,32,11,21
DUVAL COUNTY,131,87 Years,36,12,24,8,3,5,0,0,0,0,0,0,0,0,0,28,9,19
DUVAL COUNTY,131,88 Years,36,16,20,7,3,4,0,0,0,0,0,0,0,0,0,29,13,16
DUVAL COUNTY,131,89 Years,24,9,15,6,2,4,0,0,0,0,0,0,0,0,0,18,7,11
DUVAL COUNTY,131,90 Years,24,8,16,5,2,3,0,0,0,0,0,0,0,0,0,19,6,13
DUVAL COUNTY,131,91 Years,20,7,13,4,1,3,0,0,0,0,0,0,0,0,0,16,6,10
DUVAL COUNTY,131,92 Years,15,7,8,4,2,2,0,0,0,0,0,0,0,0,0,11,5,6
DUVAL COUNTY,131,93 Years,12,5,7,3,2,1,0,0,0,0,0,0,0,0,0,9,3,6
DUVAL COUNTY,131,94 Years,9,3,6,2,1,1,0,0,0,0,0,0,0,0,0,7,2,5
DUVAL COUNTY,131,95 Years +,29,8,21,7,2,5,0,0,0,0,0,0,1,0,1,21,6,15
EASTLAND COUNTY,133,All Ages,18307,9232,9075,14420,7135,7285,337,193,144,77,35,42,323,166,157,3150,1703,1447
EASTLAND COUNTY,133,< 1 Year,234,124,110,177,91,86,3,1,2,1,0,1,5,2,3,48,30,18
EASTLAND COUNTY,133,1 Years,239,123,116,185,96,89,3,0,3,1,0,1,5,3,2,45,24,21
EASTLAND COUNTY,133,2 Years,238,128,110,179,96,83,5,2,3,4,2,2,7,4,3,43,24,19
EASTLAND COUNTY,133,3 Years,239,126,113,183,95,88,3,2,1,3,2,1,8,5,3,42,22,20
EASTLAND COUNTY,133,4 Years,243,131,112,189,97,92,3,2,1,3,2,1,8,6,2,40,24,16
EASTLAND COUNTY,133,5 Years,233,127,106,184,99,85,3,1,2,0,0,0,9,5,4,37,22,15
EASTLAND COUNTY,133,6 Years,217,116,101,170,92,78,3,1,2,0,0,0,8,5,3,36,18,18
EASTLAND COUNTY,133,7 Years,208,110,98,157,83,74,2,1,1,0,0,0,9,4,5,40,22,18
EASTLAND COUNTY,133,8 Years,207,105,102,158,78,80,2,1,1,0,0,0,5,4,1,42,22,20
EASTLAND COUNTY,133,9 Years,224,121,103,166,87,79,2,2,0,0,0,0,4,1,3,52,31,21
EASTLAND COUNTY,133,10 Years,190,99,91,126,65,61,2,1,1,0,0,0,4,2,2,58,31,27
EASTLAND COUNTY,133,11 Years,208,106,102,133,64,69,3,2,1,1,0,1,5,2,3,66,38,28
EASTLAND COUNTY,133,12 Years,198,97,101,134,69,65,2,2,0,1,1,0,5,2,3,56,23,33
EASTLAND COUNTY,133,13 Years,233,108,125,161,76,85,1,1,0,0,0,0,5,4,1,66,27,39
EASTLAND COUNTY,133,14 Years,230,109,121,157,73,84,2,1,1,1,1,0,4,1,3,66,33,33
EASTLAND COUNTY,133,15 Years,248,126,122,167,83,84,3,1,2,2,1,1,4,2,2,72,39,33
EASTLAND COUNTY,133,16 Years,269,155,114,193,114,79,3,1,2,1,1,0,4,3,1,68,36,32
EASTLAND COUNTY,133,17 Years,254,148,106,178,104,74,9,6,3,1,1,0,4,1,3,62,36,26
EASTLAND COUNTY,133,18 Years,262,152,110,147,89,58,26,10,16,2,0,2,2,0,2,85,53,32
EASTLAND COUNTY,133,19 Years,278,161,117,131,83,48,59,38,21,1,0,1,2,1,1,85,39,46
EASTLAND COUNTY,133,20 Years,242,141,101,130,77,53,24,16,8,0,0,0,7,4,3,81,44,37
EASTLAND COUNTY,133,21 Years,182,102,80,105,57,48,25,20,5,0,0,0,3,1,2,49,24,25
EASTLAND COUNTY,133,22 Years,181,100,81,119,61,58,13,7,6,0,0,0,2,1,1,47,31,16
EASTLAND COUNTY,133,23 Years,184,99,85,129,64,65,8,5,3,0,0,0,2,1,1,45,29,16
EASTLAND COUNTY,133,24 Years,168,86,82,111,50,61,2,2,0,0,0,0,4,2,2,51,32,19
EASTLAND COUNTY,133,25 Years,176,93,83,119,59,60,3,3,0,0,0,0,3,3,0,51,28,23
EASTLAND COUNTY,133,26 Years,179,99,80,128,70,58,1,1,0,0,0,0,3,2,1,47,26,21
EASTLAND COUNTY,133,27 Years,213,111,102,167,81,86,2,1,1,1,0,1,1,1,0,42,28,14
EASTLAND COUNTY,133,28 Years,326,192,134,250,148,102,6,4,2,6,5,1,9,7,2,55,28,27
EASTLAND COUNTY,133,29 Years,267,151,116,207,118,89,4,3,1,3,2,1,9,5,4,44,23,21
EASTLAND COUNTY,133,30 Years,197,105,92,151,80,71,2,2,0,2,1,1,3,2,1,39,20,19
EASTLAND COUNTY,133,31 Years,168,88,80,125,62,63,1,1,0,2,1,1,1,1,0,39,23,16
EASTLAND COUNTY,133,32 Years,160,87,73,111,61,50,0,0,0,0,0,0,2,1,1,47,25,22
EASTLAND COUNTY,133,33 Years,178,87,91,133,64,69,2,1,1,0,0,0,1,1,0,42,21,21
EASTLAND COUNTY,133,34 Years,203,94,109,155,68,87,1,1,0,2,1,1,3,2,1,42,22,20
EASTLAND COUNTY,133,35 Years,163,83,80,127,67,60,1,0,1,1,0,1,2,1,1,32,15,17
EASTLAND COUNTY,133,36 Years,205,99,106,151,71,80,3,2,1,2,0,2,1,0,1,48,26,22
EASTLAND COUNTY,133,37 Years,206,111,95,166,85,81,2,2,0,0,0,0,1,1,0,37,23,14
EASTLAND COUNTY,133,38 Years,205,106,99,160,87,73,4,3,1,0,0,0,3,1,2,38,15,23
EASTLAND COUNTY,133,39 Years,216,101,115,169,76,93,3,3,0,0,0,0,4,1,3,40,21,19
EASTLAND COUNTY,133,40 Years,206,106,100,157,74,83,1,0,1,1,1,0,5,3,2,42,28,14
EASTLAND COUNTY,133,41 Years,176,85,91,131,63,68,2,1,1,0,0,0,3,1,2,40,20,20
EASTLAND COUNTY,133,42 Years,186,99,87,139,74,65,1,0,1,2,1,1,1,0,1,43,24,19
EASTLAND COUNTY,133,43 Years,206,107,99,167,78,89,2,2,0,1,1,0,0,0,0,36,26,10
EASTLAND COUNTY,133,44 Years,198,104,94,158,78,80,2,1,1,0,0,0,2,0,2,36,25,11
EASTLAND COUNTY,133,45 Years,175,91,84,137,71,66,1,1,0,3,1,2,2,1,1,32,17,15
EASTLAND COUNTY,133,46 Years,162,65,97,126,55,71,0,0,0,2,0,2,3,1,2,31,9,22
EASTLAND COUNTY,133,47 Years,190,90,100,156,77,79,0,0,0,1,0,1,3,1,2,30,12,18
EASTLAND COUNTY,133,48 Years,183,85,98,145,68,77,0,0,0,2,1,1,3,2,1,33,14,19
EASTLAND COUNTY,133,49 Years,194,96,98,146,74,72,0,0,0,0,0,0,2,1,1,46,21,25
EASTLAND COUNTY,133,50 Years,192,95,97,150,74,76,0,0,0,0,0,0,5,3,2,37,18,19
EASTLAND COUNTY,133,51 Years,178,81,97,146,67,79,2,0,2,2,1,1,3,1,2,25,12,13
EASTLAND COUNTY,133,52 Years,185,81,104,154,65,89,2,1,1,0,0,0,3,1,2,26,14,12
EASTLAND COUNTY,133,53 Years,193,96,97,161,78,83,1,1,0,1,1,0,2,1,1,28,15,13
EASTLAND COUNTY,133,54 Years,210,108,102,181,92,89,1,1,0,1,0,1,2,0,2,25,15,10
EASTLAND COUNTY,133,55 Years,224,108,116,186,91,95,4,2,2,3,2,1,3,0,3,28,13,15
EASTLAND COUNTY,133,56 Years,253,132,121,197,106,91,1,0,1,1,0,1,6,1,5,48,25,23
EASTLAND COUNTY,133,57 Years,271,143,128,233,121,112,5,4,1,1,1,0,3,2,1,29,15,14
EASTLAND COUNTY,133,58 Years,259,137,122,215,106,109,3,3,0,1,1,0,4,3,1,36,24,12
EASTLAND COUNTY,133,59 Years,262,130,132,217,104,113,3,0,3,1,1,0,4,3,1,37,22,15
EASTLAND COUNTY,133,60 Years,298,137,161,257,116,141,3,1,2,0,0,0,6,4,2,32,16,16
EASTLAND COUNTY,133,61 Years,297,148,149,258,127,131,5,2,3,0,0,0,7,5,2,27,14,13
EASTLAND COUNTY,133,62 Years,264,132,132,231,115,116,4,2,2,0,0,0,4,2,2,25,13,12
EASTLAND COUNTY,133,63 Years,251,121,130,224,107,117,4,2,2,0,0,0,2,1,1,21,11,10
EASTLAND COUNTY,133,64 Years,242,118,124,215,106,109,2,0,2,2,0,2,3,0,3,20,12,8
EASTLAND COUNTY,133,65 Years,211,107,104,188,93,95,2,2,0,3,1,2,1,0,1,17,11,6
EASTLAND COUNTY,133,66 Years,215,109,106,184,92,92,3,2,1,2,0,2,3,1,2,23,14,9
EASTLAND COUNTY,133,67 Years,246,122,124,215,105,110,2,1,1,1,0,1,4,3,1,24,13,11
EASTLAND COUNTY,133,68 Years,246,120,126,219,105,114,2,0,2,1,0,1,4,3,1,20,12,8
EASTLAND COUNTY,133,69 Years,239,114,125,217,100,117,3,1,2,0,0,0,2,1,1,17,12,5
EASTLAND COUNTY,133,70 Years,207,96,111,193,90,103,3,1,2,0,0,0,2,1,1,9,4,5
EASTLAND COUNTY,133,71 Years,250,117,133,221,101,120,1,0,1,0,0,0,5,2,3,23,14,9
EASTLAND COUNTY,133,72 Years,262,121,141,231,101,130,2,1,1,1,0,1,3,2,1,25,17,8
EASTLAND COUNTY,133,73 Years,206,96,110,180,80,100,0,0,0,1,1,0,4,2,2,21,13,8
EASTLAND COUNTY,133,74 Years,187,92,95,175,85,90,0,0,0,0,0,0,1,1,0,11,6,5
EASTLAND COUNTY,133,75 Years,177,94,83,163,87,76,3,1,2,0,0,0,2,2,0,9,4,5
EASTLAND COUNTY,133,76 Years,188,86,102,172,79,93,1,1,0,0,0,0,6,3,3,9,3,6
EASTLAND COUNTY,133,77 Years,172,79,93,156,73,83,0,0,0,0,0,0,6,3,3,10,3,7
EASTLAND COUNTY,133,78 Years,142,59,83,133,56,77,0,0,0,0,0,0,1,0,1,8,3,5
EASTLAND COUNTY,133,79 Years,143,64,79,129,59,70,4,2,2,0,0,0,3,1,2,7,2,5
EASTLAND COUNTY,133,80 Years,143,66,77,127,60,67,2,1,1,1,0,1,3,2,1,10,3,7
EASTLAND COUNTY,133,81 Years,121,57,64,112,53,59,1,0,1,0,0,0,3,2,1,5,2,3
EASTLAND COUNTY,133,82 Years,112,47,65,101,42,59,2,0,2,0,0,0,3,1,2,6,4,2
EASTLAND COUNTY,133,83 Years,98,41,57,87,36,51,0,0,0,0,0,0,2,0,2,9,5,4
EASTLAND COUNTY,133,84 Years,93,39,54,85,35,50,0,0,0,0,0,0,2,1,1,6,3,3
EASTLAND COUNTY,133,85 Years,83,36,47,73,32,41,3,1,2,0,0,0,1,1,0,6,2,4
EASTLAND COUNTY,133,86 Years,76,34,42,66,29,37,2,1,1,0,0,0,2,1,1,6,3,3
EASTLAND COUNTY,133,87 Years,70,28,42,62,25,37,2,0,2,0,0,0,2,0,2,4,3,1
EASTLAND COUNTY,133,88 Years,55,23,32,49,21,28,0,0,0,0,0,0,1,0,1,5,2,3
EASTLAND COUNTY,133,89 Years,47,16,31,42,15,27,0,0,0,0,0,0,0,0,0,5,1,4
EASTLAND COUNTY,133,90 Years,41,17,24,37,14,23,0,0,0,0,0,0,1,1,0,3,2,1
EASTLAND COUNTY,133,91 Years,35,12,23,31,10,21,0,0,0,1,0,1,0,0,0,3,2,1
EASTLAND COUNTY,133,92 Years,26,10,16,22,8,14,0,0,0,0,0,0,2,0,2,2,2,0
EASTLAND COUNTY,133,93 Years,23,8,15,20,8,12,0,0,0,0,0,0,1,0,1,2,0,2
EASTLAND COUNTY,133,94 Years,21,9,12,18,7,11,0,0,0,0,0,0,0,0,0,3,2,1
EASTLAND COUNTY,133,95 Years +,46,11,35,37,7,30,4,1,3,0,0,0,1,0,1,4,3,1
ECTOR COUNTY,135,All Ages,167383,86490,80893,51455,26151,25304,7395,3903,3492,1760,791,969,2602,1292,1310,104171,54353,49818
ECTOR COUNTY,135,< 1 Year,2677,1363,1314,520,262,258,140,72,68,17,8,9,92,43,49,1908,978,930
ECTOR COUNTY,135,1 Years,2668,1354,1314,512,260,252,129,65,64,21,11,10,91,45,46,1915,973,942
ECTOR COUNTY,135,2 Years,2626,1358,1268,515,265,250,129,68,61,22,11,11,90,43,47,1870,971,899
ECTOR COUNTY,135,3 Years,2701,1392,1309,558,289,269,113,57,56,25,13,12,95,46,49,1910,987,923
ECTOR COUNTY,135,4 Years,2901,1511,1390,622,322,300,115,62,53,30,15,15,101,52,49,2033,1060,973
ECTOR COUNTY,135,5 Years,3012,1556,1456,659,337,322,109,64,45,31,16,15,102,53,49,2111,1086,1025
ECTOR COUNTY,135,6 Years,2993,1552,1441,660,343,317,113,67,46,27,15,12,92,52,40,2101,1075,1026
ECTOR COUNTY,135,7 Years,2811,1446,1365,627,326,301,115,65,50,28,15,13,68,37,31,1973,1003,970
ECTOR COUNTY,135,8 Years,2702,1392,1310,603,314,289,120,64,56,24,12,12,58,30,28,1897,972,925
ECTOR COUNTY,135,9 Years,2678,1390,1288,577,310,267,125,63,62,19,16,3,57,29,28,1900,972,928
ECTOR COUNTY,135,10 Years,2848,1432,1416,682,352,330,117,63,54,19,7,12,40,19,21,1990,991,999
ECTOR COUNTY,135,11 Years,2813,1413,1400,665,346,319,139,74,65,21,6,15,42,21,21,1946,966,980
ECTOR COUNTY,135,12 Years,2774,1409,1365,649,318,331,127,64,63,21,3,18,40,23,17,1937,1001,936
ECTOR COUNTY,135,13 Years,2609,1331,1278,587,288,299,115,65,50,24,6,18,35,20,15,1848,952,896
ECTOR COUNTY,135,14 Years,2619,1335,1284,568,290,278,117,64,53,32,14,18,43,21,22,1859,946,913
ECTOR COUNTY,135,15 Years,2648,1344,1304,603,306,297,116,66,50,35,19,16,38,20,18,1856,933,923
ECTOR COUNTY,135,16 Years,2736,1375,1361,590,292,298,124,67,57,28,9,19,37,20,17,1957,987,970
ECTOR COUNTY,135,17 Years,2686,1374,1312,594,323,271,118,61,57,20,3,17,33,11,22,1921,976,945
ECTOR COUNTY,135,18 Years,2574,1358,1216,553,300,253,96,53,43,25,6,19,33,18,15,1867,981,886
ECTOR COUNTY,135,19 Years,2497,1341,1156,500,273,227,110,68,42,34,15,19,32,16,16,1821,969,852
ECTOR COUNTY,135,20 Years,2527,1381,1146,526,303,223,106,65,41,26,9,17,32,20,12,1837,984,853
ECTOR COUNTY,135,21 Years,2547,1403,1144,573,317,256,101,57,44,22,14,8,37,21,16,1814,994,820
ECTOR COUNTY,135,22 Years,2547,1415,1132,576,313,263,93,58,35,29,15,14,31,19,12,1818,1010,808
ECTOR COUNTY,135,23 Years,2528,1416,1112,606,313,293,103,57,46,21,15,6,19,8,11,1779,1023,756
ECTOR COUNTY,135,24 Years,2541,1427,1114,590,319,271,95,51,44,20,18,2,36,16,20,1800,1023,777
ECTOR COUNTY,135,25 Years,2629,1481,1148,654,366,288,100,58,42,8,5,3,24,11,13,1843,1041,802
ECTOR COUNTY,135,26 Years,2786,1533,1253,724,395,329,117,63,54,14,11,3,27,15,12,1904,1049,855
ECTOR COUNTY,135,27 Years,2963,1619,1344,840,454,386,116,58,58,19,7,12,45,27,18,1943,1073,870
ECTOR COUNTY,135,28 Years,3081,1639,1442,954,484,470,122,66,56,10,3,7,47,25,22,1948,1061,887
ECTOR COUNTY,135,29 Years,3049,1646,1403,930,464,466,123,68,55,9,4,5,38,16,22,1949,1094,855
ECTOR COUNTY,135,30 Years,3035,1651,1384,892,490,402,122,65,57,8,4,4,38,15,23,1975,1077,898
ECTOR COUNTY,135,31 Years,2828,1503,1325,892,481,411,121,58,63,19,6,13,27,10,17,1769,948,821
ECTOR COUNTY,135,32 Years,2869,1528,1341,876,476,400,122,69,53,35,17,18,27,10,17,1809,956,853
ECTOR COUNTY,135,33 Years,2803,1524,1279,857,461,396,114,60,54,27,20,7,32,11,21,1773,972,801
ECTOR COUNTY,135,34 Years,2638,1387,1251,828,435,393,112,60,52,22,9,13,29,11,18,1647,872,775
ECTOR COUNTY,135,35 Years,2517,1353,1164,769,417,352,102,58,44,11,2,9,25,11,14,1610,865,745
ECTOR COUNTY,135,36 Years,2624,1444,1180,807,434,373,101,52,49,12,6,6,20,11,9,1684,941,743
ECTOR COUNTY,135,37 Years,2476,1354,1122,736,384,352,101,60,41,21,6,15,27,14,13,1591,890,701
ECTOR COUNTY,135,38 Years,2345,1270,1075,713,370,343,99,57,42,31,14,17,27,15,12,1475,814,661
ECTOR COUNTY,135,39 Years,2248,1231,1017,704,363,341,84,48,36,37,18,19,23,13,10,1400,789,611
ECTOR COUNTY,135,40 Years,2030,1079,951,625,340,285,88,47,41,30,8,22,16,6,10,1271,678,593
ECTOR COUNTY,135,41 Years,1929,1001,928,593,323,270,86,42,44,25,5,20,21,8,13,1204,623,581
ECTOR COUNTY,135,42 Years,1938,1000,938,565,300,265,75,38,37,22,6,16,19,8,11,1257,648,609
ECTOR COUNTY,135,43 Years,1929,1019,910,536,292,244,72,38,34,33,17,16,19,8,11,1269,664,605
ECTOR COUNTY,135,44 Years,1896,997,899,547,289,258,79,45,34,24,17,7,16,6,10,1230,640,590
ECTOR COUNTY,135,45 Years,1798,890,908,534,275,259,74,38,36,33,18,15,10,5,5,1147,554,593
ECTOR COUNTY,135,46 Years,1746,885,861,558,285,273,67,34,33,33,18,15,16,7,9,1072,541,531
ECTOR COUNTY,135,47 Years,1827,920,907,567,285,282,78,38,40,36,18,18,23,11,12,1123,568,555
ECTOR COUNTY,135,48 Years,1883,987,896,607,305,302,80,44,36,43,18,25,24,11,13,1129,609,520
ECTOR COUNTY,135,49 Years,1759,932,827,586,311,275,73,39,34,27,16,11,20,10,10,1053,556,497
ECTOR COUNTY,135,50 Years,1640,827,813,571,285,286,67,32,35,15,9,6,12,6,6,975,495,480
ECTOR COUNTY,135,51 Years,1637,833,804,542,269,273,70,35,35,30,15,15,13,8,5,982,506,476
ECTOR COUNTY,135,52 Years,1567,805,762,509,252,257,74,33,41,32,16,16,10,7,3,942,497,445
ECTOR COUNTY,135,53 Years,1565,799,766,557,278,279,63,36,27,32,17,15,11,8,3,902,460,442
ECTOR COUNTY,135,54 Years,1643,848,795,610,321,289,86,50,36,12,6,6,22,11,11,913,460,453
ECTOR COUNTY,135,55 Years,1620,809,811,656,331,325,93,45,48,8,4,4,20,9,11,843,420,423
ECTOR COUNTY,135,56 Years,1669,832,837,723,350,373,78,37,41,17,5,12,24,13,11,827,427,400
ECTOR COUNTY,135,57 Years,1654,840,814,697,353,344,83,39,44,22,5,17,23,16,7,829,427,402
ECTOR COUNTY,135,58 Years,1649,831,818,713,357,356,96,45,51,22,4,18,24,12,12,794,413,381
ECTOR COUNTY,135,59 Years,1613,817,796,688,352,336,93,48,45,22,14,8,24,10,14,786,393,393
ECTOR COUNTY,135,60 Years,1562,769,793,725,371,354,89,40,49,14,8,6,23,10,13,711,340,371
ECTOR COUNTY,135,61 Years,1530,745,785,696,348,348,82,38,44,25,6,19,27,11,16,700,342,358
ECTOR COUNTY,135,62 Years,1520,753,767,683,342,341,91,48,43,45,15,30,29,14,15,672,334,338
ECTOR COUNTY,135,63 Years,1478,728,750,691,341,350,81,47,34,36,16,20,22,11,11,648,313,335
ECTOR COUNTY,135,64 Years,1359,674,685,643,316,327,74,40,34,33,16,17,18,10,8,591,292,299
ECTOR COUNTY,135,65 Years,1269,622,647,608,304,304,74,39,35,35,18,17,22,13,9,530,248,282
ECTOR COUNTY,135,66 Years,1216,614,602,589,299,290,62,35,27,17,9,8,21,12,9,527,259,268
ECTOR COUNTY,135,67 Years,1142,559,583,577,272,305,53,29,24,10,6,4,21,12,9,481,240,241
ECTOR COUNTY,135,68 Years,1047,505,542,511,236,275,57,33,24,15,3,12,17,9,8,447,224,223
ECTOR COUNTY,135,69 Years,1046,512,534,515,259,256,56,32,24,9,2,7,20,9,11,446,210,236
ECTOR COUNTY,135,70 Years,946,456,490,486,242,244,51,25,26,8,4,4,14,5,9,387,180,207
ECTOR COUNTY,135,71 Years,891,414,477,477,221,256,39,19,20,6,1,5,13,8,5,356,165,191
ECTOR COUNTY,135,72 Years,860,407,453,477,223,254,32,15,17,6,1,5,13,7,6,332,161,171
ECTOR COUNTY,135,73 Years,750,350,400,386,182,204,32,15,17,7,4,3,10,7,3,315,142,173
ECTOR COUNTY,135,74 Years,699,337,362,367,175,192,33,14,19,4,1,3,11,4,7,284,143,141
ECTOR COUNTY,135,75 Years,692,331,361,389,181,208,35,13,22,7,4,3,12,7,5,249,126,123
ECTOR COUNTY,135,76 Years,651,274,377,360,153,207,30,14,16,15,3,12,12,5,7,234,99,135
ECTOR COUNTY,135,77 Years,573,236,337,340,146,194,26,11,15,6,1,5,8,5,3,193,73,120
ECTOR COUNTY,135,78 Years,542,227,315,311,128,183,23,11,12,3,0,3,9,6,3,196,82,114
ECTOR COUNTY,135,79 Years,483,211,272,260,111,149,33,15,18,5,3,2,10,3,7,175,79,96
ECTOR COUNTY,135,80 Years,465,201,264,279,119,160,31,12,19,2,1,1,9,5,4,144,64,80
ECTOR COUNTY,135,81 Years,450,191,259,278,115,163,22,9,13,1,1,0,9,4,5,140,62,78
ECTOR COUNTY,135,82 Years,406,188,218,238,104,134,23,11,12,4,3,1,9,4,5,132,66,66
ECTOR COUNTY,135,83 Years,374,153,221,226,92,134,23,10,13,5,1,4,7,3,4,113,47,66
ECTOR COUNTY,135,84 Years,345,133,212,214,82,132,22,10,12,2,1,1,7,3,4,100,37,63
ECTOR COUNTY,135,85 Years,304,115,189,192,74,118,15,5,10,1,0,1,7,2,5,89,34,55
ECTOR COUNTY,135,86 Years,272,107,165,181,73,108,14,6,8,1,0,1,4,1,3,72,27,45
ECTOR COUNTY,135,87 Years,236,96,140,151,63,88,13,5,8,1,0,1,5,2,3,66,26,40
ECTOR COUNTY,135,88 Years,213,80,133,141,54,87,8,4,4,2,0,2,5,1,4,57,21,36
ECTOR COUNTY,135,89 Years,191,69,122,129,49,80,10,2,8,2,0,2,1,0,1,49,18,31
ECTOR COUNTY,135,90 Years,165,60,105,107,42,65,14,3,11,0,0,0,2,1,1,42,14,28
ECTOR COUNTY,135,91 Years,135,49,86,88,34,54,8,3,5,1,1,0,1,0,1,37,11,26
ECTOR COUNTY,135,92 Years,121,43,78,82,31,51,4,1,3,3,1,2,1,0,1,31,10,21
ECTOR COUNTY,135,93 Years,92,31,61,58,21,37,6,2,4,0,0,0,2,0,2,26,8,18
ECTOR COUNTY,135,94 Years,65,21,44,36,12,24,5,2,3,2,0,2,1,0,1,21,7,14
ECTOR COUNTY,135,95 Years +,147,47,100,89,28,61,8,2,6,5,2,3,3,0,3,42,15,27
EDWARDS COUNTY,137,All Ages,1959,1004,955,849,426,423,13,9,4,3,1,2,14,8,6,1080,560,520
EDWARDS COUNTY,137,< 1 Year,23,11,12,9,3,6,0,0,0,0,0,0,0,0,0,14,8,6
EDWARDS COUNTY,137,1 Years,19,9,10,6,3,3,0,0,0,0,0,0,0,0,0,13,6,7
EDWARDS COUNTY,137,2 Years,22,10,12,7,3,4,0,0,0,0,0,0,0,0,0,15,7,8
EDWARDS COUNTY,137,3 Years,20,9,11,6,3,3,0,0,0,0,0,0,0,0,0,14,6,8
EDWARDS COUNTY,137,4 Years,24,12,12,7,3,4,0,0,0,0,0,0,0,0,0,17,9,8
EDWARDS COUNTY,137,5 Years,22,12,10,5,2,3,0,0,0,0,0,0,0,0,0,17,10,7
EDWARDS COUNTY,137,6 Years,21,12,9,4,2,2,0,0,0,0,0,0,0,0,0,17,10,7
EDWARDS COUNTY,137,7 Years,23,14,9,8,4,4,0,0,0,0,0,0,0,0,0,15,10,5
EDWARDS COUNTY,137,8 Years,23,13,10,9,4,5,0,0,0,0,0,0,0,0,0,14,9,5
EDWARDS COUNTY,137,9 Years,22,10,12,7,4,3,0,0,0,0,0,0,0,0,0,15,6,9
EDWARDS COUNTY,137,10 Years,25,10,15,7,2,5,0,0,0,0,0,0,0,0,0,18,8,10
EDWARDS COUNTY,137,11 Years,17,8,9,7,4,3,0,0,0,0,0,0,0,0,0,10,4,6
EDWARDS COUNTY,137,12 Years,18,11,7,6,4,2,0,0,0,0,0,0,0,0,0,12,7,5
EDWARDS COUNTY,137,13 Years,25,15,10,8,4,4,0,0,0,0,0,0,1,1,0,16,10,6
EDWARDS COUNTY,137,14 Years,27,16,11,8,5,3,0,0,0,0,0,0,0,0,0,19,11,8
EDWARDS COUNTY,137,15 Years,23,15,8,8,5,3,1,1,0,0,0,0,0,0,0,14,9,5
EDWARDS COUNTY,137,16 Years,22,10,12,8,3,5,1,0,1,0,0,0,0,0,0,13,7,6
EDWARDS COUNTY,137,17 Years,27,16,11,13,8,5,1,0,1,0,0,0,0,0,0,13,8,5
EDWARDS COUNTY,137,18 Years,20,12,8,7,3,4,0,0,0,0,0,0,0,0,0,13,9,4
EDWARDS COUNTY,137,19 Years,15,7,8,3,1,2,0,0,0,0,0,0,0,0,0,12,6,6
EDWARDS COUNTY,137,20 Years,13,6,7,1,0,1,0,0,0,0,0,0,0,0,0,12,6,6
EDWARDS COUNTY,137,21 Years,12,5,7,0,0,0,0,0,0,0,0,0,0,0,0,12,5,7
EDWARDS COUNTY,137,22 Years,12,5,7,2,0,2,0,0,0,0,0,0,1,0,1,9,5,4
EDWARDS COUNTY,137,23 Years,21,13,8,6,5,1,0,0,0,0,0,0,0,0,0,15,8,7
EDWARDS COUNTY,137,24 Years,19,10,9,6,4,2,0,0,0,0,0,0,0,0,0,13,6,7
EDWARDS COUNTY,137,25 Years,21,12,9,9,7,2,0,0,0,0,0,0,0,0,0,12,5,7
EDWARDS COUNTY,137,26 Years,30,18,12,12,7,5,5,5,0,0,0,0,0,0,0,13,6,7
EDWARDS COUNTY,137,27 Years,29,18,11,10,8,2,1,1,0,0,0,0,0,0,0,18,9,9
EDWARDS COUNTY,137,28 Years,21,11,10,4,3,1,1,0,1,0,0,0,1,1,0,15,7,8
EDWARDS COUNTY,137,29 Years,22,11,11,4,2,2,1,0,1,0,0,0,0,0,0,17,9,8
EDWARDS COUNTY,137,30 Years,16,10,6,3,1,2,0,0,0,0,0,0,0,0,0,13,9,4
EDWARDS COUNTY,137,31 Years,11,5,6,1,0,1,0,0,0,0,0,0,0,0,0,10,5,5
EDWARDS COUNTY,137,32 Years,17,9,8,2,1,1,0,0,0,0,0,0,0,0,0,15,8,7
EDWARDS COUNTY,137,33 Years,26,13,13,7,2,5,0,0,0,0,0,0,0,0,0,19,11,8
EDWARDS COUNTY,137,34 Years,18,6,12,6,1,5,0,0,0,0,0,0,0,0,0,12,5,7
EDWARDS COUNTY,137,35 Years,19,7,12,7,2,5,0,0,0,0,0,0,1,0,1,11,5,6
EDWARDS COUNTY,137,36 Years,17,11,6,4,3,1,0,0,0,0,0,0,0,0,0,13,8,5
EDWARDS COUNTY,137,37 Years,16,10,6,5,3,2,0,0,0,0,0,0,0,0,0,11,7,4
EDWARDS COUNTY,137,38 Years,16,7,9,6,3,3,0,0,0,0,0,0,0,0,0,10,4,6
EDWARDS COUNTY,137,39 Years,22,10,12,5,0,5,0,0,0,0,0,0,0,0,0,17,10,7
EDWARDS COUNTY,137,40 Years,18,7,11,5,3,2,0,0,0,0,0,0,0,0,0,13,4,9
EDWARDS COUNTY,137,41 Years,18,9,9,8,5,3,0,0,0,0,0,0,0,0,0,10,4,6
EDWARDS COUNTY,137,42 Years,13,8,5,8,5,3,0,0,0,0,0,0,0,0,0,5,3,2
EDWARDS COUNTY,137,43 Years,12,5,7,7,2,5,0,0,0,0,0,0,0,0,0,5,3,2
EDWARDS COUNTY,137,44 Years,11,4,7,4,1,3,0,0,0,0,0,0,0,0,0,7,3,4
EDWARDS COUNTY,137,45 Years,16,7,9,4,3,1,0,0,0,0,0,0,0,0,0,12,4,8
EDWARDS COUNTY,137,46 Years,18,7,11,7,3,4,0,0,0,0,0,0,0,0,0,11,4,7
EDWARDS COUNTY,137,47 Years,22,7,15,9,4,5,0,0,0,0,0,0,0,0,0,13,3,10
EDWARDS COUNTY,137,48 Years,19,12,7,8,4,4,0,0,0,0,0,0,0,0,0,11,8,3
EDWARDS COUNTY,137,49 Years,20,10,10,8,2,6,0,0,0,0,0,0,0,0,0,12,8,4
EDWARDS COUNTY,137,50 Years,22,12,10,11,5,6,0,0,0,0,0,0,0,0,0,11,7,4
EDWARDS COUNTY,137,51 Years,21,10,11,11,5,6,0,0,0,0,0,0,1,1,0,9,4,5
EDWARDS COUNTY,137,52 Years,16,4,12,5,2,3,0,0,0,0,0,0,0,0,0,11,2,9
EDWARDS COUNTY,137,53 Years,19,9,10,7,3,4,0,0,0,0,0,0,1,1,0,11,5,6
EDWARDS COUNTY,137,54 Years,25,10,15,13,3,10,0,0,0,0,0,0,1,1,0,11,6,5
EDWARDS COUNTY,137,55 Years,33,18,15,14,7,7,0,0,0,0,0,0,1,0,1,18,11,7
EDWARDS COUNTY,137,56 Years,31,13,18,11,5,6,0,0,0,0,0,0,1,0,1,19,8,11
EDWARDS COUNTY,137,57 Years,29,12,17,10,5,5,0,0,0,0,0,0,0,0,0,19,7,12
EDWARDS COUNTY,137,58 Years,25,13,12,9,3,6,0,0,0,0,0,0,0,0,0,16,10,6
EDWARDS COUNTY,137,59 Years,29,15,14,14,7,7,0,0,0,0,0,0,0,0,0,15,8,7
EDWARDS COUNTY,137,60 Years,26,15,11,14,9,5,0,0,0,0,0,0,1,0,1,11,6,5
EDWARDS COUNTY,137,61 Years,27,15,12,13,6,7,0,0,0,0,0,0,0,0,0,14,9,5
EDWARDS COUNTY,137,62 Years,30,12,18,17,6,11,0,0,0,0,0,0,0,0,0,13,6,7
EDWARDS COUNTY,137,63 Years,27,12,15,17,6,11,1,1,0,0,0,0,0,0,0,9,5,4
EDWARDS COUNTY,137,64 Years,30,15,15,14,8,6,0,0,0,0,0,0,1,1,0,15,6,9
EDWARDS COUNTY,137,65 Years,32,15,17,19,8,11,0,0,0,1,0,1,0,0,0,12,7,5
EDWARDS COUNTY,137,66 Years,41,23,18,27,12,15,0,0,0,1,0,1,1,1,0,12,10,2
EDWARDS COUNTY,137,67 Years,36,18,18,25,11,14,0,0,0,0,0,0,1,1,0,10,6,4
EDWARDS COUNTY,137,68 Years,36,21,15,25,14,11,0,0,0,0,0,0,0,0,0,11,7,4
EDWARDS COUNTY,137,69 Years,28,13,15,17,8,9,0,0,0,0,0,0,0,0,0,11,5,6
EDWARDS COUNTY,137,70 Years,24,12,12,13,6,7,0,0,0,0,0,0,0,0,0,11,6,5
EDWARDS COUNTY,137,71 Years,34,23,11,22,16,6,0,0,0,0,0,0,0,0,0,12,7,5
EDWARDS COUNTY,137,72 Years,30,20,10,18,13,5,0,0,0,0,0,0,0,0,0,12,7,5
EDWARDS COUNTY,137,73 Years,27,16,11,16,10,6,0,0,0,1,1,0,0,0,0,10,5,5
EDWARDS COUNTY,137,74 Years,23,12,11,15,9,6,0,0,0,0,0,0,0,0,0,8,3,5
EDWARDS COUNTY,137,75 Years,25,13,12,17,9,8,0,0,0,0,0,0,0,0,0,8,4,4
EDWARDS COUNTY,137,76 Years,23,12,11,14,8,6,0,0,0,0,0,0,0,0,0,9,4,5
EDWARDS COUNTY,137,77 Years,23,13,10,14,8,6,0,0,0,0,0,0,0,0,0,9,5,4
EDWARDS COUNTY,137,78 Years,19,9,10,11,6,5,0,0,0,0,0,0,0,0,0,8,3,5
EDWARDS COUNTY,137,79 Years,17,8,9,10,6,4,0,0,0,0,0,0,1,0,1,6,2,4
EDWARDS COUNTY,137,80 Years,17,9,8,10,5,5,0,0,0,0,0,0,0,0,0,7,4,3
EDWARDS COUNTY,137,81 Years,14,8,6,9,4,5,0,0,0,0,0,0,0,0,0,5,4,1
EDWARDS COUNTY,137,82 Years,15,8,7,7,4,3,0,0,0,0,0,0,0,0,0,8,4,4
EDWARDS COUNTY,137,83 Years,14,7,7,8,4,4,0,0,0,0,0,0,0,0,0,6,3,3
EDWARDS COUNTY,137,84 Years,12,7,5,8,4,4,0,0,0,0,0,0,0,0,0,4,3,1
EDWARDS COUNTY,137,85 Years,12,7,5,7,3,4,0,0,0,0,0,0,0,0,0,5,4,1
EDWARDS COUNTY,137,86 Years,12,4,8,7,3,4,0,0,0,0,0,0,0,0,0,5,1,4
EDWARDS COUNTY,137,87 Years,10,5,5,6,3,3,0,0,0,0,0,0,0,0,0,4,2,2
EDWARDS COUNTY,137,88 Years,10,5,5,6,3,3,0,0,0,0,0,0,0,0,0,4,2,2
EDWARDS COUNTY,137,89 Years,9,6,3,5,3,2,0,0,0,0,0,0,0,0,0,4,3,1
EDWARDS COUNTY,137,90 Years,10,4,6,5,2,3,0,0,0,0,0,0,0,0,0,5,2,3
EDWARDS COUNTY,137,91 Years,6,2,4,4,2,2,0,0,0,0,0,0,0,0,0,2,0,2
EDWARDS COUNTY,137,92 Years,5,3,2,3,2,1,0,0,0,0,0,0,0,0,0,2,1,1
EDWARDS COUNTY,137,93 Years,5,3,2,3,2,1,0,0,0,0,0,0,0,0,0,2,1,1
EDWARDS COUNTY,137,94 Years,6,1,5,2,1,1,0,0,0,0,0,0,0,0,0,4,0,4
EDWARDS COUNTY,137,95 Years +,11,7,4,5,3,2,1,1,0,0,0,0,0,0,0,5,3,2
ELLIS COUNTY,139,All Ages,188464,92708,95756,115022,56054,58968,18605,8813,9792,922,382,540,3687,1835,1852,50228,25624,24604
ELLIS COUNTY,139,< 1 Year,2483,1304,1179,1231,654,577,248,135,113,3,2,1,96,50,46,905,463,442
ELLIS COUNTY,139,1 Years,2516,1304,1212,1243,651,592,250,134,116,4,2,2,98,47,51,921,470,451
ELLIS COUNTY,139,2 Years,2543,1333,1210,1251,657,594,248,128,120,4,2,2,98,54,44,942,492,450
ELLIS COUNTY,139,3 Years,2558,1338,1220,1283,659,624,237,125,112,4,2,2,91,53,38,943,499,444
ELLIS COUNTY,139,4 Years,2572,1341,1231,1299,670,629,236,120,116,3,2,1,82,48,34,952,501,451
ELLIS COUNTY,139,5 Years,2547,1293,1254,1318,662,656,228,115,113,3,1,2,76,38,38,922,477,445
ELLIS COUNTY,139,6 Years,2463,1257,1206,1262,651,611,222,112,110,3,1,2,76,40,36,900,453,447
ELLIS COUNTY,139,7 Years,2426,1254,1172,1241,645,596,216,110,106,3,2,1,75,39,36,891,458,433
ELLIS COUNTY,139,8 Years,2474,1323,1151,1241,663,578,233,126,107,3,2,1,79,47,32,918,485,433
ELLIS COUNTY,139,9 Years,2611,1368,1243,1303,679,624,255,130,125,4,3,1,66,29,37,983,527,456
ELLIS COUNTY,139,10 Years,2596,1363,1233,1249,650,599,284,146,138,8,4,4,73,42,31,982,521,461
ELLIS COUNTY,139,11 Years,2727,1429,1298,1317,682,635,301,151,150,14,5,9,83,51,32,1012,540,472
ELLIS COUNTY,139,12 Years,2803,1458,1345,1374,712,662,294,162,132,15,5,10,81,49,32,1039,530,509
ELLIS COUNTY,139,13 Years,2889,1457,1432,1433,697,736,335,174,161,11,2,9,75,31,44,1035,553,482
ELLIS COUNTY,139,14 Years,2877,1442,1435,1474,724,750,301,155,146,10,3,7,81,32,49,1011,528,483
ELLIS COUNTY,139,15 Years,2843,1406,1437,1474,734,740,282,145,137,18,6,12,59,25,34,1010,496,514
ELLIS COUNTY,139,16 Years,2969,1492,1477,1567,802,765,300,141,159,21,11,10,72,33,39,1009,505,504
ELLIS COUNTY,139,17 Years,3037,1554,1483,1665,875,790,307,139,168,16,7,9,67,34,33,982,499,483
ELLIS COUNTY,139,18 Years,2828,1463,1365,1557,810,747,288,150,138,26,21,5,62,33,29,895,449,446
ELLIS COUNTY,139,19 Years,2630,1382,1248,1431,749,682,253,130,123,18,7,11,62,28,34,866,468,398
ELLIS COUNTY,139,20 Years,2575,1357,1218,1436,761,675,254,130,124,15,5,10,76,42,34,794,419,375
ELLIS COUNTY,139,21 Years,2589,1365,1224,1414,749,665,248,130,118,15,10,5,85,47,38,827,429,398
ELLIS COUNTY,139,22 Years,2636,1362,1274,1457,752,705,253,127,126,13,7,6,85,46,39,828,430,398
ELLIS COUNTY,139,23 Years,2751,1422,1329,1541,796,745,291,147,144,17,6,11,79,40,39,823,433,390
ELLIS COUNTY,139,24 Years,2730,1376,1354,1548,784,764,259,131,128,12,5,7,77,40,37,834,416,418
ELLIS COUNTY,139,25 Years,2719,1378,1341,1568,792,776,245,135,110,14,7,7,70,31,39,822,413,409
ELLIS COUNTY,139,26 Years,2766,1381,1385,1559,787,772,284,131,153,14,6,8,78,38,40,831,419,412
ELLIS COUNTY,139,27 Years,2724,1356,1368,1512,757,755,317,153,164,9,4,5,78,39,39,808,403,405
ELLIS COUNTY,139,28 Years,2711,1312,1399,1486,752,734,326,155,171,11,6,5,56,21,35,832,378,454
ELLIS COUNTY,139,29 Years,2600,1282,1318,1357,676,681,322,153,169,11,8,3,50,31,19,860,414,446
ELLIS COUNTY,139,30 Years,2498,1285,1213,1300,641,659,286,146,140,8,5,3,53,38,15,851,455,396
ELLIS COUNTY,139,31 Years,2366,1218,1148,1283,626,657,268,148,120,13,5,8,43,27,16,759,412,347
ELLIS COUNTY,139,32 Years,2310,1123,1187,1256,599,657,293,130,163,9,4,5,31,10,21,721,380,341
ELLIS COUNTY,139,33 Years,2305,1136,1169,1316,629,687,256,124,132,5,2,3,23,11,12,705,370,335
ELLIS COUNTY,139,34 Years,2276,1077,1199,1280,579,701,275,137,138,6,2,4,23,11,12,692,348,344
ELLIS COUNTY,139,35 Years,2255,1061,1194,1264,583,681,243,116,127,13,5,8,23,8,15,712,349,363
ELLIS COUNTY,139,36 Years,2231,1079,1152,1265,603,662,220,93,127,18,6,12,27,14,13,701,363,338
ELLIS COUNTY,139,37 Years,2253,1032,1221,1266,575,691,235,91,144,14,7,7,25,12,13,713,347,366
ELLIS COUNTY,139,38 Years,2322,1095,1227,1321,621,700,231,105,126,12,3,9,33,16,17,725,350,375
ELLIS COUNTY,139,39 Years,2255,1112,1143,1291,641,650,237,104,133,10,6,4,27,15,12,690,346,344
ELLIS COUNTY,139,40 Years,2193,1071,1122,1266,590,676,245,111,134,11,5,6,27,11,16,644,354,290
ELLIS COUNTY,139,41 Years,2190,1071,1119,1269,597,672,249,121,128,12,3,9,23,7,16,637,343,294
ELLIS COUNTY,139,42 Years,2257,1077,1180,1323,627,696,255,125,130,14,8,6,17,8,9,648,309,339
ELLIS COUNTY,139,43 Years,2306,1106,1200,1355,666,689,247,112,135,19,6,13,25,11,14,660,311,349
ELLIS COUNTY,139,44 Years,2310,1109,1201,1390,666,724,233,103,130,16,4,12,27,10,17,644,326,318
ELLIS COUNTY,139,45 Years,2274,1030,1244,1356,605,751,253,107,146,16,8,8,29,15,14,620,295,325
ELLIS COUNTY,139,46 Years,2295,1093,1202,1398,660,738,260,115,145,15,5,10,35,15,20,587,298,289
ELLIS COUNTY,139,47 Years,2380,1132,1248,1505,732,773,250,99,151,18,4,14,28,15,13,579,282,297
ELLIS COUNTY,139,48 Years,2608,1298,1310,1682,855,827,269,114,155,20,9,11,30,13,17,607,307,300
ELLIS COUNTY,139,49 Years,2564,1237,1327,1664,813,851,255,108,147,22,10,12,29,12,17,594,294,300
ELLIS COUNTY,139,50 Years,2368,1157,1211,1536,746,790,244,118,126,16,8,8,35,17,18,537,268,269
ELLIS COUNTY,139,51 Years,2335,1161,1174,1450,725,725,237,112,125,17,8,9,43,20,23,588,296,292
ELLIS COUNTY,139,52 Years,2362,1152,1210,1502,736,766,227,101,126,16,6,10,34,17,17,583,292,291
ELLIS COUNTY,139,53 Years,2385,1147,1238,1515,728,787,271,108,163,19,5,14,23,11,12,557,295,262
ELLIS COUNTY,139,54 Years,2423,1187,1236,1597,783,814,259,117,142,21,5,16,25,11,14,521,271,250
ELLIS COUNTY,139,55 Years,2441,1207,1234,1719,842,877,230,113,117,18,6,12,37,20,17,437,226,211
ELLIS COUNTY,139,56 Years,2445,1205,1240,1717,839,878,238,113,125,18,7,11,35,18,17,437,228,209
ELLIS COUNTY,139,57 Years,2542,1202,1340,1800,836,964,234,95,139,14,6,8,27,15,12,467,250,217
ELLIS COUNTY,139,58 Years,2512,1183,1329,1841,851,990,219,98,121,15,6,9,30,13,17,407,215,192
ELLIS COUNTY,139,59 Years,2520,1187,1333,1880,879,1001,207,92,115,11,2,9,36,15,21,386,199,187
ELLIS COUNTY,139,60 Years,2320,1108,1212,1738,810,928,210,90,120,8,3,5,36,13,23,328,192,136
ELLIS COUNTY,139,61 Years,2362,1128,1234,1776,842,934,203,91,112,11,4,7,38,16,22,334,175,159
ELLIS COUNTY,139,62 Years,2298,1121,1177,1723,831,892,203,103,100,11,5,6,37,19,18,324,163,161
ELLIS COUNTY,139,63 Years,2234,1126,1108,1688,856,832,202,96,106,11,4,7,27,15,12,306,155,151
ELLIS COUNTY,139,64 Years,2156,1060,1096,1618,794,824,212,101,111,8,2,6,21,10,11,297,153,144
ELLIS COUNTY,139,65 Years,2051,984,1067,1577,755,822,191,87,104,10,5,5,25,12,13,248,125,123
ELLIS COUNTY,139,66 Years,1883,887,996,1443,669,774,173,77,96,12,5,7,26,13,13,229,123,106
ELLIS COUNTY,139,67 Years,1781,844,937,1368,642,726,166,77,89,13,4,9,23,10,13,211,111,100
ELLIS COUNTY,139,68 Years,1742,808,934,1349,631,718,149,60,89,5,1,4,27,12,15,212,104,108
ELLIS COUNTY,139,69 Years,1663,788,875,1256,597,659,161,66,95,9,5,4,27,10,17,210,110,100
ELLIS COUNTY,139,70 Years,1587,743,844,1244,584,660,138,67,71,6,3,3,18,8,10,181,81,100
ELLIS COUNTY,139,71 Years,1578,731,847,1262,593,669,113,49,64,7,1,6,21,9,12,175,79,96
ELLIS COUNTY,139,72 Years,1567,721,846,1268,581,687,101,42,59,4,1,3,25,10,15,169,87,82
ELLIS COUNTY,139,73 Years,1229,561,668,969,441,528,98,38,60,7,3,4,17,8,9,138,71,67
ELLIS COUNTY,139,74 Years,1144,532,612,895,428,467,96,35,61,5,2,3,14,4,10,134,63,71
ELLIS COUNTY,139,75 Years,1110,524,586,899,429,470,75,32,43,4,0,4,15,7,8,117,56,61
ELLIS COUNTY,139,76 Years,1033,480,553,834,395,439,70,29,41,2,1,1,19,10,9,108,45,63
ELLIS COUNTY,139,77 Years,921,420,501,764,353,411,57,25,32,2,2,0,11,5,6,87,35,52
ELLIS COUNTY,139,78 Years,835,391,444,695,333,362,50,19,31,3,0,3,7,4,3,80,35,45
ELLIS COUNTY,139,79 Years,785,347,438,658,297,361,40,10,30,4,2,2,9,3,6,74,35,39
ELLIS COUNTY,139,80 Years,702,313,389,595,271,324,38,12,26,3,1,2,6,3,3,60,26,34
ELLIS COUNTY,139,81 Years,631,282,349,524,233,291,41,17,24,0,0,0,8,5,3,58,27,31
ELLIS COUNTY,139,82 Years,541,230,311,445,193,252,37,13,24,1,0,1,7,3,4,51,21,30
ELLIS COUNTY,139,83 Years,483,203,280,404,170,234,26,12,14,3,2,1,6,4,2,44,15,29
ELLIS COUNTY,139,84 Years,456,185,271,372,153,219,32,13,19,1,1,0,3,2,1,48,16,32
ELLIS COUNTY,139,85 Years,396,153,243,323,126,197,31,12,19,2,0,2,4,1,3,36,14,22
ELLIS COUNTY,139,86 Years,328,112,216,268,95,173,23,8,15,2,1,1,5,0,5,30,8,22
ELLIS COUNTY,139,87 Years,298,102,196,249,87,162,18,5,13,2,1,1,3,0,3,26,9,17
ELLIS COUNTY,139,88 Years,281,100,181,236,84,152,20,4,16,2,1,1,1,1,0,22,10,12
ELLIS COUNTY,139,89 Years,252,87,165,203,69,134,22,7,15,2,1,1,3,2,1,22,8,14
ELLIS COUNTY,139,90 Years,184,65,119,146,53,93,15,5,10,0,0,0,3,1,2,20,6,14
ELLIS COUNTY,139,91 Years,156,54,102,129,45,84,10,3,7,1,1,0,2,1,1,14,4,10
ELLIS COUNTY,139,92 Years,134,38,96,107,33,74,12,2,10,1,0,1,1,0,1,13,3,10
ELLIS COUNTY,139,93 Years,108,30,78,92,25,67,7,2,5,0,0,0,1,0,1,8,3,5
ELLIS COUNTY,139,94 Years,73,21,52,60,16,44,6,3,3,1,0,1,0,0,0,6,2,4
ELLIS COUNTY,139,95 Years +,188,47,141,147,35,112,16,5,11,1,0,1,2,0,2,22,7,15
EL PASO COUNTY,141,All Ages,852224,418228,433996,111366,59188,52178,29125,17212,11913,10720,5015,5705,14642,7680,6962,686371,329133,357238
EL PASO COUNTY,141,< 1 Year,12943,6560,6383,1222,642,580,399,206,193,85,41,44,326,156,170,10911,5515,5396
EL PASO COUNTY,141,1 Years,12905,6543,6362,1204,623,581,404,207,197,92,44,48,339,172,167,10866,5497,5369
EL PASO COUNTY,141,2 Years,13363,6804,6559,1325,686,639,454,235,219,104,51,53,382,198,184,11098,5634,5464
EL PASO COUNTY,141,3 Years,13980,7112,6868,1462,753,709,501,256,245,128,63,65,440,234,206,11449,5806,5643
EL PASO COUNTY,141,4 Years,14504,7380,7124,1616,840,776,554,293,261,149,75,74,494,263,231,11691,5909,5782
EL PASO COUNTY,141,5 Years,14645,7426,7219,1658,856,802,533,280,253,167,84,83,525,276,249,11762,5930,5832
EL PASO COUNTY,141,6 Years,14676,7453,7223,1713,889,824,531,281,250,164,82,82,490,260,230,11778,5941,5837
EL PASO COUNTY,141,7 Years,14677,7434,7243,1745,909,836,530,271,259,152,73,79,444,232,212,11806,5949,5857
EL PASO COUNTY,141,8 Years,14645,7450,7195,1724,899,825,522,268,254,143,72,71,419,226,193,11837,5985,5852
EL PASO COUNTY,141,9 Years,13040,6608,6432,1406,729,677,454,267,187,121,58,63,352,173,179,10707,5381,5326
EL PASO COUNTY,141,10 Years,11824,5958,5866,1282,670,612,395,222,173,104,52,52,300,148,152,9743,4866,4877
EL PASO COUNTY,141,11 Years,12067,6058,6009,1301,661,640,444,270,174,108,58,50,324,164,160,9890,4905,4985
EL PASO COUNTY,141,12 Years,12044,6143,5901,1242,655,587,430,263,167,109,61,48,281,146,135,9982,5018,4964
EL PASO COUNTY,141,13 Years,12101,6135,5966,1169,603,566,427,240,187,107,52,55,281,146,135,10117,5094,5023
EL PASO COUNTY,141,14 Years,12107,6051,6056,1171,598,573,437,241,196,103,52,51,251,129,122,10145,5031,5114
EL PASO COUNTY,141,15 Years,11988,5968,6020,1100,554,546,404,208,196,112,62,50,219,112,107,10153,5032,5121
EL PASO COUNTY,141,16 Years,12133,6096,6037,1132,569,563,386,194,192,113,56,57,232,117,115,10270,5160,5110
EL PASO COUNTY,141,17 Years,12131,6095,6036,1100,545,555,539,292,247,114,58,56,216,120,96,10162,5080,5082
EL PASO COUNTY,141,18 Years,12275,6255,6020,1084,585,499,544,301,243,113,67,46,223,120,103,10311,5182,5129
EL PASO COUNTY,141,19 Years,12065,6303,5762,1291,768,523,555,329,226,125,73,52,209,114,95,9885,5019,4866
EL PASO COUNTY,141,20 Years,12137,6365,5772,1335,797,538,572,336,236,118,65,53,195,106,89,9917,5061,4856
EL PASO COUNTY,141,21 Years,12156,6325,5831,1260,773,487,584,359,225,154,69,85,181,92,89,9977,5032,4945
EL PASO COUNTY,141,22 Years,12418,6517,5901,1274,767,507,592,367,225,211,108,103,210,103,107,10131,5172,4959
EL PASO COUNTY,141,23 Years,12904,6864,6040,1393,813,580,559,338,221,255,174,81,182,85,97,10515,5454,5061
EL PASO COUNTY,141,24 Years,13177,6993,6184,1450,855,595,588,352,236,268,133,135,169,81,88,10702,5572,5130
EL PASO COUNTY,141,25 Years,12801,6680,6121,1020,518,502,575,350,225,249,142,107,209,110,99,10748,5560,5188
EL PASO COUNTY,141,26 Years,12903,6697,6206,1103,576,527,452,263,189,279,128,151,191,103,88,10878,5627,5251
EL PASO COUNTY,141,27 Years,12929,6734,6195,1174,623,551,401,241,160,242,124,118,166,91,75,10946,5655,5291
EL PASO COUNTY,141,28 Years,13320,6916,6404,1285,686,599,444,274,170,262,142,120,213,121,92,11116,5693,5423
EL PASO COUNTY,141,29 Years,13056,6736,6320,1515,808,707,464,287,177,279,140,139,242,136,106,10556,5365,5191
EL PASO COUNTY,141,30 Years,12399,6479,5920,1653,928,725,484,296,188,185,104,81,243,127,116,9834,5024,4810
EL PASO COUNTY,141,31 Years,12069,6316,5753,1669,930,739,470,305,165,127,63,64,235,121,114,9568,4897,4671
EL PASO COUNTY,141,32 Years,11760,6011,5749,1609,867,742,431,277,154,145,29,116,243,137,106,9332,4701,4631
EL PASO COUNTY,141,33 Years,11824,6055,5769,1626,863,763,420,263,157,181,74,107,240,138,102,9357,4717,4640
EL PASO COUNTY,141,34 Years,12229,6346,5883,1935,1110,825,391,248,143,256,129,127,231,138,93,9416,4721,4695
EL PASO COUNTY,141,35 Years,11678,6109,5569,1904,1091,813,391,249,142,197,122,75,222,119,103,8964,4528,4436
EL PASO COUNTY,141,36 Years,11256,5718,5538,1745,984,761,414,268,146,173,97,76,200,102,98,8724,4267,4457
EL PASO COUNTY,141,37 Years,11215,5624,5591,1662,913,749,413,264,149,191,88,103,220,115,105,8729,4244,4485
EL PASO COUNTY,141,38 Years,10996,5540,5456,1531,875,656,407,257,150,168,65,103,191,99,92,8699,4244,4455
EL PASO COUNTY,141,39 Years,10559,5245,5314,1452,823,629,386,234,152,182,69,113,190,98,92,8349,4021,4328
EL PASO COUNTY,141,40 Years,9724,4715,5009,1276,706,570,389,245,144,171,83,88,161,90,71,7727,3591,4136
EL PASO COUNTY,141,41 Years,9664,4748,4916,1300,703,597,357,226,131,167,76,91,163,79,84,7677,3664,4013
EL PASO COUNTY,141,42 Years,9790,4772,5018,1210,647,563,357,233,124,138,58,80,184,94,90,7901,3740,4161
EL PASO COUNTY,141,43 Years,9834,4726,5108,1173,616,557,345,214,131,135,63,72,138,68,70,8043,3765,4278
EL PASO COUNTY,141,44 Years,10020,4847,5173,1189,656,533,337,222,115,128,62,66,128,73,55,8238,3834,4404
EL PASO COUNTY,141,45 Years,10075,4826,5249,1146,611,535,363,234,129,142,71,71,123,68,55,8301,3842,4459
EL PASO COUNTY,141,46 Years,10359,4903,5456,1145,621,524,359,229,130,145,67,78,117,59,58,8593,3927,4666
EL PASO COUNTY,141,47 Years,10145,4780,5365,1259,691,568,207,125,82,132,66,66,140,75,65,8407,3823,4584
EL PASO COUNTY,141,48 Years,9885,4698,5187,1299,724,575,206,120,86,132,66,66,114,59,55,8134,3729,4405
EL PASO COUNTY,141,49 Years,9874,4699,5175,1272,704,568,219,126,93,116,56,60,97,48,49,8170,3765,4405
EL PASO COUNTY,141,50 Years,9395,4487,4908,1248,708,540,202,119,83,108,51,57,103,51,52,7734,3558,4176
EL PASO COUNTY,141,51 Years,9196,4370,4826,1200,694,506,206,123,83,119,58,61,99,52,47,7572,3443,4129
EL PASO COUNTY,141,52 Years,9066,4231,4835,1231,713,518,202,117,85,103,52,51,98,53,45,7432,3296,4136
EL PASO COUNTY,141,53 Years,9187,4317,4870,1376,767,609,201,120,81,98,48,50,107,69,38,7405,3313,4092
EL PASO COUNTY,141,54 Years,9429,4403,5026,1371,769,602,208,122,86,115,58,57,97,53,44,7638,3401,4237
EL PASO COUNTY,141,55 Years,9320,4366,4954,1404,756,648,201,119,82,101,41,60,98,51,47,7516,3399,4117
EL PASO COUNTY,141,56 Years,9458,4451,5007,1359,733,626,316,193,123,103,44,59,96,49,47,7584,3432,4152
EL PASO COUNTY,141,57 Years,9615,4500,5115,1427,772,655,324,206,118,82,36,46,99,48,51,7683,3438,4245
EL PASO COUNTY,141,58 Years,9588,4475,5113,1433,766,667,312,211,101,81,31,50,91,47,44,7671,3420,4251
EL PASO COUNTY,141,59 Years,9626,4529,5097,1421,747,674,344,220,124,90,36,54,102,61,41,7669,3465,4204
EL PASO COUNTY,141,60 Years,9219,4300,4919,1410,736,674,375,238,137,96,38,58,102,54,48,7236,3234,4002
EL PASO COUNTY,141,61 Years,9091,4246,4845,1440,750,690,337,225,112,100,41,59,104,59,45,7110,3171,3939
EL PASO COUNTY,141,62 Years,8774,4051,4723,1444,750,694,317,211,106,109,47,62,105,59,46,6799,2984,3815
EL PASO COUNTY,141,63 Years,8667,3964,4703,1413,715,698,316,205,111,89,38,51,91,48,43,6758,2958,3800
EL PASO COUNTY,141,64 Years,8288,3782,4506,1381,700,681,302,184,118,103,40,63,104,51,53,6398,2807,3591
EL PASO COUNTY,141,65 Years,7868,3577,4291,1390,705,685,246,157,89,85,30,55,73,39,34,6074,2646,3428
EL PASO COUNTY,141,66 Years,7553,3414,4139,1390,699,691,235,147,88,84,27,57,82,44,38,5762,2497,3265
EL PASO COUNTY,141,67 Years,7099,3285,3814,1325,692,633,206,130,76,72,22,50,81,34,47,5415,2407,3008
EL PASO COUNTY,141,68 Years,6892,3192,3700,1229,646,583,183,117,66,62,21,41,63,31,32,5355,2377,2978
EL PASO COUNTY,141,69 Years,6632,3048,3584,1229,643,586,173,108,65,86,29,57,49,26,23,5095,2242,2853
EL PASO COUNTY,141,70 Years,6358,2894,3464,1214,625,589,153,100,53,87,33,54,49,23,26,4855,2113,2742
EL PASO COUNTY,141,71 Years,6205,2871,3334,1267,682,585,148,93,55,73,26,47,45,26,19,4672,2044,2628
EL PASO COUNTY,141,72 Years,5899,2754,3145,1266,691,575,143,81,62,76,29,47,43,28,15,4371,1925,2446
EL PASO COUNTY,141,73 Years,5016,2294,2722,965,525,440,126,73,53,64,23,41,41,25,16,3820,1648,2172
EL PASO COUNTY,141,74 Years,4636,2070,2566,865,447,418,129,70,59,48,18,30,31,15,16,3563,1520,2043
EL PASO COUNTY,141,75 Years,4378,1905,2473,876,449,427,126,64,62,44,13,31,32,16,16,3300,1363,1937
EL PASO COUNTY,141,76 Years,4176,1818,2358,875,451,424,119,65,54,38,10,28,39,18,21,3105,1274,1831
EL PASO COUNTY,141,77 Years,3822,1634,2188,811,399,412,111,59,52,43,12,31,31,13,18,2826,1151,1675
EL PASO COUNTY,141,78 Years,3523,1435,2088,726,334,392,97,48,49,36,9,27,26,10,16,2638,1034,1604
EL PASO COUNTY,141,79 Years,3366,1388,1978,663,306,357,86,40,46,41,8,33,25,9,16,2551,1025,1526
EL PASO COUNTY,141,80 Years,3129,1278,1851,642,306,336,79,44,35,35,7,28,26,13,13,2347,908,1439
EL PASO COUNTY,141,81 Years,2930,1207,1723,605,292,313,74,34,40,32,12,20,18,12,6,2201,857,1344
EL PASO COUNTY,141,82 Years,2704,1087,1617,581,271,310,70,32,38,26,7,19,16,11,5,2011,766,1245
EL PASO COUNTY,141,83 Years,2541,1005,1536,550,242,308,67,38,29,24,6,18,14,8,6,1886,711,1175
EL PASO COUNTY,141,84 Years,2308,889,1419,501,221,280,56,25,31,29,7,22,10,6,4,1712,630,1082
EL PASO COUNTY,141,85 Years,2088,785,1303,456,191,265,66,31,35,26,7,19,9,5,4,1531,551,980
EL PASO COUNTY,141,86 Years,1875,693,1182,415,171,244,55,29,26,31,7,24,11,4,7,1363,482,881
EL PASO COUNTY,141,87 Years,1728,643,1085,369,160,209,51,24,27,24,4,20,12,5,7,1272,450,822
EL PASO COUNTY,141,88 Years,1576,573,1003,326,138,188,35,17,18,23,3,20,8,3,5,1184,412,772
EL PASO COUNTY,141,89 Years,1439,481,958,314,128,186,33,14,19,19,3,16,5,1,4,1068,335,733
EL PASO COUNTY,141,90 Years,1183,414,769,256,99,157,21,10,11,18,3,15,5,2,3,883,300,583
EL PASO COUNTY,141,91 Years,996,336,660,216,78,138,13,7,6,16,2,14,4,2,2,747,247,500
EL PASO COUNTY,141,92 Years,810,261,549,172,57,115,13,5,8,12,2,10,3,1,2,610,196,414
EL PASO COUNTY,141,93 Years,629,195,434,144,43,101,7,2,5,10,3,7,3,1,2,465,146,319
EL PASO COUNTY,141,94 Years,473,150,323,100,32,68,6,3,3,6,3,3,2,1,1,359,111,248
EL PASO COUNTY,141,95 Years +,1204,364,840,259,76,183,15,6,9,12,3,9,5,2,3,913,277,636
ERATH COUNTY,143,All Ages,43042,21356,21686,31805,15440,16365,554,325,229,285,147,138,679,338,341,9719,5106,4613
ERATH COUNTY,143,< 1 Year,480,235,245,275,138,137,18,8,10,4,2,2,11,6,5,172,81,91
ERATH COUNTY,143,1 Years,477,237,240,279,143,136,16,8,8,4,2,2,12,7,5,166,77,89
ERATH COUNTY,143,2 Years,489,246,243,286,148,138,18,8,10,4,3,1,11,7,4,170,80,90
ERATH COUNTY,143,3 Years,481,242,239,289,149,140,12,6,6,4,2,2,12,5,7,164,80,84
ERATH COUNTY,143,4 Years,499,255,244,303,156,147,13,7,6,5,3,2,12,5,7,166,84,82
ERATH COUNTY,143,5 Years,500,258,242,313,165,148,8,5,3,5,2,3,14,6,8,160,80,80
ERATH COUNTY,143,6 Years,521,264,257,325,167,158,11,5,6,4,2,2,14,7,7,167,83,84
ERATH COUNTY,143,7 Years,516,253,263,321,162,159,9,4,5,3,2,1,11,6,5,172,79,93
ERATH COUNTY,143,8 Years,505,254,251,308,155,153,8,3,5,3,2,1,10,6,4,176,88,88
ERATH COUNTY,143,9 Years,504,264,240,313,165,148,6,4,2,3,2,1,9,4,5,173,89,84
ERATH COUNTY,143,10 Years,535,271,264,341,172,169,6,4,2,0,0,0,12,7,5,176,88,88
ERATH COUNTY,143,11 Years,531,280,251,341,179,162,3,3,0,3,0,3,7,5,2,177,93,84
ERATH COUNTY,143,12 Years,529,278,251,331,169,162,3,3,0,1,1,0,9,6,3,185,99,86
ERATH COUNTY,143,13 Years,534,277,257,318,164,154,2,1,1,3,1,2,12,5,7,199,106,93
ERATH COUNTY,143,14 Years,521,282,239,328,183,145,5,1,4,6,3,3,8,2,6,174,93,81
ERATH COUNTY,143,15 Years,551,293,258,337,169,168,6,3,3,10,7,3,11,6,5,187,108,79
ERATH COUNTY,143,16 Years,562,286,276,355,173,182,6,3,3,5,3,2,11,7,4,185,100,85
ERATH COUNTY,143,17 Years,500,261,239,331,169,162,3,1,2,3,3,0,6,4,2,157,84,73
ERATH COUNTY,143,18 Years,934,441,493,695,321,374,34,15,19,4,3,1,14,7,7,187,95,92
ERATH COUNTY,143,19 Years,1238,572,666,899,404,495,42,21,21,4,3,1,20,13,7,273,131,142
ERATH COUNTY,143,20 Years,1125,532,593,842,386,456,31,16,15,8,6,2,15,5,10,229,119,110
ERATH COUNTY,143,21 Years,1068,530,538,800,373,427,45,30,15,7,4,3,12,8,4,204,115,89
ERATH COUNTY,143,22 Years,1061,523,538,743,353,390,46,35,11,7,4,3,20,11,9,245,120,125
ERATH COUNTY,143,23 Years,970,490,480,695,350,345,22,16,6,7,5,2,11,5,6,235,114,121
ERATH COUNTY,143,24 Years,837,445,392,620,313,307,15,10,5,5,3,2,13,6,7,184,113,71
ERATH COUNTY,143,25 Years,894,490,404,633,333,300,16,11,5,1,0,1,13,5,8,231,141,90
ERATH COUNTY,143,26 Years,595,308,287,357,163,194,11,9,2,5,2,3,10,5,5,212,129,83
ERATH COUNTY,143,27 Years,537,274,263,295,135,160,5,4,1,3,1,2,16,7,9,218,127,91
ERATH COUNTY,143,28 Years,697,319,378,518,234,284,8,3,5,3,1,2,11,1,10,157,80,77
ERATH COUNTY,143,29 Years,749,339,410,557,247,310,12,10,2,4,2,2,12,8,4,164,72,92
ERATH COUNTY,143,30 Years,729,339,390,545,253,292,9,5,4,3,1,2,11,5,6,161,75,86
ERATH COUNTY,143,31 Years,656,326,330,496,244,252,6,1,5,3,1,2,8,5,3,143,75,68
ERATH COUNTY,143,32 Years,546,299,247,400,216,184,4,2,2,4,2,2,4,2,2,134,77,57
ERATH COUNTY,143,33 Years,451,264,187,293,168,125,3,2,1,3,1,2,7,4,3,145,89,56
ERATH COUNTY,143,34 Years,425,238,187,256,157,99,3,2,1,4,2,2,4,2,2,158,75,83
ERATH COUNTY,143,35 Years,543,269,274,392,197,195,2,2,0,8,4,4,7,2,5,134,64,70
ERATH COUNTY,143,36 Years,578,290,288,448,223,225,3,2,1,8,2,6,3,1,2,116,62,54
ERATH COUNTY,143,37 Years,602,320,282,443,242,201,2,1,1,5,1,4,3,3,0,149,73,76
ERATH COUNTY,143,38 Years,521,284,237,394,206,188,1,0,1,2,1,1,3,2,1,121,75,46
ERATH COUNTY,143,39 Years,534,261,273,384,189,195,5,3,2,3,2,1,12,5,7,130,62,68
ERATH COUNTY,143,40 Years,441,203,238,334,158,176,7,5,2,5,2,3,6,1,5,89,37,52
ERATH COUNTY,143,41 Years,431,226,205,328,178,150,3,1,2,5,3,2,5,1,4,90,43,47
ERATH COUNTY,143,42 Years,437,230,207,351,188,163,2,1,1,5,2,3,2,0,2,77,39,38
ERATH COUNTY,143,43 Years,421,209,212,325,160,165,5,2,3,4,1,3,5,2,3,82,44,38
ERATH COUNTY,143,44 Years,417,214,203,332,166,166,2,1,1,3,2,1,1,0,1,79,45,34
ERATH COUNTY,143,45 Years,412,205,207,316,159,157,3,1,2,6,1,5,6,4,2,81,40,41
ERATH COUNTY,143,46 Years,399,191,208,308,155,153,3,3,0,4,2,2,5,1,4,79,30,49
ERATH COUNTY,143,47 Years,426,198,228,324,163,161,3,1,2,1,0,1,7,2,5,91,32,59
ERATH COUNTY,143,48 Years,445,209,236,335,161,174,5,1,4,4,2,2,7,3,4,94,42,52
ERATH COUNTY,143,49 Years,463,230,233,337,166,171,3,2,1,5,3,2,5,4,1,113,55,58
ERATH COUNTY,143,50 Years,426,213,213,320,156,164,1,1,0,4,1,3,7,3,4,94,52,42
ERATH COUNTY,143,51 Years,441,228,213,323,158,165,5,3,2,4,3,1,7,2,5,102,62,40
ERATH COUNTY,143,52 Years,391,202,189,290,140,150,1,1,0,3,2,1,5,3,2,92,56,36
ERATH COUNTY,143,53 Years,406,193,213,284,125,159,3,3,0,2,2,0,9,4,5,108,59,49
ERATH COUNTY,143,54 Years,466,239,227,334,160,174,1,1,0,5,3,2,6,4,2,120,71,49
ERATH COUNTY,143,55 Years,472,236,236,358,166,192,3,3,0,2,1,1,6,2,4,103,64,39
ERATH COUNTY,143,56 Years,483,247,236,371,178,193,1,1,0,3,1,2,7,5,2,101,62,39
ERATH COUNTY,143,57 Years,506,255,251,394,193,201,3,2,1,5,3,2,5,1,4,99,56,43
ERATH COUNTY,143,58 Years,487,238,249,392,186,206,2,2,0,3,2,1,2,0,2,88,48,40
ERATH COUNTY,143,59 Years,474,247,227,387,193,194,1,1,0,4,2,2,2,2,0,80,49,31
ERATH COUNTY,143,60 Years,461,234,227,386,186,200,1,1,0,2,2,0,4,3,1,68,42,26
ERATH COUNTY,143,61 Years,447,221,226,366,170,196,0,0,0,0,0,0,9,3,6,72,48,24
ERATH COUNTY,143,62 Years,459,238,221,372,180,192,1,1,0,2,2,0,6,4,2,78,51,27
ERATH COUNTY,143,63 Years,436,213,223,371,172,199,0,0,0,3,1,2,4,4,0,58,36,22
ERATH COUNTY,143,64 Years,404,220,184,344,178,166,0,0,0,4,2,2,9,8,1,47,32,15
ERATH COUNTY,143,65 Years,401,203,198,338,165,173,1,1,0,5,3,2,10,7,3,47,27,20
ERATH COUNTY,143,66 Years,410,174,236,352,147,205,2,1,1,1,0,1,10,6,4,45,20,25
ERATH COUNTY,143,67 Years,389,179,210,345,157,188,3,2,1,2,1,1,6,3,3,33,16,17
ERATH COUNTY,143,68 Years,371,174,197,327,149,178,1,1,0,4,1,3,6,4,2,33,19,14
ERATH COUNTY,143,69 Years,378,178,200,327,152,175,1,1,0,3,1,2,13,5,8,34,19,15
ERATH COUNTY,143,70 Years,356,175,181,316,152,164,0,0,0,1,1,0,10,4,6,29,18,11
ERATH COUNTY,143,71 Years,368,183,185,325,161,164,0,0,0,3,1,2,8,4,4,32,17,15
ERATH COUNTY,143,72 Years,364,171,193,335,155,180,1,1,0,1,1,0,6,4,2,21,10,11
ERATH COUNTY,143,73 Years,299,138,161,264,121,143,1,0,1,0,0,0,8,5,3,26,12,14
ERATH COUNTY,143,74 Years,288,135,153,263,124,139,1,0,1,1,1,0,4,1,3,19,9,10
ERATH COUNTY,143,75 Years,288,139,149,270,131,139,1,1,0,1,0,1,2,1,1,14,6,8
ERATH COUNTY,143,76 Years,263,126,137,245,116,129,1,1,0,0,0,0,4,3,1,13,6,7
ERATH COUNTY,143,77 Years,232,106,126,219,101,118,0,0,0,0,0,0,3,2,1,10,3,7
ERATH COUNTY,143,78 Years,228,107,121,213,101,112,0,0,0,0,0,0,4,1,3,11,5,6
ERATH COUNTY,143,79 Years,202,95,107,190,90,100,0,0,0,0,0,0,5,2,3,7,3,4
ERATH COUNTY,143,80 Years,175,80,95,162,74,88,1,0,1,0,0,0,2,1,1,10,5,5
ERATH COUNTY,143,81 Years,181,81,100,163,72,91,2,1,1,0,0,0,4,2,2,12,6,6
ERATH COUNTY,143,82 Years,158,65,93,143,61,82,0,0,0,1,0,1,1,0,1,13,4,9
ERATH COUNTY,143,83 Years,154,68,86,146,65,81,0,0,0,1,0,1,1,0,1,6,3,3
ERATH COUNTY,143,84 Years,142,61,81,131,57,74,0,0,0,0,0,0,2,1,1,9,3,6
ERATH COUNTY,143,85 Years,125,43,82,117,42,75,0,0,0,0,0,0,3,0,3,5,1,4
ERATH COUNTY,143,86 Years,117,44,73,110,41,69,0,0,0,0,0,0,2,1,1,5,2,3
ERATH COUNTY,143,87 Years,106,44,62,98,39,59,0,0,0,0,0,0,2,1,1,6,4,2
ERATH COUNTY,143,88 Years,92,37,55,86,33,53,0,0,0,0,0,0,2,1,1,4,3,1
ERATH COUNTY,143,89 Years,67,25,42,64,23,41,0,0,0,0,0,0,0,0,0,3,2,1
ERATH COUNTY,143,90 Years,69,22,47,63,20,43,0,0,0,0,0,0,1,0,1,5,2,3
ERATH COUNTY,143,91 Years,55,20,35,49,17,32,0,0,0,1,0,1,0,0,0,5,3,2
ERATH COUNTY,143,92 Years,41,14,27,37,12,25,0,0,0,0,0,0,1,0,1,3,2,1
ERATH COUNTY,143,93 Years,39,12,27,35,11,24,0,0,0,0,0,0,0,0,0,4,1,3
ERATH COUNTY,143,94 Years,34,10,24,29,8,21,0,0,0,1,1,0,0,0,0,4,1,3
ERATH COUNTY,143,95 Years +,74,19,55,62,15,47,1,0,1,0,0,0,1,0,1,10,4,6
FALLS COUNTY,145,All Ages,17401,8285,9116,8805,4209,4596,3952,1741,2211,57,25,32,414,220,194,4173,2090,2083
FALLS COUNTY,145,< 1 Year,194,97,97,56,31,25,50,24,26,1,0,1,21,12,9,66,30,36
FALLS COUNTY,145,1 Years,188,97,91,58,30,28,49,25,24,0,0,0,19,12,7,62,30,32
FALLS COUNTY,145,2 Years,197,99,98,66,33,33,53,27,26,1,0,1,13,6,7,64,33,31
FALLS COUNTY,145,3 Years,200,100,100,73,33,40,49,26,23,2,1,1,14,8,6,62,32,30
FALLS COUNTY,145,4 Years,208,103,105,75,34,41,50,26,24,2,1,1,13,7,6,68,35,33
FALLS COUNTY,145,5 Years,192,98,94,67,30,37,45,24,21,1,1,0,15,9,6,64,34,30
FALLS COUNTY,145,6 Years,187,101,86,62,32,30,48,24,24,1,1,0,15,9,6,61,35,26
FALLS COUNTY,145,7 Years,182,95,87,63,31,32,48,24,24,1,1,0,16,9,7,54,30,24
FALLS COUNTY,145,8 Years,169,82,87,59,29,30,46,21,25,0,0,0,14,6,8,50,26,24
FALLS COUNTY,145,9 Years,188,93,95,68,31,37,49,27,22,0,0,0,13,3,10,58,32,26
FALLS COUNTY,145,10 Years,179,96,83,70,37,33,51,27,24,0,0,0,9,4,5,49,28,21
FALLS COUNTY,145,11 Years,197,95,102,82,38,44,48,24,24,1,0,1,8,5,3,58,28,30
FALLS COUNTY,145,12 Years,198,106,92,77,40,37,46,22,24,0,0,0,5,3,2,70,41,29
FALLS COUNTY,145,13 Years,212,105,107,93,47,46,41,18,23,0,0,0,5,3,2,73,37,36
FALLS COUNTY,145,14 Years,196,98,98,88,44,44,39,15,24,0,0,0,8,6,2,61,33,28
FALLS COUNTY,145,15 Years,208,115,93,87,52,35,48,22,26,1,1,0,6,5,1,66,35,31
FALLS COUNTY,145,16 Years,206,106,100,95,51,44,42,22,20,0,0,0,5,3,2,64,30,34
FALLS COUNTY,145,17 Years,205,104,101,95,52,43,36,16,20,0,0,0,7,4,3,67,32,35
FALLS COUNTY,145,18 Years,216,116,100,99,62,37,42,16,26,0,0,0,7,4,3,68,34,34
FALLS COUNTY,145,19 Years,214,115,99,92,52,40,43,21,22,1,0,1,6,2,4,72,40,32
FALLS COUNTY,145,20 Years,235,118,117,98,52,46,53,26,27,0,0,0,9,5,4,75,35,40
FALLS COUNTY,145,21 Years,231,126,105,99,56,43,56,27,29,0,0,0,8,7,1,68,36,32
FALLS COUNTY,145,22 Years,233,122,111,96,53,43,55,27,28,1,0,1,7,3,4,74,39,35
FALLS COUNTY,145,23 Years,241,124,117,94,48,46,60,30,30,1,0,1,8,2,6,78,44,34
FALLS COUNTY,145,24 Years,248,130,118,101,50,51,66,35,31,0,0,0,8,5,3,73,40,33
FALLS COUNTY,145,25 Years,261,123,138,109,55,54,70,28,42,0,0,0,11,7,4,71,33,38
FALLS COUNTY,145,26 Years,273,131,142,111,54,57,88,41,47,0,0,0,12,8,4,62,28,34
FALLS COUNTY,145,27 Years,271,125,146,116,54,62,77,32,45,1,0,1,7,2,5,70,37,33
FALLS COUNTY,145,28 Years,283,135,148,117,51,66,82,37,45,0,0,0,2,0,2,82,47,35
FALLS COUNTY,145,29 Years,273,131,142,110,54,56,78,32,46,0,0,0,4,3,1,81,42,39
FALLS COUNTY,145,30 Years,267,121,146,109,51,58,81,30,51,0,0,0,2,2,0,75,38,37
FALLS COUNTY,145,31 Years,269,126,143,109,51,58,84,38,46,0,0,0,4,1,3,72,36,36
FALLS COUNTY,145,32 Years,265,111,154,117,48,69,71,30,41,1,0,1,5,1,4,71,32,39
FALLS COUNTY,145,33 Years,260,113,147,106,44,62,73,31,42,3,1,2,1,1,0,77,36,41
FALLS COUNTY,145,34 Years,253,111,142,110,51,59,65,24,41,0,0,0,3,0,3,75,36,39
FALLS COUNTY,145,35 Years,223,92,131,102,41,61,65,24,41,0,0,0,0,0,0,56,27,29
FALLS COUNTY,145,36 Years,215,90,125,101,40,61,57,22,35,0,0,0,1,0,1,56,28,28
FALLS COUNTY,145,37 Years,222,94,128,105,39,66,61,25,36,0,0,0,2,2,0,54,28,26
FALLS COUNTY,145,38 Years,228,94,134,106,41,65,64,25,39,0,0,0,5,1,4,53,27,26
FALLS COUNTY,145,39 Years,233,101,132,113,47,66,61,23,38,0,0,0,2,2,0,57,29,28
FALLS COUNTY,145,40 Years,226,107,119,113,54,59,56,23,33,0,0,0,2,1,1,55,29,26
FALLS COUNTY,145,41 Years,184,74,110,100,42,58,43,14,29,0,0,0,0,0,0,41,18,23
FALLS COUNTY,145,42 Years,197,80,117,98,39,59,50,19,31,3,1,2,2,1,1,44,20,24
FALLS COUNTY,145,43 Years,199,76,123,94,40,54,48,13,35,2,1,1,2,1,1,53,21,32
FALLS COUNTY,145,44 Years,203,76,127,93,35,58,52,18,34,2,1,1,1,0,1,55,22,33
FALLS COUNTY,145,45 Years,193,75,118,84,36,48,47,14,33,2,1,1,5,3,2,55,21,34
FALLS COUNTY,145,46 Years,199,81,118,95,43,52,49,18,31,1,0,1,1,0,1,53,20,33
FALLS COUNTY,145,47 Years,197,80,117,99,44,55,51,19,32,2,0,2,2,0,2,43,17,26
FALLS COUNTY,145,48 Years,206,92,114,96,45,51,49,18,31,1,0,1,1,1,0,59,28,31
FALLS COUNTY,145,49 Years,200,94,106,100,49,51,48,18,30,1,1,0,2,0,2,49,26,23
FALLS COUNTY,145,50 Years,176,91,85,93,48,45,40,16,24,1,1,0,2,2,0,40,24,16
FALLS COUNTY,145,51 Years,181,87,94,101,50,51,40,17,23,3,1,2,2,0,2,35,19,16
FALLS COUNTY,145,52 Years,207,89,118,99,47,52,55,17,38,1,1,0,1,0,1,51,24,27
FALLS COUNTY,145,53 Years,210,95,115,106,50,56,49,20,29,0,0,0,1,0,1,54,25,29
FALLS COUNTY,145,54 Years,220,94,126,116,54,62,52,19,33,0,0,0,3,2,1,49,19,30
FALLS COUNTY,145,55 Years,229,107,122,125,62,63,57,28,29,0,0,0,2,1,1,45,16,29
FALLS COUNTY,145,56 Years,223,94,129,130,57,73,49,20,29,0,0,0,1,0,1,43,17,26
FALLS COUNTY,145,57 Years,212,98,114,132,62,70,41,16,25,1,0,1,3,1,2,35,19,16
FALLS COUNTY,145,58 Years,200,101,99,137,70,67,34,14,20,0,0,0,1,1,0,28,16,12
FALLS COUNTY,145,59 Years,226,111,115,153,71,82,35,15,20,1,1,0,2,2,0,35,22,13
FALLS COUNTY,145,60 Years,202,96,106,137,65,72,35,13,22,1,1,0,0,0,0,29,17,12
FALLS COUNTY,145,61 Years,225,111,114,150,80,70,37,13,24,1,1,0,1,1,0,36,16,20
FALLS COUNTY,145,62 Years,212,100,112,132,66,66,41,19,22,1,0,1,0,0,0,38,15,23
FALLS COUNTY,145,63 Years,208,106,102,136,72,64,41,22,19,1,1,0,1,1,0,29,10,19
FALLS COUNTY,145,64 Years,214,108,106,138,64,74,35,20,15,1,0,1,2,1,1,38,23,15
FALLS COUNTY,145,65 Years,212,113,99,141,71,70,37,20,17,0,0,0,1,1,0,33,21,12
FALLS COUNTY,145,66 Years,196,104,92,131,71,60,38,17,21,0,0,0,1,0,1,26,16,10
FALLS COUNTY,145,67 Years,184,87,97,133,64,69,29,12,17,0,0,0,0,0,0,22,11,11
FALLS COUNTY,145,68 Years,187,99,88,126,65,61,28,15,13,1,1,0,2,2,0,30,16,14
FALLS COUNTY,145,69 Years,184,96,88,127,62,65,26,15,11,1,1,0,2,1,1,28,17,11
FALLS COUNTY,145,70 Years,176,89,87,124,63,61,24,12,12,1,1,0,2,1,1,25,12,13
FALLS COUNTY,145,71 Years,165,79,86,118,58,60,23,10,13,1,1,0,2,1,1,21,9,12
FALLS COUNTY,145,72 Years,156,77,79,112,54,58,24,12,12,0,0,0,2,1,1,18,10,8
FALLS COUNTY,145,73 Years,145,77,68,94,46,48,24,15,9,1,0,1,2,2,0,24,14,10
FALLS COUNTY,145,74 Years,139,64,75,101,46,55,22,11,11,0,0,0,2,1,1,14,6,8
FALLS COUNTY,145,75 Years,137,68,69,94,46,48,18,9,9,1,0,1,5,2,3,19,11,8
FALLS COUNTY,145,76 Years,133,74,59,92,48,44,19,12,7,1,1,0,4,3,1,17,10,7
FALLS COUNTY,145,77 Years,126,60,66,86,39,47,18,11,7,1,0,1,4,2,2,17,8,9
FALLS COUNTY,145,78 Years,132,60,72,100,42,58,17,10,7,1,0,1,3,1,2,11,7,4
FALLS COUNTY,145,79 Years,102,50,52,69,32,37,20,10,10,0,0,0,2,1,1,11,7,4
FALLS COUNTY,145,80 Years,112,55,57,81,38,43,16,9,7,1,0,1,5,3,2,9,5,4
FALLS COUNTY,145,81 Years,98,43,55,68,29,39,14,7,7,0,0,0,4,1,3,12,6,6
FALLS COUNTY,145,82 Years,92,47,45,65,31,34,11,6,5,0,0,0,2,1,1,14,9,5
FALLS COUNTY,145,83 Years,82,44,38,61,32,29,12,6,6,1,1,0,1,1,0,7,4,3
FALLS COUNTY,145,84 Years,72,35,37,53,27,26,11,6,5,0,0,0,1,0,1,7,2,5
FALLS COUNTY,145,85 Years,74,31,43,49,20,29,14,5,9,0,0,0,1,0,1,10,6,4
FALLS COUNTY,145,86 Years,70,32,38,47,20,27,10,4,6,0,0,0,1,1,0,12,7,5
FALLS COUNTY,145,87 Years,62,28,34,44,20,24,10,4,6,0,0,0,0,0,0,8,4,4
FALLS COUNTY,145,88 Years,55,20,35,35,13,22,13,4,9,0,0,0,1,1,0,6,2,4
FALLS COUNTY,145,89 Years,49,18,31,32,13,19,8,2,6,0,0,0,1,1,0,8,2,6
FALLS COUNTY,145,90 Years,34,14,20,22,10,12,6,2,4,0,0,0,1,1,0,5,1,4
FALLS COUNTY,145,91 Years,35,15,20,21,9,12,8,3,5,0,0,0,1,0,1,5,3,2
FALLS COUNTY,145,92 Years,30,10,20,17,6,11,6,2,4,0,0,0,1,0,1,6,2,4
FALLS COUNTY,145,93 Years,24,10,14,13,7,6,5,2,3,1,0,1,0,0,0,5,1,4
FALLS COUNTY,145,94 Years,20,8,12,12,5,7,5,2,3,0,0,0,0,0,0,3,1,2
FALLS COUNTY,145,95 Years +,49,16,33,26,8,18,12,5,7,0,0,0,0,0,0,11,3,8
FANNIN COUNTY,147,All Ages,36230,19217,17013,28160,14403,13757,2467,1661,806,153,71,82,1113,551,562,4337,2531,1806
FANNIN COUNTY,147,< 1 Year,395,198,197,266,130,136,18,10,8,4,3,1,25,15,10,82,40,42
FANNIN COUNTY,147,1 Years,395,201,194,264,134,130,18,8,10,3,1,2,28,15,13,82,43,39
FANNIN COUNTY,147,2 Years,401,200,201,267,136,131,16,5,11,5,2,3,31,14,17,82,43,39
FANNIN COUNTY,147,3 Years,418,214,204,281,147,134,18,5,13,4,1,3,30,13,17,85,48,37
FANNIN COUNTY,147,4 Years,420,220,200,287,149,138,16,5,11,2,1,1,27,15,12,88,50,38
FANNIN COUNTY,147,5 Years,403,211,192,274,137,137,22,10,12,2,1,1,22,13,9,83,50,33
FANNIN COUNTY,147,6 Years,390,201,189,260,130,130,21,9,12,1,1,0,20,11,9,88,50,38
FANNIN COUNTY,147,7 Years,393,198,195,260,130,130,24,11,13,2,1,1,20,7,13,87,49,38
FANNIN COUNTY,147,8 Years,403,196,207,270,133,137,21,10,11,2,1,1,21,9,12,89,43,46
FANNIN COUNTY,147,9 Years,446,224,222,306,165,141,24,8,16,0,0,0,24,16,8,92,35,57
FANNIN COUNTY,147,10 Years,411,207,204,289,153,136,17,7,10,0,0,0,32,15,17,73,32,41
FANNIN COUNTY,147,11 Years,386,187,199,271,135,136,12,7,5,1,0,1,27,11,16,75,34,41
FANNIN COUNTY,147,12 Years,413,215,198,287,146,141,18,13,5,1,0,1,20,14,6,87,42,45
FANNIN COUNTY,147,13 Years,422,208,214,304,154,150,17,8,9,2,1,1,22,10,12,77,35,42
FANNIN COUNTY,147,14 Years,431,219,212,316,162,154,29,15,14,2,1,1,15,8,7,69,33,36
FANNIN COUNTY,147,15 Years,422,217,205,297,153,144,30,21,9,1,0,1,20,9,11,74,34,40
FANNIN COUNTY,147,16 Years,401,202,199,289,148,141,29,13,16,0,0,0,17,8,9,66,33,33
FANNIN COUNTY,147,17 Years,383,199,184,265,129,136,36,23,13,1,1,0,20,9,11,61,37,24
FANNIN COUNTY,147,18 Years,399,225,174,259,140,119,41,29,12,4,3,1,19,11,8,76,42,34
FANNIN COUNTY,147,19 Years,380,220,160,237,128,109,39,29,10,2,2,0,22,13,9,80,48,32
FANNIN COUNTY,147,20 Years,389,243,146,241,143,98,48,40,8,4,2,2,24,19,5,72,39,33
FANNIN COUNTY,147,21 Years,382,227,155,250,139,111,46,35,11,1,1,0,20,11,9,65,41,24
FANNIN COUNTY,147,22 Years,389,226,163,250,140,110,40,31,9,3,1,2,19,12,7,77,42,35
FANNIN COUNTY,147,23 Years,400,233,167,259,149,110,44,32,12,2,1,1,19,10,9,76,41,35
FANNIN COUNTY,147,24 Years,429,251,178,281,157,124,40,31,9,1,0,1,19,13,6,88,50,38
FANNIN COUNTY,147,25 Years,462,264,198,306,164,142,47,34,13,1,0,1,23,14,9,85,52,33
FANNIN COUNTY,147,26 Years,462,278,184,324,187,137,45,34,11,2,1,1,19,13,6,72,43,29
FANNIN COUNTY,147,27 Years,515,306,209,373,213,160,56,43,13,3,1,2,13,5,8,70,44,26
FANNIN COUNTY,147,28 Years,511,307,204,358,207,151,57,42,15,1,0,1,10,5,5,85,53,32
FANNIN COUNTY,147,29 Years,502,292,210,368,201,167,48,38,10,4,2,2,6,3,3,76,48,28
FANNIN COUNTY,147,30 Years,471,260,211,338,168,170,49,40,9,2,2,0,12,4,8,70,46,24
FANNIN COUNTY,147,31 Years,434,256,178,315,170,145,49,42,7,3,2,1,8,1,7,59,41,18
FANNIN COUNTY,147,32 Years,414,262,152,295,172,123,44,38,6,1,1,0,11,4,7,63,47,16
FANNIN COUNTY,147,33 Years,444,265,179,311,169,142,46,38,8,1,1,0,9,3,6,77,54,23
FANNIN COUNTY,147,34 Years,430,253,177,305,165,140,44,32,12,1,0,1,9,5,4,71,51,20
FANNIN COUNTY,147,35 Years,423,245,178,299,154,145,44,34,10,2,1,1,14,9,5,64,47,17
FANNIN COUNTY,147,36 Years,464,270,194,352,188,164,46,36,10,1,1,0,3,1,2,62,44,18
FANNIN COUNTY,147,37 Years,437,260,177,320,178,142,48,36,12,2,0,2,5,2,3,62,44,18
FANNIN COUNTY,147,38 Years,464,272,192,350,188,162,38,31,7,0,0,0,13,9,4,63,44,19
FANNIN COUNTY,147,39 Years,456,265,191,345,181,164,34,28,6,1,1,0,7,5,2,69,50,19
FANNIN COUNTY,147,40 Years,449,256,193,327,169,158,39,32,7,4,1,3,10,6,4,69,48,21
FANNIN COUNTY,147,41 Years,424,241,183,315,162,153,32,26,6,2,1,1,11,5,6,64,47,17
FANNIN COUNTY,147,42 Years,417,232,185,298,151,147,37,28,9,4,2,2,10,3,7,68,48,20
FANNIN COUNTY,147,43 Years,411,234,177,299,153,146,34,28,6,4,4,0,7,4,3,67,45,22
FANNIN COUNTY,147,44 Years,406,241,165,301,166,135,37,31,6,1,1,0,7,5,2,60,38,22
FANNIN COUNTY,147,45 Years,439,243,196,337,177,160,33,26,7,1,0,1,10,6,4,58,34,24
FANNIN COUNTY,147,46 Years,440,247,193,329,175,154,41,32,9,1,0,1,9,5,4,60,35,25
FANNIN COUNTY,147,47 Years,411,218,193,321,164,157,34,27,7,2,0,2,8,2,6,46,25,21
FANNIN COUNTY,147,48 Years,440,238,202,343,184,159,33,24,9,1,0,1,14,4,10,49,26,23
FANNIN COUNTY,147,49 Years,495,263,232,390,203,187,36,25,11,3,2,1,12,4,8,54,29,25
FANNIN COUNTY,147,50 Years,435,221,214,352,166,186,38,27,11,1,1,0,8,2,6,36,25,11
FANNIN COUNTY,147,51 Years,407,200,207,331,154,177,32,22,10,3,0,3,6,1,5,35,23,12
FANNIN COUNTY,147,52 Years,435,232,203,355,180,175,31,22,9,2,2,0,10,2,8,37,26,11
FANNIN COUNTY,147,53 Years,467,234,233,390,186,204,29,18,11,1,1,0,10,3,7,37,26,11
FANNIN COUNTY,147,54 Years,464,246,218,387,195,192,22,15,7,4,3,1,12,7,5,39,26,13
FANNIN COUNTY,147,55 Years,511,265,246,425,216,209,33,19,14,3,2,1,10,3,7,40,25,15
FANNIN COUNTY,147,56 Years,510,247,263,441,212,229,27,15,12,4,1,3,13,3,10,25,16,9
FANNIN COUNTY,147,57 Years,508,253,255,438,219,219,30,16,14,2,1,1,10,3,7,28,14,14
FANNIN COUNTY,147,58 Years,510,249,261,444,212,232,21,14,7,2,1,1,9,4,5,34,18,16
FANNIN COUNTY,147,59 Years,543,267,276,469,227,242,24,16,8,0,0,0,9,4,5,41,20,21
FANNIN COUNTY,147,60 Years,522,254,268,450,221,229,29,15,14,1,1,0,7,2,5,35,15,20
FANNIN COUNTY,147,61 Years,508,247,261,441,219,222,26,12,14,1,0,1,11,3,8,29,13,16
FANNIN COUNTY,147,62 Years,494,242,252,435,213,222,26,14,12,1,0,1,11,4,7,21,11,10
FANNIN COUNTY,147,63 Years,512,276,236,455,246,209,22,15,7,1,0,1,10,6,4,24,9,15
FANNIN COUNTY,147,64 Years,473,262,211,425,236,189,21,13,8,1,0,1,8,3,5,18,10,8
FANNIN COUNTY,147,65 Years,461,242,219,407,214,193,24,12,12,1,0,1,10,5,5,19,11,8
FANNIN COUNTY,147,66 Years,464,244,220,419,222,197,21,11,10,3,1,2,7,3,4,14,7,7
FANNIN COUNTY,147,67 Years,447,218,229,396,189,207,22,12,10,3,1,2,10,6,4,16,10,6
FANNIN COUNTY,147,68 Years,416,199,217,367,173,194,20,11,9,4,1,3,10,5,5,15,9,6
FANNIN COUNTY,147,69 Years,432,211,221,388,187,201,22,11,11,2,1,1,5,3,2,15,9,6
FANNIN COUNTY,147,70 Years,468,224,244,428,200,228,18,11,7,2,0,2,5,2,3,15,11,4
FANNIN COUNTY,147,71 Years,428,209,219,393,189,204,13,9,4,2,0,2,6,3,3,14,8,6
FANNIN COUNTY,147,72 Years,429,233,196,387,208,179,14,7,7,4,3,1,11,7,4,13,8,5
FANNIN COUNTY,147,73 Years,354,186,168,323,168,155,11,6,5,1,1,0,9,5,4,10,6,4
FANNIN COUNTY,147,74 Years,361,166,195,333,153,180,12,6,6,0,0,0,7,4,3,9,3,6
FANNIN COUNTY,147,75 Years,355,174,181,321,155,166,12,6,6,0,0,0,7,4,3,15,9,6
FANNIN COUNTY,147,76 Years,334,163,171,303,149,154,13,5,8,0,0,0,9,4,5,9,5,4
FANNIN COUNTY,147,77 Years,317,157,160,296,144,152,9,5,4,0,0,0,7,5,2,5,3,2
FANNIN COUNTY,147,78 Years,258,129,129,237,115,122,10,6,4,2,1,1,6,5,1,3,2,1
FANNIN COUNTY,147,79 Years,248,117,131,225,104,121,9,6,3,0,0,0,7,3,4,7,4,3
FANNIN COUNTY,147,80 Years,226,108,118,210,99,111,8,5,3,0,0,0,4,2,2,4,2,2
FANNIN COUNTY,147,81 Years,225,112,113,214,107,107,8,4,4,0,0,0,1,1,0,2,0,2
FANNIN COUNTY,147,82 Years,181,87,94,164,76,88,8,4,4,0,0,0,2,2,0,7,5,2
FANNIN COUNTY,147,83 Years,172,81,91,154,73,81,6,3,3,1,0,1,3,1,2,8,4,4
FANNIN COUNTY,147,84 Years,164,81,83,155,78,77,4,3,1,0,0,0,1,0,1,4,0,4
FANNIN COUNTY,147,85 Years,146,67,79,133,62,71,4,2,2,1,0,1,3,1,2,5,2,3
FANNIN COUNTY,147,86 Years,134,59,75,119,53,66,6,2,4,1,0,1,4,1,3,4,3,1
FANNIN COUNTY,147,87 Years,105,49,56,94,45,49,8,3,5,0,0,0,2,0,2,1,1,0
FANNIN COUNTY,147,88 Years,87,35,52,79,34,45,5,1,4,0,0,0,2,0,2,1,0,1
FANNIN COUNTY,147,89 Years,79,31,48,66,27,39,4,1,3,1,0,1,2,0,2,6,3,3
FANNIN COUNTY,147,90 Years,67,27,40,58,23,35,5,3,2,0,0,0,1,0,1,3,1,2
FANNIN COUNTY,147,91 Years,57,24,33,47,18,29,4,3,1,0,0,0,1,0,1,5,3,2
FANNIN COUNTY,147,92 Years,48,22,26,40,17,23,3,2,1,0,0,0,1,0,1,4,3,1
FANNIN COUNTY,147,93 Years,38,17,21,31,14,17,5,2,3,0,0,0,1,0,1,1,1,0
FANNIN COUNTY,147,94 Years,30,12,18,25,10,15,4,1,3,0,0,0,0,0,0,1,1,0
FANNIN COUNTY,147,95 Years +,78,28,50,61,19,42,9,5,4,0,0,0,2,1,1,6,3,3
FAYETTE COUNTY,149,All Ages,26328,12809,13519,18476,8889,9587,1812,891,921,69,25,44,392,198,194,5579,2806,2773
FAYETTE COUNTY,149,< 1 Year,298,162,136,158,81,77,23,11,12,0,0,0,20,15,5,97,55,42
FAYETTE COUNTY,149,1 Years,290,157,133,163,86,77,23,11,12,0,0,0,15,10,5,89,50,39
FAYETTE COUNTY,149,2 Years,294,160,134,165,88,77,27,14,13,0,0,0,13,10,3,89,48,41
FAYETTE COUNTY,149,3 Years,316,169,147,184,98,86,30,17,13,0,0,0,11,6,5,91,48,43
FAYETTE COUNTY,149,4 Years,327,167,160,184,96,88,27,16,11,0,0,0,10,4,6,106,51,55
FAYETTE COUNTY,149,5 Years,348,176,172,188,101,87,30,19,11,2,1,1,17,7,10,111,48,63
FAYETTE COUNTY,149,6 Years,318,160,158,173,94,79,24,12,12,3,1,2,12,6,6,106,47,59
FAYETTE COUNTY,149,7 Years,324,162,162,181,95,86,25,12,13,1,0,1,15,5,10,102,50,52
FAYETTE COUNTY,149,8 Years,321,164,157,178,88,90,27,10,17,0,0,0,7,4,3,109,62,47
FAYETTE COUNTY,149,9 Years,376,206,170,208,110,98,28,15,13,1,1,0,8,6,2,131,74,57
FAYETTE COUNTY,149,10 Years,319,156,163,151,75,76,25,11,14,1,0,1,7,1,6,135,69,66
FAYETTE COUNTY,149,11 Years,316,163,153,160,82,78,19,9,10,1,1,0,6,3,3,130,68,62
FAYETTE COUNTY,149,12 Years,318,159,159,162,81,81,21,12,9,1,1,0,4,3,1,130,62,68
FAYETTE COUNTY,149,13 Years,314,147,167,161,75,86,23,14,9,1,1,0,2,0,2,127,57,70
FAYETTE COUNTY,149,14 Years,329,175,154,163,89,74,30,13,17,1,1,0,4,3,1,131,69,62
FAYETTE COUNTY,149,15 Years,311,152,159,155,73,82,37,16,21,1,0,1,7,3,4,111,60,51
FAYETTE COUNTY,149,16 Years,347,172,175,208,110,98,31,13,18,2,1,1,10,5,5,96,43,53
FAYETTE COUNTY,149,17 Years,318,144,174,186,85,101,29,15,14,0,0,0,8,3,5,95,41,54
FAYETTE COUNTY,149,18 Years,323,163,160,190,98,92,25,14,11,1,0,1,5,2,3,102,49,53
FAYETTE COUNTY,149,19 Years,294,147,147,179,91,88,22,10,12,4,2,2,5,2,3,84,42,42
FAYETTE COUNTY,149,20 Years,274,123,151,150,69,81,28,14,14,2,1,1,7,1,6,87,38,49
FAYETTE COUNTY,149,21 Years,296,153,143,184,95,89,26,14,12,0,0,0,7,3,4,79,41,38
FAYETTE COUNTY,149,22 Years,304,158,146,206,107,99,27,15,12,0,0,0,6,4,2,65,32,33
FAYETTE COUNTY,149,23 Years,334,177,157,220,119,101,24,14,10,1,0,1,6,2,4,83,42,41
FAYETTE COUNTY,149,24 Years,329,157,172,218,109,109,20,9,11,1,0,1,6,4,2,84,35,49
FAYETTE COUNTY,149,25 Years,302,147,155,211,107,104,22,8,14,0,0,0,4,3,1,65,29,36
FAYETTE COUNTY,149,26 Years,316,150,166,211,102,109,30,17,13,1,1,0,4,1,3,70,29,41
FAYETTE COUNTY,149,27 Years,316,168,148,210,118,92,31,15,16,1,1,0,4,1,3,70,33,37
FAYETTE COUNTY,149,28 Years,247,132,115,153,85,68,22,10,12,0,0,0,6,5,1,66,32,34
FAYETTE COUNTY,149,29 Years,213,105,108,115,61,54,21,12,9,0,0,0,3,1,2,74,31,43
FAYETTE COUNTY,149,30 Years,250,112,138,146,64,82,20,13,7,0,0,0,4,2,2,80,33,47
FAYETTE COUNTY,149,31 Years,220,91,129,140,50,90,17,10,7,1,1,0,2,1,1,60,29,31
FAYETTE COUNTY,149,32 Years,227,105,122,142,57,85,16,11,5,1,0,1,2,1,1,66,36,30
FAYETTE COUNTY,149,33 Years,230,112,118,143,66,77,16,7,9,0,0,0,3,1,2,68,38,30
FAYETTE COUNTY,149,34 Years,242,115,127,145,68,77,16,6,10,0,0,0,6,2,4,75,39,36
FAYETTE COUNTY,149,35 Years,239,109,130,143,61,82,17,7,10,0,0,0,5,3,2,74,38,36
FAYETTE COUNTY,149,36 Years,252,116,136,148,64,84,26,9,17,1,0,1,6,5,1,71,38,33
FAYETTE COUNTY,149,37 Years,261,125,136,151,74,77,22,11,11,0,0,0,3,3,0,85,37,48
FAYETTE COUNTY,149,38 Years,260,120,140,172,80,92,16,7,9,0,0,0,3,2,1,69,31,38
FAYETTE COUNTY,149,39 Years,258,128,130,165,78,87,25,14,11,0,0,0,3,1,2,65,35,30
FAYETTE COUNTY,149,40 Years,245,120,125,170,81,89,16,9,7,1,0,1,2,1,1,56,29,27
FAYETTE COUNTY,149,41 Years,246,123,123,159,74,85,19,12,7,0,0,0,1,1,0,67,36,31
FAYETTE COUNTY,149,42 Years,234,110,124,148,67,81,20,12,8,3,0,3,2,1,1,61,30,31
FAYETTE COUNTY,149,43 Years,256,134,122,159,81,78,16,7,9,1,0,1,1,1,0,79,45,34
FAYETTE COUNTY,149,44 Years,265,141,124,159,77,82,11,7,4,0,0,0,5,3,2,90,54,36
FAYETTE COUNTY,149,45 Years,227,119,108,136,72,64,14,5,9,2,1,1,2,1,1,73,40,33
FAYETTE COUNTY,149,46 Years,272,129,143,171,83,88,23,11,12,2,1,1,2,1,1,74,33,41
FAYETTE COUNTY,149,47 Years,253,132,121,170,88,82,16,10,6,1,0,1,2,2,0,64,32,32
FAYETTE COUNTY,149,48 Years,259,128,131,179,86,93,18,10,8,0,0,0,0,0,0,62,32,30
FAYETTE COUNTY,149,49 Years,265,129,136,193,96,97,13,6,7,0,0,0,1,0,1,58,27,31
FAYETTE COUNTY,149,50 Years,257,120,137,191,86,105,10,5,5,2,1,1,1,0,1,53,28,25
FAYETTE COUNTY,149,51 Years,290,126,164,204,88,116,12,6,6,1,1,0,3,2,1,70,29,41
FAYETTE COUNTY,149,52 Years,256,125,131,189,95,94,12,6,6,0,0,0,4,1,3,51,23,28
FAYETTE COUNTY,149,53 Years,302,155,147,205,100,105,17,8,9,2,0,2,3,1,2,75,46,29
FAYETTE COUNTY,149,54 Years,345,158,187,244,105,139,27,13,14,5,2,3,5,3,2,64,35,29
FAYETTE COUNTY,149,55 Years,357,173,184,278,133,145,24,12,12,2,1,1,3,1,2,50,26,24
FAYETTE COUNTY,149,56 Years,379,179,200,301,145,156,20,10,10,0,0,0,3,0,3,55,24,31
FAYETTE COUNTY,149,57 Years,398,184,214,315,141,174,20,10,10,1,0,1,1,0,1,61,33,28
FAYETTE COUNTY,149,58 Years,406,204,202,328,168,160,25,10,15,0,0,0,1,0,1,52,26,26
FAYETTE COUNTY,149,59 Years,390,195,195,318,156,162,21,11,10,1,1,0,2,0,2,48,27,21
FAYETTE COUNTY,149,60 Years,385,183,202,317,150,167,22,11,11,2,1,1,2,0,2,42,21,21
FAYETTE COUNTY,149,61 Years,385,183,202,313,143,170,22,13,9,1,0,1,4,2,2,45,25,20
FAYETTE COUNTY,149,62 Years,372,181,191,306,146,160,19,12,7,0,0,0,5,2,3,42,21,21
FAYETTE COUNTY,149,63 Years,408,203,205,339,172,167,24,11,13,1,0,1,3,1,2,41,19,22
FAYETTE COUNTY,149,64 Years,422,205,217,345,171,174,26,6,20,1,0,1,5,3,2,45,25,20
FAYETTE COUNTY,149,65 Years,422,196,226,351,158,193,27,13,14,1,0,1,3,2,1,40,23,17
FAYETTE COUNTY,149,66 Years,393,178,215,329,152,177,26,10,16,2,1,1,3,1,2,33,14,19
FAYETTE COUNTY,149,67 Years,361,176,185,301,148,153,26,10,16,0,0,0,3,2,1,31,16,15
FAYETTE COUNTY,149,68 Years,349,182,167,291,153,138,22,9,13,0,0,0,3,1,2,33,19,14
FAYETTE COUNTY,149,69 Years,349,171,178,295,141,154,19,8,11,0,0,0,1,1,0,34,21,13
FAYETTE COUNTY,149,70 Years,358,172,186,313,144,169,16,11,5,0,0,0,2,2,0,27,15,12
FAYETTE COUNTY,149,71 Years,328,172,156,293,152,141,13,6,7,1,0,1,3,3,0,18,11,7
FAYETTE COUNTY,149,72 Years,349,167,182,311,144,167,13,6,7,0,0,0,4,3,1,21,14,7
FAYETTE COUNTY,149,73 Years,303,146,157,263,125,138,14,7,7,0,0,0,3,2,1,23,12,11
FAYETTE COUNTY,149,74 Years,288,144,144,246,121,125,16,9,7,0,0,0,4,2,2,22,12,10
FAYETTE COUNTY,149,75 Years,306,133,173,269,116,153,14,8,6,2,0,2,2,1,1,19,8,11
FAYETTE COUNTY,149,76 Years,286,132,154,248,113,135,11,7,4,1,0,1,4,2,2,22,10,12
FAYETTE COUNTY,149,77 Years,263,145,118,226,125,101,14,7,7,1,0,1,3,1,2,19,12,7
FAYETTE COUNTY,149,78 Years,233,108,125,200,91,109,16,9,7,0,0,0,2,0,2,15,8,7
FAYETTE COUNTY,149,79 Years,229,107,122,203,95,108,14,6,8,0,0,0,1,0,1,11,6,5
FAYETTE COUNTY,149,80 Years,230,107,123,208,93,115,13,9,4,1,1,0,1,1,0,7,3,4
FAYETTE COUNTY,149,81 Years,212,104,108,189,90,99,9,7,2,0,0,0,0,0,0,14,7,7
FAYETTE COUNTY,149,82 Years,193,95,98,171,83,88,8,5,3,0,0,0,0,0,0,14,7,7
FAYETTE COUNTY,149,83 Years,165,80,85,152,72,80,3,2,1,0,0,0,1,0,1,9,6,3
FAYETTE COUNTY,149,84 Years,148,62,86,132,57,75,7,1,6,0,0,0,1,0,1,8,4,4
FAYETTE COUNTY,149,85 Years,132,53,79,114,45,69,10,4,6,1,0,1,1,1,0,6,3,3
FAYETTE COUNTY,149,86 Years,115,43,72,96,36,60,12,3,9,0,0,0,0,0,0,7,4,3
FAYETTE COUNTY,149,87 Years,110,43,67,97,41,56,8,1,7,0,0,0,0,0,0,5,1,4
FAYETTE COUNTY,149,88 Years,91,33,58,80,29,51,8,3,5,0,0,0,0,0,0,3,1,2
FAYETTE COUNTY,149,89 Years,89,33,56,78,29,49,5,1,4,0,0,0,2,1,1,4,2,2
FAYETTE COUNTY,149,90 Years,82,31,51,69,26,43,6,2,4,0,0,0,1,0,1,6,3,3
FAYETTE COUNTY,149,91 Years,67,26,41,55,21,34,6,2,4,0,0,0,0,0,0,6,3,3
FAYETTE COUNTY,149,92 Years,54,21,33,43,16,27,5,2,3,0,0,0,2,1,1,4,2,2
FAYETTE COUNTY,149,93 Years,47,11,36,39,10,29,3,0,3,1,0,1,1,0,1,3,1,2
FAYETTE COUNTY,149,94 Years,35,9,26,28,8,20,3,0,3,0,0,0,1,0,1,3,1,2
FAYETTE COUNTY,149,95 Years +,96,26,70,79,21,58,10,3,7,0,0,0,1,0,1,6,2,4
FISHER COUNTY,151,All Ages,3859,1914,1945,2525,1241,1284,131,60,71,8,4,4,43,23,20,1152,586,566
FISHER COUNTY,151,< 1 Year,41,20,21,19,10,9,0,0,0,0,0,0,0,0,0,22,10,12
FISHER COUNTY,151,1 Years,44,24,20,22,12,10,0,0,0,0,0,0,0,0,0,22,12,10
FISHER COUNTY,151,2 Years,43,21,22,21,10,11,1,0,1,0,0,0,0,0,0,21,11,10
FISHER COUNTY,151,3 Years,48,27,21,28,15,13,2,1,1,0,0,0,0,0,0,18,11,7
FISHER COUNTY,151,4 Years,50,28,22,32,17,15,1,1,0,0,0,0,0,0,0,17,10,7
FISHER COUNTY,151,5 Years,50,25,25,32,15,17,0,0,0,0,0,0,0,0,0,18,10,8
FISHER COUNTY,151,6 Years,43,21,22,27,13,14,0,0,0,0,0,0,0,0,0,16,8,8
FISHER COUNTY,151,7 Years,37,17,20,19,7,12,3,2,1,0,0,0,0,0,0,15,8,7
FISHER COUNTY,151,8 Years,43,22,21,22,10,12,3,1,2,0,0,0,0,0,0,18,11,7
FISHER COUNTY,151,9 Years,48,24,24,25,10,15,0,0,0,0,0,0,1,0,1,22,14,8
FISHER COUNTY,151,10 Years,39,17,22,19,5,14,0,0,0,0,0,0,0,0,0,20,12,8
FISHER COUNTY,151,11 Years,45,28,17,27,19,8,1,0,1,0,0,0,1,0,1,16,9,7
FISHER COUNTY,151,12 Years,52,28,24,33,20,13,0,0,0,0,0,0,1,1,0,18,7,11
FISHER COUNTY,151,13 Years,51,25,26,33,17,16,2,0,2,0,0,0,1,0,1,15,8,7
FISHER COUNTY,151,14 Years,44,21,23,24,11,13,2,1,1,0,0,0,2,1,1,16,8,8
FISHER COUNTY,151,15 Years,42,25,17,23,13,10,1,1,0,1,1,0,1,1,0,16,9,7
FISHER COUNTY,151,16 Years,40,20,20,23,12,11,0,0,0,1,1,0,0,0,0,16,7,9
FISHER COUNTY,151,17 Years,44,22,22,30,15,15,1,0,1,0,0,0,0,0,0,13,7,6
FISHER COUNTY,151,18 Years,38,17,21,26,12,14,1,0,1,0,0,0,0,0,0,11,5,6
FISHER COUNTY,151,19 Years,36,14,22,19,6,13,0,0,0,2,1,1,0,0,0,15,7,8
FISHER COUNTY,151,20 Years,29,16,13,14,6,8,2,2,0,0,0,0,0,0,0,13,8,5
FISHER COUNTY,151,21 Years,35,16,19,14,6,8,4,3,1,0,0,0,0,0,0,17,7,10
FISHER COUNTY,151,22 Years,35,17,18,15,8,7,2,2,0,0,0,0,0,0,0,18,7,11
FISHER COUNTY,151,23 Years,33,20,13,17,10,7,0,0,0,0,0,0,0,0,0,16,10,6
FISHER COUNTY,151,24 Years,48,22,26,22,8,14,3,2,1,0,0,0,0,0,0,23,12,11
FISHER COUNTY,151,25 Years,63,33,30,34,22,12,5,1,4,1,0,1,0,0,0,23,10,13
FISHER COUNTY,151,26 Years,69,33,36,38,23,15,3,1,2,0,0,0,3,1,2,25,8,17
FISHER COUNTY,151,27 Years,53,25,28,29,13,16,4,2,2,0,0,0,1,0,1,19,10,9
FISHER COUNTY,151,28 Years,42,21,21,19,8,11,3,1,2,0,0,0,1,0,1,19,12,7
FISHER COUNTY,151,29 Years,37,22,15,20,12,8,4,3,1,0,0,0,0,0,0,13,7,6
FISHER COUNTY,151,30 Years,33,19,14,21,10,11,1,1,0,0,0,0,1,1,0,10,7,3
FISHER COUNTY,151,31 Years,42,25,17,31,16,15,1,1,0,0,0,0,1,1,0,9,7,2
FISHER COUNTY,151,32 Years,34,19,15,22,10,12,2,2,0,0,0,0,1,1,0,9,6,3
FISHER COUNTY,151,33 Years,29,14,15,23,10,13,1,1,0,0,0,0,0,0,0,5,3,2
FISHER COUNTY,151,34 Years,33,15,18,20,11,9,0,0,0,0,0,0,0,0,0,13,4,9
FISHER COUNTY,151,35 Years,37,16,21,22,11,11,0,0,0,0,0,0,0,0,0,15,5,10
FISHER COUNTY,151,36 Years,45,23,22,27,12,15,0,0,0,0,0,0,0,0,0,18,11,7
FISHER COUNTY,151,37 Years,35,15,20,23,10,13,2,0,2,0,0,0,0,0,0,10,5,5
FISHER COUNTY,151,38 Years,38,15,23,23,11,12,1,0,1,0,0,0,1,0,1,13,4,9
FISHER COUNTY,151,39 Years,27,14,13,21,12,9,0,0,0,1,0,1,0,0,0,5,2,3
FISHER COUNTY,151,40 Years,23,13,10,18,10,8,0,0,0,0,0,0,0,0,0,5,3,2
FISHER COUNTY,151,41 Years,33,15,18,26,10,16,0,0,0,0,0,0,0,0,0,7,5,2
FISHER COUNTY,151,42 Years,38,25,13,22,12,10,0,0,0,0,0,0,0,0,0,16,13,3
FISHER COUNTY,151,43 Years,38,23,15,21,11,10,2,1,1,0,0,0,1,0,1,14,11,3
FISHER COUNTY,151,44 Years,33,14,19,16,7,9,3,2,1,0,0,0,0,0,0,14,5,9
FISHER COUNTY,151,45 Years,37,15,22,24,10,14,3,0,3,0,0,0,0,0,0,10,5,5
FISHER COUNTY,151,46 Years,44,22,22,28,15,13,2,0,2,0,0,0,0,0,0,14,7,7
FISHER COUNTY,151,47 Years,48,26,22,31,17,14,3,2,1,0,0,0,0,0,0,14,7,7
FISHER COUNTY,151,48 Years,57,25,32,41,20,21,1,0,1,0,0,0,0,0,0,15,5,10
FISHER COUNTY,151,49 Years,51,26,25,37,20,17,3,2,1,0,0,0,0,0,0,11,4,7
FISHER COUNTY,151,50 Years,43,20,23,33,15,18,2,1,1,0,0,0,0,0,0,8,4,4
FISHER COUNTY,151,51 Years,40,19,21,25,12,13,1,0,1,0,0,0,1,1,0,13,6,7
FISHER COUNTY,151,52 Years,41,21,20,26,15,11,3,1,2,0,0,0,0,0,0,12,5,7
FISHER COUNTY,151,53 Years,42,18,24,28,11,17,3,2,1,0,0,0,0,0,0,11,5,6
FISHER COUNTY,151,54 Years,45,26,19,27,14,13,4,2,2,0,0,0,1,0,1,13,10,3
FISHER COUNTY,151,55 Years,51,29,22,31,17,14,3,1,2,0,0,0,1,1,0,16,10,6
FISHER COUNTY,151,56 Years,57,29,28,39,22,17,2,1,1,0,0,0,2,1,1,14,5,9
FISHER COUNTY,151,57 Years,58,28,30,43,22,21,1,0,1,0,0,0,1,1,0,13,5,8
FISHER COUNTY,151,58 Years,53,30,23,37,23,14,1,1,0,1,0,1,0,0,0,14,6,8
FISHER COUNTY,151,59 Years,63,36,27,43,24,19,2,2,0,0,0,0,1,1,0,17,9,8
FISHER COUNTY,151,60 Years,59,34,25,43,25,18,2,1,1,1,1,0,1,1,0,12,6,6
FISHER COUNTY,151,61 Years,55,27,28,42,19,23,3,3,0,0,0,0,0,0,0,10,5,5
FISHER COUNTY,151,62 Years,54,22,32,39,15,24,1,1,0,0,0,0,0,0,0,14,6,8
FISHER COUNTY,151,63 Years,63,32,31,47,22,25,0,0,0,0,0,0,1,1,0,15,9,6
FISHER COUNTY,151,64 Years,62,36,26,45,25,20,0,0,0,0,0,0,1,1,0,16,10,6
FISHER COUNTY,151,65 Years,59,29,30,46,21,25,0,0,0,0,0,0,1,1,0,12,7,5
FISHER COUNTY,151,66 Years,52,27,25,38,19,19,1,1,0,0,0,0,0,0,0,13,7,6
FISHER COUNTY,151,67 Years,54,27,27,44,21,23,0,0,0,0,0,0,1,1,0,9,5,4
FISHER COUNTY,151,68 Years,50,25,25,43,22,21,0,0,0,0,0,0,0,0,0,7,3,4
FISHER COUNTY,151,69 Years,56,26,30,40,19,21,2,0,2,0,0,0,2,1,1,12,6,6
FISHER COUNTY,151,70 Years,50,22,28,39,17,22,0,0,0,0,0,0,2,1,1,9,4,5
FISHER COUNTY,151,71 Years,53,23,30,43,21,22,2,0,2,0,0,0,1,1,0,7,1,6
FISHER COUNTY,151,72 Years,50,29,21,40,25,15,2,1,1,0,0,0,1,0,1,7,3,4
FISHER COUNTY,151,73 Years,47,24,23,34,18,16,3,1,2,0,0,0,1,0,1,9,5,4
FISHER COUNTY,151,74 Years,41,22,19,31,15,16,2,0,2,0,0,0,1,1,0,7,6,1
FISHER COUNTY,151,75 Years,41,22,19,31,15,16,1,1,0,0,0,0,1,1,0,8,5,3
FISHER COUNTY,151,76 Years,38,14,24,28,10,18,3,0,3,0,0,0,0,0,0,7,4,3
FISHER COUNTY,151,77 Years,39,15,24,29,10,19,0,0,0,0,0,0,1,0,1,9,5,4
FISHER COUNTY,151,78 Years,35,14,21,31,12,19,1,1,0,0,0,0,0,0,0,3,1,2
FISHER COUNTY,151,79 Years,38,12,26,29,9,20,0,0,0,0,0,0,0,0,0,9,3,6
FISHER COUNTY,151,80 Years,39,16,23,31,11,20,2,2,0,0,0,0,1,1,0,5,2,3
FISHER COUNTY,151,81 Years,30,12,18,21,8,13,1,1,0,0,0,0,1,0,1,7,3,4
FISHER COUNTY,151,82 Years,30,14,16,24,12,12,0,0,0,0,0,0,0,0,0,6,2,4
FISHER COUNTY,151,83 Years,28,14,14,19,11,8,2,0,2,0,0,0,0,0,0,7,3,4
FISHER COUNTY,151,84 Years,25,14,11,18,11,7,0,0,0,0,0,0,0,0,0,7,3,4
FISHER COUNTY,151,85 Years,19,10,9,15,10,5,0,0,0,0,0,0,0,0,0,4,0,4
FISHER COUNTY,151,86 Years,13,9,4,11,8,3,0,0,0,0,0,0,0,0,0,2,1,1
FISHER COUNTY,151,87 Years,14,6,8,8,4,4,2,0,2,0,0,0,0,0,0,4,2,2
FISHER COUNTY,151,88 Years,15,6,9,10,5,5,1,0,1,0,0,0,0,0,0,4,1,3
FISHER COUNTY,151,89 Years,17,6,11,10,4,6,2,0,2,0,0,0,0,0,0,5,2,3
FISHER COUNTY,151,90 Years,14,3,11,10,2,8,1,0,1,0,0,0,0,0,0,3,1,2
FISHER COUNTY,151,91 Years,10,2,8,8,2,6,0,0,0,0,0,0,0,0,0,2,0,2
FISHER COUNTY,151,92 Years,11,5,6,7,2,5,0,0,0,0,0,0,0,0,0,4,3,1
FISHER COUNTY,151,93 Years,8,2,6,5,2,3,0,0,0,0,0,0,1,0,1,2,0,2
FISHER COUNTY,151,94 Years,4,1,3,3,1,2,0,0,0,0,0,0,1,0,1,0,0,0
FISHER COUNTY,151,95 Years +,16,6,10,8,3,5,2,0,2,0,0,0,0,0,0,6,3,3
FLOYD COUNTY,153,All Ages,5535,2762,2773,1930,957,973,209,104,105,11,4,7,54,28,26,3331,1669,1662
FLOYD COUNTY,153,< 1 Year,77,38,39,19,7,12,1,1,0,0,0,0,0,0,0,57,30,27
FLOYD COUNTY,153,1 Years,79,41,38,18,8,10,2,1,1,0,0,0,0,0,0,59,32,27
FLOYD COUNTY,153,2 Years,81,42,39,18,8,10,1,0,1,0,0,0,3,2,1,59,32,27
FLOYD COUNTY,153,3 Years,81,44,37,14,8,6,2,1,1,0,0,0,3,2,1,62,33,29
FLOYD COUNTY,153,4 Years,76,39,37,11,5,6,1,1,0,0,0,0,3,2,1,61,31,30
FLOYD COUNTY,153,5 Years,75,35,40,11,6,5,2,1,1,0,0,0,0,0,0,62,28,34
FLOYD COUNTY,153,6 Years,81,38,43,13,8,5,3,2,1,0,0,0,0,0,0,65,28,37
FLOYD COUNTY,153,7 Years,83,38,45,15,8,7,1,0,1,0,0,0,4,2,2,63,28,35
FLOYD COUNTY,153,8 Years,84,40,44,16,10,6,2,1,1,0,0,0,2,1,1,64,28,36
FLOYD COUNTY,153,9 Years,92,49,43,19,15,4,2,0,2,0,0,0,2,1,1,69,33,36
FLOYD COUNTY,153,10 Years,69,34,35,15,11,4,2,0,2,0,0,0,0,0,0,52,23,29
FLOYD COUNTY,153,11 Years,78,40,38,14,8,6,2,0,2,0,0,0,1,1,0,61,31,30
FLOYD COUNTY,153,12 Years,72,40,32,12,8,4,4,2,2,0,0,0,0,0,0,56,30,26
FLOYD COUNTY,153,13 Years,74,44,30,14,11,3,2,1,1,1,0,1,0,0,0,57,32,25
FLOYD COUNTY,153,14 Years,80,40,40,12,8,4,4,2,2,0,0,0,1,0,1,63,30,33
FLOYD COUNTY,153,15 Years,70,35,35,13,8,5,3,2,1,1,0,1,0,0,0,53,25,28
FLOYD COUNTY,153,16 Years,72,39,33,16,11,5,3,2,1,0,0,0,1,1,0,52,25,27
FLOYD COUNTY,153,17 Years,70,36,34,13,9,4,4,2,2,1,0,1,0,0,0,52,25,27
FLOYD COUNTY,153,18 Years,62,31,31,11,6,5,2,1,1,1,0,1,0,0,0,48,24,24
FLOYD COUNTY,153,19 Years,60,33,27,10,6,4,3,2,1,0,0,0,1,0,1,46,25,21
FLOYD COUNTY,153,20 Years,63,32,31,8,4,4,5,4,1,0,0,0,0,0,0,50,24,26
FLOYD COUNTY,153,21 Years,65,35,30,10,6,4,3,2,1,0,0,0,1,1,0,51,26,25
FLOYD COUNTY,153,22 Years,70,33,37,14,6,8,1,1,0,1,1,0,0,0,0,54,25,29
FLOYD COUNTY,153,23 Years,65,35,30,14,6,8,2,1,1,0,0,0,0,0,0,49,28,21
FLOYD COUNTY,153,24 Years,73,42,31,17,7,10,4,3,1,0,0,0,0,0,0,52,32,20
FLOYD COUNTY,153,25 Years,81,43,38,19,7,12,3,3,0,0,0,0,0,0,0,59,33,26
FLOYD COUNTY,153,26 Years,92,58,34,17,8,9,5,4,1,0,0,0,2,1,1,68,45,23
FLOYD COUNTY,153,27 Years,83,52,31,22,12,10,2,2,0,0,0,0,1,1,0,58,37,21
FLOYD COUNTY,153,28 Years,60,37,23,12,8,4,3,2,1,1,1,0,1,0,1,43,26,17
FLOYD COUNTY,153,29 Years,61,29,32,14,9,5,3,1,2,0,0,0,1,0,1,43,19,24
FLOYD COUNTY,153,30 Years,63,30,33,19,11,8,2,1,1,0,0,0,1,0,1,41,18,23
FLOYD COUNTY,153,31 Years,67,41,26,19,12,7,1,1,0,0,0,0,1,0,1,46,28,18
FLOYD COUNTY,153,32 Years,59,31,28,21,12,9,1,0,1,0,0,0,1,0,1,36,19,17
FLOYD COUNTY,153,33 Years,62,30,32,21,12,9,1,0,1,0,0,0,1,1,0,39,17,22
FLOYD COUNTY,153,34 Years,64,34,30,22,13,9,2,0,2,0,0,0,1,1,0,39,20,19
FLOYD COUNTY,153,35 Years,51,24,27,17,8,9,2,1,1,0,0,0,0,0,0,32,15,17
FLOYD COUNTY,153,36 Years,58,31,27,16,8,8,4,3,1,0,0,0,0,0,0,38,20,18
FLOYD COUNTY,153,37 Years,59,32,27,21,12,9,5,1,4,0,0,0,0,0,0,33,19,14
FLOYD COUNTY,153,38 Years,67,27,40,20,11,9,2,1,1,0,0,0,1,0,1,44,15,29
FLOYD COUNTY,153,39 Years,59,30,29,19,10,9,2,2,0,0,0,0,1,1,0,37,17,20
FLOYD COUNTY,153,40 Years,48,26,22,18,10,8,0,0,0,0,0,0,0,0,0,30,16,14
FLOYD COUNTY,153,41 Years,52,27,25,22,12,10,2,1,1,0,0,0,0,0,0,28,14,14
FLOYD COUNTY,153,42 Years,51,27,24,20,12,8,1,0,1,1,0,1,0,0,0,29,15,14
FLOYD COUNTY,153,43 Years,59,23,36,19,9,10,1,0,1,0,0,0,0,0,0,39,14,25
FLOYD COUNTY,153,44 Years,54,24,30,19,9,10,1,0,1,0,0,0,0,0,0,34,15,19
FLOYD COUNTY,153,45 Years,52,25,27,20,9,11,2,1,1,0,0,0,0,0,0,30,15,15
FLOYD COUNTY,153,46 Years,51,25,26,16,6,10,2,1,1,0,0,0,0,0,0,33,18,15
FLOYD COUNTY,153,47 Years,57,29,28,19,8,11,1,1,0,0,0,0,1,0,1,36,20,16
FLOYD COUNTY,153,48 Years,65,37,28,19,9,10,1,1,0,1,1,0,0,0,0,44,26,18
FLOYD COUNTY,153,49 Years,65,37,28,18,9,9,3,2,1,0,0,0,1,1,0,43,25,18
FLOYD COUNTY,153,50 Years,56,29,27,20,10,10,1,0,1,1,0,1,0,0,0,34,19,15
FLOYD COUNTY,153,51 Years,54,25,29,22,9,13,2,1,1,0,0,0,0,0,0,30,15,15
FLOYD COUNTY,153,52 Years,62,34,28,26,14,12,2,2,0,0,0,0,1,1,0,33,17,16
FLOYD COUNTY,153,53 Years,59,29,30,22,11,11,4,2,2,0,0,0,1,0,1,32,16,16
FLOYD COUNTY,153,54 Years,61,30,31,25,14,11,4,2,2,0,0,0,0,0,0,32,14,18
FLOYD COUNTY,153,55 Years,65,31,34,30,15,15,3,2,1,0,0,0,1,1,0,31,13,18
FLOYD COUNTY,153,56 Years,63,30,33,30,15,15,3,2,1,0,0,0,0,0,0,30,13,17
FLOYD COUNTY,153,57 Years,67,30,37,31,14,17,2,0,2,0,0,0,0,0,0,34,16,18
FLOYD COUNTY,153,58 Years,63,30,33,27,13,14,2,1,1,0,0,0,0,0,0,34,16,18
FLOYD COUNTY,153,59 Years,67,35,32,35,18,17,2,0,2,1,1,0,0,0,0,29,16,13
FLOYD COUNTY,153,60 Years,65,30,35,33,14,19,3,0,3,0,0,0,1,1,0,28,15,13
FLOYD COUNTY,153,61 Years,68,36,32,35,21,14,3,1,2,0,0,0,1,0,1,29,14,15
FLOYD COUNTY,153,62 Years,59,28,31,26,13,13,1,1,0,0,0,0,1,1,0,31,13,18
FLOYD COUNTY,153,63 Years,58,27,31,27,14,13,2,0,2,0,0,0,0,0,0,29,13,16
FLOYD COUNTY,153,64 Years,69,33,36,35,17,18,3,1,2,0,0,0,1,1,0,30,14,16
FLOYD COUNTY,153,65 Years,66,34,32,33,19,14,3,1,2,0,0,0,1,1,0,29,13,16
FLOYD COUNTY,153,66 Years,73,38,35,42,20,22,4,3,1,0,0,0,2,1,1,25,14,11
FLOYD COUNTY,153,67 Years,78,38,40,44,24,20,4,3,1,0,0,0,1,1,0,29,10,19
FLOYD COUNTY,153,68 Years,70,33,37,38,20,18,3,2,1,0,0,0,0,0,0,29,11,18
FLOYD COUNTY,153,69 Years,64,30,34,39,20,19,2,1,1,1,0,1,0,0,0,22,9,13
FLOYD COUNTY,153,70 Years,63,28,35,37,16,21,2,1,1,0,0,0,1,1,0,23,10,13
FLOYD COUNTY,153,71 Years,55,26,29,28,11,17,3,3,0,0,0,0,0,0,0,24,12,12
FLOYD COUNTY,153,72 Years,51,24,27,28,14,14,3,1,2,0,0,0,0,0,0,20,9,11
FLOYD COUNTY,153,73 Years,53,26,27,32,17,15,1,0,1,0,0,0,0,0,0,20,9,11
FLOYD COUNTY,153,74 Years,50,20,30,29,11,18,1,0,1,0,0,0,1,0,1,19,9,10
FLOYD COUNTY,153,75 Years,43,20,23,25,10,15,2,1,1,0,0,0,0,0,0,16,9,7
FLOYD COUNTY,153,76 Years,52,20,32,33,13,20,1,0,1,0,0,0,0,0,0,18,7,11
FLOYD COUNTY,153,77 Years,49,18,31,27,9,18,3,2,1,0,0,0,1,0,1,18,7,11
FLOYD COUNTY,153,78 Years,47,21,26,27,13,14,2,1,1,0,0,0,2,0,2,16,7,9
FLOYD COUNTY,153,79 Years,41,17,24,24,10,14,1,0,1,0,0,0,1,0,1,15,7,8
FLOYD COUNTY,153,80 Years,35,15,20,18,7,11,1,0,1,0,0,0,0,0,0,16,8,8
FLOYD COUNTY,153,81 Years,31,14,17,16,6,10,1,1,0,0,0,0,0,0,0,14,7,7
FLOYD COUNTY,153,82 Years,32,16,16,16,7,9,2,2,0,0,0,0,0,0,0,14,7,7
FLOYD COUNTY,153,83 Years,31,15,16,22,9,13,2,1,1,0,0,0,0,0,0,7,5,2
FLOYD COUNTY,153,84 Years,29,11,18,19,5,14,2,1,1,0,0,0,0,0,0,8,5,3
FLOYD COUNTY,153,85 Years,22,8,14,12,4,8,1,0,1,0,0,0,0,0,0,9,4,5
FLOYD COUNTY,153,86 Years,25,10,15,11,4,7,4,0,4,0,0,0,0,0,0,10,6,4
FLOYD COUNTY,153,87 Years,18,7,11,12,3,9,1,0,1,0,0,0,0,0,0,5,4,1
FLOYD COUNTY,153,88 Years,22,10,12,14,6,8,1,0,1,0,0,0,0,0,0,7,4,3
FLOYD COUNTY,153,89 Years,25,10,15,16,5,11,2,1,1,0,0,0,0,0,0,7,4,3
FLOYD COUNTY,153,90 Years,21,10,11,13,6,7,3,1,2,0,0,0,0,0,0,5,3,2
FLOYD COUNTY,153,91 Years,17,6,11,10,4,6,1,0,1,0,0,0,1,0,1,5,2,3
FLOYD COUNTY,153,92 Years,13,5,8,8,2,6,0,0,0,0,0,0,0,0,0,5,3,2
FLOYD COUNTY,153,93 Years,11,5,6,7,2,5,0,0,0,0,0,0,0,0,0,4,3,1
FLOYD COUNTY,153,94 Years,6,3,3,4,2,2,0,0,0,0,0,0,0,0,0,2,1,1
FLOYD COUNTY,153,95 Years +,14,5,9,6,2,4,3,1,2,0,0,0,0,0,0,5,2,3
FOARD COUNTY,155,All Ages,1139,552,587,869,415,454,58,30,28,5,2,3,5,3,2,202,102,100
FOARD COUNTY,155,< 1 Year,14,9,5,11,7,4,0,0,0,0,0,0,0,0,0,3,2,1
FOARD COUNTY,155,1 Years,11,6,5,9,5,4,0,0,0,0,0,0,0,0,0,2,1,1
FOARD COUNTY,155,2 Years,12,6,6,9,5,4,0,0,0,0,0,0,0,0,0,3,1,2
FOARD COUNTY,155,3 Years,12,6,6,8,4,4,0,0,0,0,0,0,0,0,0,4,2,2
FOARD COUNTY,155,4 Years,11,5,6,8,3,5,0,0,0,0,0,0,0,0,0,3,2,1
FOARD COUNTY,155,5 Years,10,4,6,7,2,5,0,0,0,0,0,0,0,0,0,3,2,1
FOARD COUNTY,155,6 Years,14,6,8,8,3,5,2,1,1,0,0,0,0,0,0,4,2,2
FOARD COUNTY,155,7 Years,16,8,8,9,5,4,2,1,1,0,0,0,0,0,0,5,2,3
FOARD COUNTY,155,8 Years,18,9,9,9,4,5,2,1,1,0,0,0,0,0,0,7,4,3
FOARD COUNTY,155,9 Years,18,5,13,8,3,5,2,1,1,0,0,0,0,0,0,8,1,7
FOARD COUNTY,155,10 Years,13,5,8,9,4,5,1,0,1,1,0,1,0,0,0,2,1,1
FOARD COUNTY,155,11 Years,12,8,4,9,5,4,0,0,0,0,0,0,0,0,0,3,3,0
FOARD COUNTY,155,12 Years,6,2,4,5,1,4,0,0,0,0,0,0,0,0,0,1,1,0
FOARD COUNTY,155,13 Years,10,7,3,8,5,3,0,0,0,0,0,0,0,0,0,2,2,0
FOARD COUNTY,155,14 Years,13,5,8,8,3,5,0,0,0,0,0,0,0,0,0,5,2,3
FOARD COUNTY,155,15 Years,12,5,7,7,4,3,1,0,1,0,0,0,0,0,0,4,1,3
FOARD COUNTY,155,16 Years,11,5,6,6,3,3,2,1,1,1,0,1,0,0,0,2,1,1
FOARD COUNTY,155,17 Years,12,7,5,8,5,3,2,2,0,0,0,0,0,0,0,2,0,2
FOARD COUNTY,155,18 Years,10,4,6,7,3,4,2,1,1,0,0,0,0,0,0,1,0,1
FOARD COUNTY,155,19 Years,9,6,3,6,3,3,2,2,0,0,0,0,0,0,0,1,1,0
FOARD COUNTY,155,20 Years,9,5,4,5,2,3,1,1,0,0,0,0,0,0,0,3,2,1
FOARD COUNTY,155,21 Years,10,4,6,5,2,3,3,0,3,0,0,0,0,0,0,2,2,0
FOARD COUNTY,155,22 Years,11,4,7,5,2,3,2,0,2,0,0,0,0,0,0,4,2,2
FOARD COUNTY,155,23 Years,11,5,6,7,3,4,2,1,1,0,0,0,0,0,0,2,1,1
FOARD COUNTY,155,24 Years,12,5,7,7,4,3,2,0,2,0,0,0,0,0,0,3,1,2
FOARD COUNTY,155,25 Years,13,7,6,8,4,4,1,1,0,0,0,0,0,0,0,4,2,2
FOARD COUNTY,155,26 Years,12,6,6,7,4,3,1,0,1,0,0,0,0,0,0,4,2,2
FOARD COUNTY,155,27 Years,12,6,6,9,5,4,0,0,0,0,0,0,0,0,0,3,1,2
FOARD COUNTY,155,28 Years,10,3,7,7,2,5,0,0,0,0,0,0,0,0,0,3,1,2
FOARD COUNTY,155,29 Years,11,5,6,9,4,5,0,0,0,0,0,0,0,0,0,2,1,1
FOARD COUNTY,155,30 Years,13,8,5,8,5,3,2,1,1,0,0,0,0,0,0,3,2,1
FOARD COUNTY,155,31 Years,9,3,6,5,3,2,1,0,1,0,0,0,0,0,0,3,0,3
FOARD COUNTY,155,32 Years,8,3,5,6,2,4,0,0,0,0,0,0,1,0,1,1,1,0
FOARD COUNTY,155,33 Years,12,7,5,9,5,4,0,0,0,0,0,0,0,0,0,3,2,1
FOARD COUNTY,155,34 Years,12,5,7,8,3,5,0,0,0,0,0,0,0,0,0,4,2,2
FOARD COUNTY,155,35 Years,10,7,3,7,4,3,1,1,0,0,0,0,0,0,0,2,2,0
FOARD COUNTY,155,36 Years,14,9,5,10,7,3,1,0,1,0,0,0,0,0,0,3,2,1
FOARD COUNTY,155,37 Years,12,7,5,11,6,5,0,0,0,0,0,0,0,0,0,1,1,0
FOARD COUNTY,155,38 Years,8,4,4,6,2,4,0,0,0,0,0,0,0,0,0,2,2,0
FOARD COUNTY,155,39 Years,10,5,5,8,5,3,0,0,0,0,0,0,0,0,0,2,0,2
FOARD COUNTY,155,40 Years,7,4,3,5,3,2,0,0,0,0,0,0,0,0,0,2,1,1
FOARD COUNTY,155,41 Years,6,4,2,5,3,2,0,0,0,0,0,0,0,0,0,1,1,0
FOARD COUNTY,155,42 Years,7,3,4,5,2,3,0,0,0,0,0,0,0,0,0,2,1,1
FOARD COUNTY,155,43 Years,13,6,7,12,6,6,1,0,1,0,0,0,0,0,0,0,0,0
FOARD COUNTY,155,44 Years,12,8,4,11,7,4,0,0,0,0,0,0,0,0,0,1,1,0
FOARD COUNTY,155,45 Years,8,4,4,5,2,3,0,0,0,0,0,0,0,0,0,3,2,1
FOARD COUNTY,155,46 Years,8,5,3,6,3,3,1,1,0,0,0,0,0,0,0,1,1,0
FOARD COUNTY,155,47 Years,11,7,4,8,5,3,0,0,0,0,0,0,0,0,0,3,2,1
FOARD COUNTY,155,48 Years,17,8,9,14,5,9,1,1,0,0,0,0,0,0,0,2,2,0
FOARD COUNTY,155,49 Years,18,6,12,15,5,10,0,0,0,0,0,0,0,0,0,3,1,2
FOARD COUNTY,155,50 Years,12,6,6,11,6,5,0,0,0,0,0,0,0,0,0,1,0,1
FOARD COUNTY,155,51 Years,19,10,9,14,8,6,2,1,1,0,0,0,0,0,0,3,1,2
FOARD COUNTY,155,52 Years,14,7,7,10,4,6,1,1,0,0,0,0,0,0,0,3,2,1
FOARD COUNTY,155,53 Years,15,5,10,12,3,9,1,1,0,0,0,0,0,0,0,2,1,1
FOARD COUNTY,155,54 Years,15,8,7,9,4,5,2,2,0,0,0,0,0,0,0,4,2,2
FOARD COUNTY,155,55 Years,21,9,12,17,6,11,1,1,0,0,0,0,0,0,0,3,2,1
FOARD COUNTY,155,56 Years,19,11,8,13,7,6,0,0,0,0,0,0,0,0,0,6,4,2
FOARD COUNTY,155,57 Years,19,10,9,15,8,7,1,1,0,0,0,0,0,0,0,3,1,2
FOARD COUNTY,155,58 Years,19,10,9,14,7,7,1,1,0,0,0,0,0,0,0,4,2,2
FOARD COUNTY,155,59 Years,17,9,8,15,9,6,0,0,0,0,0,0,0,0,0,2,0,2
FOARD COUNTY,155,60 Years,15,8,7,13,7,6,0,0,0,0,0,0,0,0,0,2,1,1
FOARD COUNTY,155,61 Years,15,10,5,11,7,4,0,0,0,0,0,0,2,2,0,2,1,1
FOARD COUNTY,155,62 Years,20,9,11,17,7,10,0,0,0,0,0,0,1,1,0,2,1,1
FOARD COUNTY,155,63 Years,16,6,10,14,4,10,0,0,0,0,0,0,0,0,0,2,2,0
FOARD COUNTY,155,64 Years,10,5,5,7,3,4,0,0,0,0,0,0,0,0,0,3,2,1
FOARD COUNTY,155,65 Years,9,5,4,7,3,4,0,0,0,0,0,0,0,0,0,2,2,0
FOARD COUNTY,155,66 Years,15,8,7,13,7,6,0,0,0,0,0,0,0,0,0,2,1,1
FOARD COUNTY,155,67 Years,17,9,8,15,7,8,1,1,0,1,1,0,0,0,0,0,0,0
FOARD COUNTY,155,68 Years,20,10,10,17,8,9,1,1,0,1,1,0,0,0,0,1,0,1
FOARD COUNTY,155,69 Years,14,7,7,13,7,6,0,0,0,0,0,0,0,0,0,1,0,1
FOARD COUNTY,155,70 Years,15,6,9,13,6,7,0,0,0,0,0,0,0,0,0,2,0,2
FOARD COUNTY,155,71 Years,14,7,7,13,7,6,0,0,0,0,0,0,0,0,0,1,0,1
FOARD COUNTY,155,72 Years,14,5,9,13,5,8,0,0,0,0,0,0,0,0,0,1,0,1
FOARD COUNTY,155,73 Years,13,6,7,12,6,6,0,0,0,0,0,0,0,0,0,1,0,1
FOARD COUNTY,155,74 Years,13,6,7,9,5,4,0,0,0,1,0,1,0,0,0,3,1,2
FOARD COUNTY,155,75 Years,13,6,7,9,4,5,2,1,1,0,0,0,0,0,0,2,1,1
FOARD COUNTY,155,76 Years,13,6,7,11,6,5,1,0,1,0,0,0,0,0,0,1,0,1
FOARD COUNTY,155,77 Years,11,7,4,11,7,4,0,0,0,0,0,0,0,0,0,0,0,0
FOARD COUNTY,155,78 Years,13,8,5,11,7,4,0,0,0,0,0,0,0,0,0,2,1,1
FOARD COUNTY,155,79 Years,13,7,6,12,6,6,0,0,0,0,0,0,0,0,0,1,1,0
FOARD COUNTY,155,80 Years,15,6,9,13,6,7,2,0,2,0,0,0,0,0,0,0,0,0
FOARD COUNTY,155,81 Years,9,3,6,8,3,5,0,0,0,0,0,0,0,0,0,1,0,1
FOARD COUNTY,155,82 Years,11,4,7,8,3,5,1,1,0,0,0,0,1,0,1,1,0,1
FOARD COUNTY,155,83 Years,10,5,5,9,4,5,1,1,0,0,0,0,0,0,0,0,0,0
FOARD COUNTY,155,84 Years,8,3,5,8,3,5,0,0,0,0,0,0,0,0,0,0,0,0
FOARD COUNTY,155,85 Years,8,3,5,8,3,5,0,0,0,0,0,0,0,0,0,0,0,0
FOARD COUNTY,155,86 Years,9,4,5,8,3,5,0,0,0,0,0,0,0,0,0,1,1,0
FOARD COUNTY,155,87 Years,7,2,5,7,2,5,0,0,0,0,0,0,0,0,0,0,0,0
FOARD COUNTY,155,88 Years,5,2,3,5,2,3,0,0,0,0,0,0,0,0,0,0,0,0
FOARD COUNTY,155,89 Years,5,2,3,5,2,3,0,0,0,0,0,0,0,0,0,0,0,0
FOARD COUNTY,155,90 Years,4,2,2,4,2,2,0,0,0,0,0,0,0,0,0,0,0,0
FOARD COUNTY,155,91 Years,4,2,2,4,2,2,0,0,0,0,0,0,0,0,0,0,0,0
FOARD COUNTY,155,92 Years,4,2,2,4,2,2,0,0,0,0,0,0,0,0,0,0,0,0
FOARD COUNTY,155,93 Years,4,2,2,4,2,2,0,0,0,0,0,0,0,0,0,0,0,0
FOARD COUNTY,155,94 Years,3,1,2,3,1,2,0,0,0,0,0,0,0,0,0,0,0,0
FOARD COUNTY,155,95 Years +,10,2,8,8,2,6,2,0,2,0,0,0,0,0,0,0,0,0
FORT BEND COUNTY,157,All Ages,805788,395842,409946,268287,134227,134060,155624,72704,82920,164706,81445,83261,21903,10872,11031,195268,96594,98674
FORT BEND COUNTY,157,< 1 Year,9493,4830,4663,2395,1221,1174,1903,968,935,1644,845,799,583,301,282,2968,1495,1473
FORT BEND COUNTY,157,1 Years,9885,5036,4849,2497,1256,1241,1949,993,956,1782,922,860,602,311,291,3055,1554,1501
FORT BEND COUNTY,157,2 Years,10663,5406,5257,2697,1354,1343,2050,1026,1024,2040,1048,992,655,333,322,3221,1645,1576
FORT BEND COUNTY,157,3 Years,11350,5777,5573,2905,1465,1440,2188,1101,1087,2294,1195,1099,641,325,316,3322,1691,1631
FORT BEND COUNTY,157,4 Years,11745,5997,5748,3053,1544,1509,2218,1115,1103,2492,1329,1163,598,306,292,3384,1703,1681
FORT BEND COUNTY,157,5 Years,11604,5989,5615,3092,1583,1509,2097,1065,1032,2522,1373,1149,546,286,260,3347,1682,1665
FORT BEND COUNTY,157,6 Years,11175,5782,5393,3041,1543,1498,1925,987,938,2423,1324,1099,507,265,242,3279,1663,1616
FORT BEND COUNTY,157,7 Years,10734,5544,5190,2943,1510,1433,1815,932,883,2283,1219,1064,467,238,229,3226,1645,1581
FORT BEND COUNTY,157,8 Years,10720,5533,5187,2881,1486,1395,1814,924,890,2269,1200,1069,447,225,222,3309,1698,1611
FORT BEND COUNTY,157,9 Years,9716,5042,4674,2585,1412,1173,1665,826,839,1992,1046,946,387,194,193,3087,1564,1523
FORT BEND COUNTY,157,10 Years,11470,5874,5596,3146,1655,1491,2082,1027,1055,2266,1177,1089,443,235,208,3533,1780,1753
FORT BEND COUNTY,157,11 Years,11618,5946,5672,3192,1651,1541,2182,1088,1094,2357,1213,1144,422,212,210,3465,1782,1683
FORT BEND COUNTY,157,12 Years,11903,6039,5864,3311,1702,1609,2297,1132,1165,2350,1211,1139,435,212,223,3510,1782,1728
FORT BEND COUNTY,157,13 Years,12089,6247,5842,3549,1885,1664,2341,1196,1145,2313,1185,1128,417,199,218,3469,1782,1687
FORT BEND COUNTY,157,14 Years,12215,6242,5973,3647,1927,1720,2383,1166,1217,2244,1132,1112,434,215,219,3507,1802,1705
FORT BEND COUNTY,157,15 Years,12547,6339,6208,3799,1920,1879,2525,1242,1283,2270,1153,1117,468,237,231,3485,1787,1698
FORT BEND COUNTY,157,16 Years,12638,6397,6241,3856,1915,1941,2615,1356,1259,2276,1177,1099,430,206,224,3461,1743,1718
FORT BEND COUNTY,157,17 Years,12432,6439,5993,3940,2043,1897,2588,1339,1249,2116,1136,980,414,220,194,3374,1701,1673
FORT BEND COUNTY,157,18 Years,12073,6284,5789,3820,2024,1796,2602,1333,1269,2035,1088,947,426,219,207,3190,1620,1570
FORT BEND COUNTY,157,19 Years,11190,5844,5346,3566,1936,1630,2511,1299,1212,1744,888,856,412,207,205,2957,1514,1443
FORT BEND COUNTY,157,20 Years,10836,5586,5250,3382,1814,1568,2519,1308,1211,1631,807,824,406,194,212,2898,1463,1435
FORT BEND COUNTY,157,21 Years,10871,5569,5302,3284,1736,1548,2613,1313,1300,1749,890,859,400,186,214,2825,1444,1381
FORT BEND COUNTY,157,22 Years,10980,5657,5323,3408,1807,1601,2639,1359,1280,1853,933,920,364,179,185,2716,1379,1337
FORT BEND COUNTY,157,23 Years,11332,5828,5504,3572,1881,1691,2710,1388,1322,1955,1003,952,357,180,177,2738,1376,1362
FORT BEND COUNTY,157,24 Years,11498,5815,5683,3543,1842,1701,2725,1352,1373,2070,1027,1043,372,188,184,2788,1406,1382
FORT BEND COUNTY,157,25 Years,11799,5909,5890,3627,1855,1772,2759,1400,1359,2170,1064,1106,364,179,185,2879,1411,1468
FORT BEND COUNTY,157,26 Years,12197,6257,5940,3614,1901,1713,2885,1512,1373,2344,1193,1151,371,188,183,2983,1463,1520
FORT BEND COUNTY,157,27 Years,11543,5940,5603,3267,1727,1540,2720,1411,1309,2274,1149,1125,334,169,165,2948,1484,1464
FORT BEND COUNTY,157,28 Years,10364,5268,5096,2507,1313,1194,2396,1263,1133,2248,1074,1174,264,133,131,2949,1485,1464
FORT BEND COUNTY,157,29 Years,9919,4907,5012,2144,1117,1027,2154,1107,1047,2460,1109,1351,225,127,98,2936,1447,1489
FORT BEND COUNTY,157,30 Years,9590,4779,4811,2157,1115,1042,1958,995,963,2438,1145,1293,195,107,88,2842,1417,1425
FORT BEND COUNTY,157,31 Years,9566,4690,4876,2299,1156,1143,1774,828,946,2552,1185,1367,187,95,92,2754,1426,1328
FORT BEND COUNTY,157,32 Years,9825,4889,4936,2476,1229,1247,1709,828,881,2584,1276,1308,215,104,111,2841,1452,1389
FORT BEND COUNTY,157,33 Years,10082,5004,5078,2554,1297,1257,1681,808,873,2733,1305,1428,194,94,100,2920,1500,1420
FORT BEND COUNTY,157,34 Years,10631,5251,5380,2758,1368,1390,1684,796,888,3068,1537,1531,165,87,78,2956,1463,1493
FORT BEND COUNTY,157,35 Years,10358,4974,5384,2617,1274,1343,1626,747,879,3058,1467,1591,186,86,100,2871,1400,1471
FORT BEND COUNTY,157,36 Years,10612,5116,5496,2791,1368,1423,1652,772,880,2934,1402,1532,185,85,100,3050,1489,1561
FORT BEND COUNTY,157,37 Years,10665,5240,5425,2859,1396,1463,1674,772,902,2868,1429,1439,195,86,109,3069,1557,1512
FORT BEND COUNTY,157,38 Years,10736,5217,5519,2951,1448,1503,1749,796,953,2711,1354,1357,224,96,128,3101,1523,1578
FORT BEND COUNTY,157,39 Years,10922,5230,5692,3023,1471,1552,1925,852,1073,2751,1326,1425,210,94,116,3013,1487,1526
FORT BEND COUNTY,157,40 Years,10637,5062,5575,3000,1461,1539,1866,794,1072,2633,1258,1375,219,95,124,2919,1454,1465
FORT BEND COUNTY,157,41 Years,10559,5071,5488,3001,1466,1535,1845,793,1052,2551,1233,1318,227,102,125,2935,1477,1458
FORT BEND COUNTY,157,42 Years,10574,4974,5600,3030,1478,1552,1929,834,1095,2504,1178,1326,199,78,121,2912,1406,1506
FORT BEND COUNTY,157,43 Years,10570,4999,5571,2976,1458,1518,1951,827,1124,2508,1191,1317,216,105,111,2919,1418,1501
FORT BEND COUNTY,157,44 Years,11067,5229,5838,3221,1551,1670,2050,872,1178,2580,1202,1378,239,125,114,2977,1479,1498
FORT BEND COUNTY,157,45 Years,11052,5249,5803,3221,1600,1621,2188,929,1259,2621,1236,1385,241,121,120,2781,1363,1418
FORT BEND COUNTY,157,46 Years,11327,5398,5929,3343,1644,1699,2309,984,1325,2664,1306,1358,226,105,121,2785,1359,1426
FORT BEND COUNTY,157,47 Years,11661,5492,6169,3670,1777,1893,2398,1025,1373,2594,1231,1363,219,110,109,2780,1349,1431
FORT BEND COUNTY,157,48 Years,11968,5717,6251,3990,1962,2028,2498,1078,1420,2526,1204,1322,225,123,102,2729,1350,1379
FORT BEND COUNTY,157,49 Years,11761,5568,6193,4098,1990,2108,2367,1000,1367,2392,1136,1256,219,115,104,2685,1327,1358
FORT BEND COUNTY,157,50 Years,11141,5283,5858,3885,1867,2018,2246,972,1274,2295,1089,1206,221,111,110,2494,1244,1250
FORT BEND COUNTY,157,51 Years,10637,5098,5539,3784,1903,1881,2193,958,1235,2111,1003,1108,184,79,105,2365,1155,1210
FORT BEND COUNTY,157,52 Years,10474,5090,5384,3828,1933,1895,2126,937,1189,2097,1026,1071,179,84,95,2244,1110,1134
FORT BEND COUNTY,157,53 Years,10469,5073,5396,3784,1875,1909,2120,943,1177,2123,1051,1072,183,89,94,2259,1115,1144
FORT BEND COUNTY,157,54 Years,10452,5052,5400,3973,1984,1989,2130,924,1206,1958,969,989,203,97,106,2188,1078,1110
FORT BEND COUNTY,157,55 Years,10465,4897,5568,4032,1919,2113,2144,888,1256,1997,991,1006,199,97,102,2093,1002,1091
FORT BEND COUNTY,157,56 Years,10590,5051,5539,4231,2097,2134,2118,906,1212,2041,993,1048,199,102,97,2001,953,1048
FORT BEND COUNTY,157,57 Years,10272,4907,5365,4349,2135,2214,2024,879,1145,1806,877,929,212,100,112,1881,916,965
FORT BEND COUNTY,157,58 Years,10303,4809,5494,4437,2116,2321,2065,909,1156,1823,845,978,202,89,113,1776,850,926
FORT BEND COUNTY,157,59 Years,10609,5082,5527,4744,2341,2403,2091,942,1149,1842,842,1000,189,94,95,1743,863,880
FORT BEND COUNTY,157,60 Years,10539,5014,5525,4943,2416,2527,2010,878,1132,1746,805,941,174,91,83,1666,824,842
FORT BEND COUNTY,157,61 Years,10396,4970,5426,4944,2474,2470,1982,844,1138,1699,798,901,168,91,77,1603,763,840
FORT BEND COUNTY,157,62 Years,10138,4879,5259,4875,2466,2409,1911,818,1093,1663,791,872,172,85,87,1517,719,798
FORT BEND COUNTY,157,63 Years,9780,4780,5000,4559,2322,2237,1844,813,1031,1725,838,887,188,97,91,1464,710,754
FORT BEND COUNTY,157,64 Years,9326,4444,4882,4304,2128,2176,1843,806,1037,1651,802,849,175,87,88,1353,621,732
FORT BEND COUNTY,157,65 Years,8586,4084,4502,3994,1994,2000,1661,685,976,1546,785,761,145,74,71,1240,546,694
FORT BEND COUNTY,157,66 Years,8307,3953,4354,3848,1899,1949,1566,648,918,1590,806,784,144,71,73,1159,529,630
FORT BEND COUNTY,157,67 Years,7906,3720,4186,3733,1891,1842,1491,569,922,1422,681,741,151,66,85,1109,513,596
FORT BEND COUNTY,157,68 Years,7275,3442,3833,3393,1695,1698,1345,558,787,1411,668,743,134,59,75,992,462,530
FORT BEND COUNTY,157,69 Years,6984,3342,3642,3217,1603,1614,1288,556,732,1384,680,704,129,55,74,966,448,518
FORT BEND COUNTY,157,70 Years,6425,3065,3360,2977,1484,1493,1223,508,715,1222,601,621,126,64,62,877,408,469
FORT BEND COUNTY,157,71 Years,6094,2894,3200,2959,1472,1487,1086,462,624,1098,538,560,119,63,56,832,359,473
FORT BEND COUNTY,157,72 Years,5805,2771,3034,2960,1477,1483,932,382,550,1012,507,505,121,63,58,780,342,438
FORT BEND COUNTY,157,73 Years,4628,2207,2421,2220,1098,1122,730,313,417,902,448,454,82,44,38,694,304,390
FORT BEND COUNTY,157,74 Years,4096,1913,2183,1974,951,1023,635,265,370,815,395,420,82,43,39,590,259,331
FORT BEND COUNTY,157,75 Years,3799,1767,2032,1908,937,971,587,222,365,717,356,361,66,35,31,521,217,304
FORT BEND COUNTY,157,76 Years,3449,1644,1805,1770,871,899,498,203,295,651,347,304,56,26,30,474,197,277
FORT BEND COUNTY,157,77 Years,2964,1410,1554,1508,729,779,410,168,242,583,301,282,60,26,34,403,186,217
FORT BEND COUNTY,157,78 Years,2680,1209,1471,1318,620,698,379,149,230,550,257,293,47,17,30,386,166,220
FORT BEND COUNTY,157,79 Years,2452,1127,1325,1210,569,641,326,130,196,511,254,257,47,21,26,358,153,205
FORT BEND COUNTY,157,80 Years,2184,985,1199,1115,517,598,293,118,175,439,221,218,33,14,19,304,115,189
FORT BEND COUNTY,157,81 Years,1963,853,1110,998,449,549,256,87,169,396,198,198,25,7,18,288,112,176
FORT BEND COUNTY,157,82 Years,1709,731,978,853,393,460,216,69,147,359,169,190,18,7,11,263,93,170
FORT BEND COUNTY,157,83 Years,1580,646,934,796,349,447,191,65,126,330,144,186,14,7,7,249,81,168
FORT BEND COUNTY,157,84 Years,1380,583,797,698,300,398,161,59,102,287,135,152,15,5,10,219,84,135
FORT BEND COUNTY,157,85 Years,1147,479,668,592,244,348,145,49,96,215,113,102,13,7,6,182,66,116
FORT BEND COUNTY,157,86 Years,1050,412,638,556,220,336,130,37,93,182,88,94,11,6,5,171,61,110
FORT BEND COUNTY,157,87 Years,911,356,555,497,197,300,95,27,68,148,72,76,7,4,3,164,56,108
FORT BEND COUNTY,157,88 Years,788,291,497,421,164,257,75,17,58,135,61,74,6,3,3,151,46,105
FORT BEND COUNTY,157,89 Years,702,246,456,373,131,242,67,18,49,116,47,69,5,2,3,141,48,93
FORT BEND COUNTY,157,90 Years,589,200,389,323,109,214,67,19,48,88,38,50,4,1,3,107,33,74
FORT BEND COUNTY,157,91 Years,475,165,310,261,95,166,54,12,42,72,30,42,5,2,3,83,26,57
FORT BEND COUNTY,157,92 Years,383,123,260,206,70,136,41,10,31,60,23,37,4,2,2,72,18,54
FORT BEND COUNTY,157,93 Years,304,93,211,176,56,120,31,6,25,41,15,26,2,1,1,54,15,39
FORT BEND COUNTY,157,94 Years,242,74,168,147,45,102,23,5,18,32,11,21,2,1,1,38,12,26
FORT BEND COUNTY,157,95 Years +,578,156,422,316,88,228,72,13,59,79,25,54,5,1,4,106,29,77
FRANKLIN COUNTY,159,All Ages,10791,5411,5380,8345,4159,4186,487,245,242,60,26,34,251,119,132,1648,862,786
FRANKLIN COUNTY,159,< 1 Year,164,84,80,98,55,43,13,8,5,0,0,0,5,3,2,48,18,30
FRANKLIN COUNTY,159,1 Years,150,81,69,94,55,39,9,5,4,0,0,0,4,3,1,43,18,25
FRANKLIN COUNTY,159,2 Years,154,86,68,97,58,39,9,7,2,0,0,0,5,3,2,43,18,25
FRANKLIN COUNTY,159,3 Years,146,85,61,97,57,40,5,3,2,0,0,0,5,3,2,39,22,17
FRANKLIN COUNTY,159,4 Years,146,82,64,95,53,42,8,4,4,0,0,0,8,4,4,35,21,14
FRANKLIN COUNTY,159,5 Years,151,80,71,96,51,45,9,5,4,3,1,2,7,3,4,36,20,16
FRANKLIN COUNTY,159,6 Years,141,70,71,86,43,43,9,5,4,3,2,1,6,2,4,37,18,19
FRANKLIN COUNTY,159,7 Years,153,76,77,96,45,51,8,5,3,2,1,1,8,3,5,39,22,17
FRANKLIN COUNTY,159,8 Years,147,72,75,94,45,49,5,2,3,4,1,3,6,2,4,38,22,16
FRANKLIN COUNTY,159,9 Years,195,94,101,128,58,70,8,4,4,1,1,0,8,7,1,50,24,26
FRANKLIN COUNTY,159,10 Years,143,74,69,99,55,44,3,1,2,1,1,0,4,2,2,36,15,21
FRANKLIN COUNTY,159,11 Years,142,77,65,92,53,39,6,2,4,0,0,0,6,2,4,38,20,18
FRANKLIN COUNTY,159,12 Years,160,82,78,108,51,57,9,5,4,0,0,0,4,2,2,39,24,15
FRANKLIN COUNTY,159,13 Years,142,70,72,104,48,56,5,1,4,1,1,0,4,2,2,28,18,10
FRANKLIN COUNTY,159,14 Years,165,82,83,118,60,58,7,3,4,1,0,1,6,2,4,33,17,16
FRANKLIN COUNTY,159,15 Years,165,96,69,109,66,43,9,5,4,3,1,2,7,4,3,37,20,17
FRANKLIN COUNTY,159,16 Years,117,65,52,77,45,32,8,5,3,1,1,0,2,1,1,29,13,16
FRANKLIN COUNTY,159,17 Years,137,72,65,97,51,46,8,6,2,2,1,1,2,0,2,28,14,14
FRANKLIN COUNTY,159,18 Years,123,66,57,81,43,38,11,6,5,3,1,2,3,2,1,25,14,11
FRANKLIN COUNTY,159,19 Years,109,51,58,66,34,32,14,6,8,2,0,2,2,2,0,25,9,16
FRANKLIN COUNTY,159,20 Years,97,41,56,61,29,32,7,3,4,1,0,1,2,1,1,26,8,18
FRANKLIN COUNTY,159,21 Years,90,42,48,60,32,28,5,2,3,2,1,1,2,0,2,21,7,14
FRANKLIN COUNTY,159,22 Years,95,47,48,65,32,33,4,1,3,1,1,0,5,3,2,20,10,10
FRANKLIN COUNTY,159,23 Years,99,51,48,73,36,37,4,3,1,0,0,0,2,2,0,20,10,10
FRANKLIN COUNTY,159,24 Years,106,48,58,75,33,42,7,3,4,1,1,0,4,2,2,19,9,10
FRANKLIN COUNTY,159,25 Years,109,53,56,79,40,39,6,2,4,0,0,0,3,1,2,21,10,11
FRANKLIN COUNTY,159,26 Years,123,63,60,88,43,45,6,3,3,0,0,0,4,3,1,25,14,11
FRANKLIN COUNTY,159,27 Years,128,63,65,93,42,51,6,5,1,1,1,0,5,3,2,23,12,11
FRANKLIN COUNTY,159,28 Years,130,65,65,93,43,50,9,7,2,0,0,0,4,3,1,24,12,12
FRANKLIN COUNTY,159,29 Years,142,70,72,104,49,55,7,4,3,0,0,0,4,1,3,27,16,11
FRANKLIN COUNTY,159,30 Years,138,68,70,111,54,57,3,1,2,0,0,0,3,1,2,21,12,9
FRANKLIN COUNTY,159,31 Years,144,71,73,112,52,60,5,2,3,0,0,0,3,1,2,24,16,8
FRANKLIN COUNTY,159,32 Years,138,70,68,103,53,50,3,2,1,0,0,0,1,1,0,31,14,17
FRANKLIN COUNTY,159,33 Years,133,64,69,101,48,53,3,2,1,0,0,0,2,1,1,27,13,14
FRANKLIN COUNTY,159,34 Years,126,64,62,98,50,48,3,0,3,0,0,0,2,2,0,23,12,11
FRANKLIN COUNTY,159,35 Years,111,55,56,89,43,46,6,2,4,0,0,0,0,0,0,16,10,6
FRANKLIN COUNTY,159,36 Years,113,57,56,88,42,46,9,5,4,0,0,0,1,0,1,15,10,5
FRANKLIN COUNTY,159,37 Years,118,60,58,91,46,45,6,3,3,0,0,0,0,0,0,21,11,10
FRANKLIN COUNTY,159,38 Years,110,58,52,91,46,45,1,0,1,1,0,1,0,0,0,17,12,5
FRANKLIN COUNTY,159,39 Years,129,63,66,103,48,55,7,2,5,1,0,1,2,1,1,16,12,4
FRANKLIN COUNTY,159,40 Years,113,60,53,86,46,40,8,4,4,0,0,0,4,1,3,15,9,6
FRANKLIN COUNTY,159,41 Years,112,66,46,82,47,35,7,5,2,0,0,0,2,1,1,21,13,8
FRANKLIN COUNTY,159,42 Years,104,46,58,75,33,42,8,4,4,1,0,1,3,2,1,17,7,10
FRANKLIN COUNTY,159,43 Years,100,51,49,76,38,38,7,4,3,1,0,1,1,1,0,15,8,7
FRANKLIN COUNTY,159,44 Years,110,48,62,89,39,50,4,2,2,0,0,0,3,1,2,14,6,8
FRANKLIN COUNTY,159,45 Years,97,46,51,77,38,39,3,1,2,1,0,1,0,0,0,16,7,9
FRANKLIN COUNTY,159,46 Years,117,59,58,92,45,47,4,1,3,0,0,0,5,3,2,16,10,6
FRANKLIN COUNTY,159,47 Years,115,58,57,90,48,42,3,0,3,1,0,1,1,0,1,20,10,10
FRANKLIN COUNTY,159,48 Years,125,67,58,98,52,46,4,3,1,2,1,1,1,0,1,20,11,9
FRANKLIN COUNTY,159,49 Years,118,67,51,89,51,38,7,4,3,1,0,1,3,2,1,18,10,8
FRANKLIN COUNTY,159,50 Years,134,77,57,113,65,48,7,4,3,0,0,0,4,3,1,10,5,5
FRANKLIN COUNTY,159,51 Years,120,70,50,96,56,40,4,2,2,2,1,1,1,1,0,17,10,7
FRANKLIN COUNTY,159,52 Years,116,59,57,88,46,42,6,2,4,1,0,1,1,0,1,20,11,9
FRANKLIN COUNTY,159,53 Years,130,64,66,105,53,52,5,1,4,1,1,0,2,2,0,17,7,10
FRANKLIN COUNTY,159,54 Years,151,76,75,125,65,60,5,2,3,1,0,1,2,1,1,18,8,10
FRANKLIN COUNTY,159,55 Years,159,73,86,132,58,74,4,3,1,2,1,1,4,0,4,17,11,6
FRANKLIN COUNTY,159,56 Years,167,95,72,143,77,66,5,5,0,1,1,0,2,1,1,16,11,5
FRANKLIN COUNTY,159,57 Years,154,82,72,129,66,63,5,3,2,1,1,0,3,1,2,16,11,5
FRANKLIN COUNTY,159,58 Years,150,77,73,130,64,66,5,3,2,1,1,0,0,0,0,14,9,5
FRANKLIN COUNTY,159,59 Years,148,72,76,125,61,64,5,2,3,1,1,0,4,1,3,13,7,6
FRANKLIN COUNTY,159,60 Years,160,77,83,134,62,72,6,3,3,1,1,0,3,2,1,16,9,7
FRANKLIN COUNTY,159,61 Years,148,73,75,130,62,68,4,2,2,0,0,0,3,2,1,11,7,4
FRANKLIN COUNTY,159,62 Years,150,72,78,127,60,67,7,3,4,0,0,0,3,1,2,13,8,5
FRANKLIN COUNTY,159,63 Years,142,70,72,125,63,62,7,2,5,0,0,0,1,0,1,9,5,4
FRANKLIN COUNTY,159,64 Years,133,71,62,114,59,55,9,6,3,1,0,1,1,0,1,8,6,2
FRANKLIN COUNTY,159,65 Years,122,60,62,111,55,56,2,2,0,0,0,0,1,0,1,8,3,5
FRANKLIN COUNTY,159,66 Years,130,61,69,115,55,60,4,2,2,0,0,0,4,1,3,7,3,4
FRANKLIN COUNTY,159,67 Years,150,61,89,129,56,73,5,2,3,0,0,0,3,1,2,13,2,11
FRANKLIN COUNTY,159,68 Years,133,62,71,115,56,59,4,1,3,1,0,1,2,1,1,11,4,7
FRANKLIN COUNTY,159,69 Years,124,66,58,109,58,51,4,3,1,0,0,0,4,1,3,7,4,3
FRANKLIN COUNTY,159,70 Years,134,71,63,122,64,58,3,2,1,0,0,0,3,1,2,6,4,2
FRANKLIN COUNTY,159,71 Years,128,59,69,119,55,64,3,1,2,0,0,0,4,1,3,2,2,0
FRANKLIN COUNTY,159,72 Years,123,50,73,113,43,70,0,0,0,0,0,0,3,0,3,7,7,0
FRANKLIN COUNTY,159,73 Years,111,50,61,98,39,59,2,2,0,1,1,0,2,1,1,8,7,1
FRANKLIN COUNTY,159,74 Years,82,40,42,76,36,40,2,1,1,0,0,0,1,1,0,3,2,1
FRANKLIN COUNTY,159,75 Years,98,44,54,86,40,46,4,2,2,1,0,1,3,1,2,4,1,3
FRANKLIN COUNTY,159,76 Years,94,42,52,88,40,48,4,2,2,0,0,0,1,0,1,1,0,1
FRANKLIN COUNTY,159,77 Years,84,39,45,81,37,44,1,0,1,0,0,0,1,1,0,1,1,0
FRANKLIN COUNTY,159,78 Years,76,41,35,68,36,32,3,1,2,0,0,0,2,1,1,3,3,0
FRANKLIN COUNTY,159,79 Years,67,37,30,60,33,27,2,1,1,0,0,0,3,2,1,2,1,1
FRANKLIN COUNTY,159,80 Years,69,33,36,65,32,33,2,1,1,0,0,0,1,0,1,1,0,1
FRANKLIN COUNTY,159,81 Years,74,36,38,67,31,36,6,4,2,0,0,0,1,1,0,0,0,0
FRANKLIN COUNTY,159,82 Years,62,27,35,54,25,29,6,2,4,1,0,1,0,0,0,1,0,1
FRANKLIN COUNTY,159,83 Years,48,21,27,41,18,23,2,1,1,1,0,1,0,0,0,4,2,2
FRANKLIN COUNTY,159,84 Years,45,21,24,41,19,22,2,1,1,0,0,0,0,0,0,2,1,1
FRANKLIN COUNTY,159,85 Years,38,18,20,38,18,20,0,0,0,0,0,0,0,0,0,0,0,0
FRANKLIN COUNTY,159,86 Years,30,11,19,29,11,18,0,0,0,0,0,0,0,0,0,1,0,1
FRANKLIN COUNTY,159,87 Years,27,12,15,26,12,14,0,0,0,0,0,0,0,0,0,1,0,1
FRANKLIN COUNTY,159,88 Years,32,16,16,26,13,13,3,1,2,0,0,0,2,1,1,1,1,0
FRANKLIN COUNTY,159,89 Years,21,9,12,19,8,11,0,0,0,0,0,0,1,0,1,1,1,0
FRANKLIN COUNTY,159,90 Years,18,7,11,15,6,9,2,1,1,0,0,0,0,0,0,1,0,1
FRANKLIN COUNTY,159,91 Years,16,7,9,14,7,7,2,0,2,0,0,0,0,0,0,0,0,0
FRANKLIN COUNTY,159,92 Years,13,5,8,11,5,6,2,0,2,0,0,0,0,0,0,0,0,0
FRANKLIN COUNTY,159,93 Years,11,4,7,9,4,5,1,0,1,0,0,0,0,0,0,1,0,1
FRANKLIN COUNTY,159,94 Years,7,2,5,6,2,4,1,0,1,0,0,0,0,0,0,0,0,0
FRANKLIN COUNTY,159,95 Years +,22,5,17,14,4,10,6,1,5,0,0,0,1,0,1,1,0,1
FREESTONE COUNTY,161,All Ages,20621,10707,9914,13571,6802,6769,3296,1773,1523,60,28,32,318,178,140,3376,1926,1450
FREESTONE COUNTY,161,< 1 Year,266,132,134,142,64,78,48,24,24,0,0,0,7,5,2,69,39,30
FREESTONE COUNTY,161,1 Years,255,126,129,136,64,72,48,24,24,0,0,0,9,6,3,62,32,30
FREESTONE COUNTY,161,2 Years,246,123,123,130,64,66,47,23,24,1,1,0,6,4,2,62,31,31
FREESTONE COUNTY,161,3 Years,241,122,119,125,66,59,48,23,25,1,1,0,6,4,2,61,28,33
FREESTONE COUNTY,161,4 Years,243,119,124,123,67,56,51,22,29,1,0,1,5,3,2,63,27,36
FREESTONE COUNTY,161,5 Years,244,125,119,125,70,55,51,23,28,0,0,0,6,2,4,62,30,32
FREESTONE COUNTY,161,6 Years,250,126,124,129,69,60,52,22,30,1,0,1,5,3,2,63,32,31
FREESTONE COUNTY,161,7 Years,264,137,127,137,75,62,53,23,30,1,1,0,4,3,1,69,35,34
FREESTONE COUNTY,161,8 Years,263,129,134,139,72,67,51,20,31,2,2,0,4,3,1,67,32,35
FREESTONE COUNTY,161,9 Years,271,127,144,152,73,79,48,21,27,1,1,0,5,0,5,65,32,33
FREESTONE COUNTY,161,10 Years,245,130,115,134,73,61,41,19,22,0,0,0,5,3,2,65,35,30
FREESTONE COUNTY,161,11 Years,267,156,111,165,100,65,37,23,14,0,0,0,8,4,4,57,29,28
FREESTONE COUNTY,161,12 Years,270,150,120,158,92,66,50,29,21,2,0,2,8,5,3,52,24,28
FREESTONE COUNTY,161,13 Years,248,130,118,135,73,62,45,24,21,1,0,1,8,6,2,59,27,32
FREESTONE COUNTY,161,14 Years,248,121,127,139,64,75,31,16,15,0,0,0,9,5,4,69,36,33
FREESTONE COUNTY,161,15 Years,249,108,141,140,67,73,37,11,26,0,0,0,5,3,2,67,27,40
FREESTONE COUNTY,161,16 Years,248,116,132,146,74,72,34,14,20,0,0,0,7,4,3,61,24,37
FREESTONE COUNTY,161,17 Years,268,139,129,159,81,78,41,26,15,2,2,0,7,4,3,59,26,33
FREESTONE COUNTY,161,18 Years,256,136,120,144,75,69,39,23,16,0,0,0,8,6,2,65,32,33
FREESTONE COUNTY,161,19 Years,215,108,107,121,61,60,36,18,18,0,0,0,3,2,1,55,27,28
FREESTONE COUNTY,161,20 Years,191,101,90,108,55,53,29,15,14,0,0,0,3,1,2,51,30,21
FREESTONE COUNTY,161,21 Years,177,91,86,101,50,51,30,17,13,1,0,1,6,3,3,39,21,18
FREESTONE COUNTY,161,22 Years,183,91,92,109,57,52,29,16,13,1,0,1,4,2,2,40,16,24
FREESTONE COUNTY,161,23 Years,202,104,98,113,58,55,26,13,13,1,1,0,6,4,2,56,28,28
FREESTONE COUNTY,161,24 Years,215,106,109,139,65,74,30,16,14,0,0,0,3,1,2,43,24,19
FREESTONE COUNTY,161,25 Years,257,137,120,168,87,81,35,16,19,0,0,0,2,0,2,52,34,18
FREESTONE COUNTY,161,26 Years,253,143,110,153,84,69,42,22,20,0,0,0,4,1,3,54,36,18
FREESTONE COUNTY,161,27 Years,266,145,121,161,81,80,48,27,21,0,0,0,8,5,3,49,32,17
FREESTONE COUNTY,161,28 Years,235,130,105,147,77,70,34,18,16,0,0,0,5,4,1,49,31,18
FREESTONE COUNTY,161,29 Years,259,150,109,155,90,65,39,24,15,2,0,2,2,2,0,61,34,27
FREESTONE COUNTY,161,30 Years,271,173,98,163,100,63,52,36,16,1,0,1,5,2,3,50,35,15
FREESTONE COUNTY,161,31 Years,263,134,129,156,78,78,53,27,26,1,1,0,5,2,3,48,26,22
FREESTONE COUNTY,161,32 Years,268,144,124,143,69,74,62,33,29,0,0,0,6,4,2,57,38,19
FREESTONE COUNTY,161,33 Years,264,144,120,149,76,73,61,32,29,1,0,1,6,3,3,47,33,14
FREESTONE COUNTY,161,34 Years,234,132,102,138,73,65,43,28,15,2,1,1,4,2,2,47,28,19
FREESTONE COUNTY,161,35 Years,225,129,96,138,70,68,37,27,10,1,1,0,1,1,0,48,30,18
FREESTONE COUNTY,161,36 Years,238,137,101,134,69,65,41,27,14,0,0,0,3,3,0,60,38,22
FREESTONE COUNTY,161,37 Years,265,143,122,153,72,81,42,27,15,0,0,0,3,3,0,67,41,26
FREESTONE COUNTY,161,38 Years,293,173,120,182,94,88,35,25,10,0,0,0,7,6,1,69,48,21
FREESTONE COUNTY,161,39 Years,283,165,118,181,97,84,48,32,16,0,0,0,2,1,1,52,35,17
FREESTONE COUNTY,161,40 Years,286,167,119,175,98,77,49,32,17,0,0,0,0,0,0,62,37,25
FREESTONE COUNTY,161,41 Years,297,184,113,187,105,82,51,37,14,0,0,0,3,1,2,56,41,15
FREESTONE COUNTY,161,42 Years,280,176,104,189,109,80,36,25,11,0,0,0,2,1,1,53,41,12
FREESTONE COUNTY,161,43 Years,276,173,103,175,99,76,45,37,8,0,0,0,2,1,1,54,36,18
FREESTONE COUNTY,161,44 Years,264,162,102,160,86,74,46,38,8,1,1,0,5,3,2,52,34,18
FREESTONE COUNTY,161,45 Years,241,139,102,154,82,72,34,25,9,2,1,1,2,1,1,49,30,19
FREESTONE COUNTY,161,46 Years,220,140,80,146,89,57,29,21,8,1,0,1,1,0,1,43,30,13
FREESTONE COUNTY,161,47 Years,272,158,114,171,93,78,42,30,12,2,0,2,1,1,0,56,34,22
FREESTONE COUNTY,161,48 Years,279,150,129,177,85,92,48,31,17,1,0,1,3,2,1,50,32,18
FREESTONE COUNTY,161,49 Years,285,151,134,194,92,102,41,27,14,3,2,1,5,4,1,42,26,16
FREESTONE COUNTY,161,50 Years,262,142,120,176,87,89,39,23,16,2,2,0,3,2,1,42,28,14
FREESTONE COUNTY,161,51 Years,219,133,86,152,84,68,31,22,9,1,1,0,1,1,0,34,25,9
FREESTONE COUNTY,161,52 Years,223,120,103,155,77,78,36,22,14,0,0,0,3,2,1,29,19,10
FREESTONE COUNTY,161,53 Years,235,127,108,153,75,78,38,23,15,3,1,2,5,4,1,36,24,12
FREESTONE COUNTY,161,54 Years,259,128,131,186,87,99,40,21,19,1,1,0,3,0,3,29,19,10
FREESTONE COUNTY,161,55 Years,271,140,131,200,101,99,38,19,19,0,0,0,3,1,2,30,19,11
FREESTONE COUNTY,161,56 Years,261,146,115,189,99,90,41,26,15,1,0,1,6,5,1,24,16,8
FREESTONE COUNTY,161,57 Years,275,129,146,195,86,109,42,23,19,0,0,0,5,3,2,33,17,16
FREESTONE COUNTY,161,58 Years,272,127,145,202,88,114,45,25,20,0,0,0,1,1,0,24,13,11
FREESTONE COUNTY,161,59 Years,302,151,151,226,111,115,45,22,23,1,1,0,2,1,1,28,16,12
FREESTONE COUNTY,161,60 Years,283,146,137,213,107,106,49,28,21,1,1,0,2,0,2,18,10,8
FREESTONE COUNTY,161,61 Years,274,130,144,213,101,112,43,20,23,3,2,1,1,1,0,14,6,8
FREESTONE COUNTY,161,62 Years,263,132,131,202,103,99,40,20,20,1,0,1,3,1,2,17,8,9
FREESTONE COUNTY,161,63 Years,270,134,136,208,106,102,40,17,23,0,0,0,3,2,1,19,9,10
FREESTONE COUNTY,161,64 Years,285,142,143,219,113,106,42,18,24,0,0,0,3,1,2,21,10,11
FREESTONE COUNTY,161,65 Years,265,135,130,219,114,105,31,14,17,0,0,0,2,0,2,13,7,6
FREESTONE COUNTY,161,66 Years,266,127,139,221,109,112,31,10,21,1,0,1,1,0,1,12,8,4
FREESTONE COUNTY,161,67 Years,236,110,126,192,92,100,33,11,22,0,0,0,0,0,0,11,7,4
FREESTONE COUNTY,161,68 Years,217,108,109,172,84,88,32,15,17,0,0,0,0,0,0,13,9,4
FREESTONE COUNTY,161,69 Years,254,125,129,195,98,97,38,18,20,2,0,2,3,0,3,16,9,7
FREESTONE COUNTY,161,70 Years,237,104,133,192,84,108,30,14,16,2,0,2,1,0,1,12,6,6
FREESTONE COUNTY,161,71 Years,225,98,127,190,80,110,24,12,12,1,1,0,3,1,2,7,4,3
FREESTONE COUNTY,161,72 Years,238,118,120,197,97,100,26,13,13,1,0,1,3,2,1,11,6,5
FREESTONE COUNTY,161,73 Years,182,81,101,142,64,78,27,9,18,1,0,1,1,1,0,11,7,4
FREESTONE COUNTY,161,74 Years,176,74,102,138,59,79,22,7,15,1,0,1,4,1,3,11,7,4
FREESTONE COUNTY,161,75 Years,187,83,104,148,62,86,26,12,14,0,0,0,3,2,1,10,7,3
FREESTONE COUNTY,161,76 Years,180,85,95,146,65,81,25,12,13,0,0,0,2,1,1,7,7,0
FREESTONE COUNTY,161,77 Years,162,75,87,134,60,74,21,8,13,0,0,0,1,1,0,6,6,0
FREESTONE COUNTY,161,78 Years,132,64,68,110,55,55,18,7,11,0,0,0,2,1,1,2,1,1
FREESTONE COUNTY,161,79 Years,120,62,58,98,51,47,16,7,9,1,1,0,2,1,1,3,2,1
FREESTONE COUNTY,161,80 Years,114,55,59,93,47,46,16,6,10,1,1,0,1,0,1,3,1,2
FREESTONE COUNTY,161,81 Years,107,51,56,89,44,45,15,6,9,0,0,0,1,0,1,2,1,1
FREESTONE COUNTY,161,82 Years,97,48,49,81,41,40,14,6,8,0,0,0,1,1,0,1,0,1
FREESTONE COUNTY,161,83 Years,92,38,54,77,32,45,12,5,7,0,0,0,1,0,1,2,1,1
FREESTONE COUNTY,161,84 Years,83,35,48,67,27,40,12,5,7,0,0,0,1,1,0,3,2,1
FREESTONE COUNTY,161,85 Years,69,30,39,57,24,33,10,5,5,0,0,0,0,0,0,2,1,1
FREESTONE COUNTY,161,86 Years,63,21,42,51,17,34,9,4,5,0,0,0,2,0,2,1,0,1
FREESTONE COUNTY,161,87 Years,55,21,34,42,16,26,11,5,6,0,0,0,2,0,2,0,0,0
FREESTONE COUNTY,161,88 Years,58,24,34,45,18,27,9,4,5,0,0,0,2,1,1,2,1,1
FREESTONE COUNTY,161,89 Years,51,18,33,40,13,27,7,3,4,1,0,1,0,0,0,3,2,1
FREESTONE COUNTY,161,90 Years,38,11,27,29,8,21,8,3,5,0,0,0,0,0,0,1,0,1
FREESTONE COUNTY,161,91 Years,33,11,22,24,8,16,8,3,5,0,0,0,0,0,0,1,0,1
FREESTONE COUNTY,161,92 Years,32,9,23,25,7,18,6,2,4,0,0,0,1,0,1,0,0,0
FREESTONE COUNTY,161,93 Years,26,8,18,20,6,14,5,2,3,0,0,0,0,0,0,1,0,1
FREESTONE COUNTY,161,94 Years,20,5,15,14,3,11,5,2,3,0,0,0,0,0,0,1,0,1
FREESTONE COUNTY,161,95 Years +,53,14,39,36,8,28,15,5,10,0,0,0,0,0,0,2,1,1
FRIO COUNTY,163,All Ages,19103,11281,7822,2774,1487,1287,517,481,36,369,341,28,153,86,67,15290,8886,6404
FRIO COUNTY,163,< 1 Year,241,121,120,27,11,16,2,1,1,0,0,0,4,2,2,208,107,101
FRIO COUNTY,163,1 Years,235,121,114,25,12,13,1,1,0,0,0,0,3,2,1,206,106,100
FRIO COUNTY,163,2 Years,245,121,124,27,12,15,2,1,1,0,0,0,4,2,2,212,106,106
FRIO COUNTY,163,3 Years,243,122,121,24,11,13,0,0,0,1,1,0,3,2,1,215,108,107
FRIO COUNTY,163,4 Years,257,128,129,28,14,14,1,0,1,2,1,1,2,1,1,224,112,112
FRIO COUNTY,163,5 Years,266,134,132,30,15,15,2,1,1,2,1,1,3,1,2,229,116,113
FRIO COUNTY,163,6 Years,270,139,131,34,19,15,2,1,1,2,1,1,3,1,2,229,117,112
FRIO COUNTY,163,7 Years,255,127,128,33,17,16,0,0,0,2,1,1,4,2,2,216,107,109
FRIO COUNTY,163,8 Years,251,126,125,30,16,14,0,0,0,2,2,0,2,1,1,217,107,110
FRIO COUNTY,163,9 Years,255,132,123,28,15,13,0,0,0,0,0,0,1,1,0,226,116,110
FRIO COUNTY,163,10 Years,232,119,113,21,11,10,0,0,0,0,0,0,2,0,2,209,108,101
FRIO COUNTY,163,11 Years,251,144,107,22,11,11,0,0,0,0,0,0,1,0,1,228,133,95
FRIO COUNTY,163,12 Years,245,126,119,25,11,14,1,1,0,0,0,0,2,1,1,217,113,104
FRIO COUNTY,163,13 Years,260,136,124,21,10,11,2,1,1,0,0,0,1,0,1,236,125,111
FRIO COUNTY,163,14 Years,245,127,118,20,12,8,1,1,0,0,0,0,2,1,1,222,113,109
FRIO COUNTY,163,15 Years,219,113,106,22,9,13,0,0,0,0,0,0,2,2,0,195,102,93
FRIO COUNTY,163,16 Years,229,123,106,27,9,18,0,0,0,1,1,0,2,1,1,199,112,87
FRIO COUNTY,163,17 Years,256,128,128,30,18,12,0,0,0,1,0,1,1,1,0,224,109,115
FRIO COUNTY,163,18 Years,318,204,114,27,17,10,8,8,0,3,3,0,2,1,1,278,175,103
FRIO COUNTY,163,19 Years,322,209,113,30,18,12,6,6,0,18,17,1,2,1,1,266,167,99
FRIO COUNTY,163,20 Years,334,230,104,24,13,11,12,12,0,10,8,2,4,3,1,284,194,90
FRIO COUNTY,163,21 Years,358,269,89,23,16,7,26,24,2,14,14,0,4,4,0,291,211,80
FRIO COUNTY,163,22 Years,354,268,86,29,18,11,26,26,0,15,15,0,3,1,2,281,208,73
FRIO COUNTY,163,23 Years,388,306,82,34,27,7,37,37,0,16,16,0,6,4,2,295,222,73
FRIO COUNTY,163,24 Years,411,301,110,48,35,13,32,30,2,10,10,0,2,2,0,319,224,95
FRIO COUNTY,163,25 Years,414,301,113,36,25,11,25,24,1,17,17,0,4,3,1,332,232,100
FRIO COUNTY,163,26 Years,438,316,122,41,31,10,24,24,0,15,14,1,3,2,1,355,245,110
FRIO COUNTY,163,27 Years,449,315,134,37,24,13,23,23,0,18,17,1,2,1,1,369,250,119
FRIO COUNTY,163,28 Years,430,303,127,23,14,9,21,20,1,22,21,1,6,4,2,358,244,114
FRIO COUNTY,163,29 Years,327,236,91,22,15,7,23,23,0,19,17,2,4,1,3,259,180,79
FRIO COUNTY,163,30 Years,343,248,95,22,10,12,30,30,0,18,18,0,2,1,1,271,189,82
FRIO COUNTY,163,31 Years,313,224,89,22,14,8,21,20,1,16,16,0,3,2,1,251,172,79
FRIO COUNTY,163,32 Years,349,256,93,23,13,10,17,17,0,23,23,0,4,2,2,282,201,81
FRIO COUNTY,163,33 Years,315,216,99,27,13,14,16,16,0,8,8,0,1,0,1,263,179,84
FRIO COUNTY,163,34 Years,336,239,97,31,21,10,26,26,0,9,8,1,2,2,0,268,182,86
FRIO COUNTY,163,35 Years,298,196,102,35,22,13,18,18,0,13,13,0,1,1,0,231,142,89
FRIO COUNTY,163,36 Years,286,171,115,34,21,13,10,10,0,7,6,1,0,0,0,235,134,101
FRIO COUNTY,163,37 Years,265,170,95,24,14,10,12,11,1,9,8,1,3,3,0,217,134,83
FRIO COUNTY,163,38 Years,237,146,91,29,17,12,5,4,1,9,8,1,1,1,0,193,116,77
FRIO COUNTY,163,39 Years,250,157,93,30,15,15,9,8,1,4,4,0,0,0,0,207,130,77
FRIO COUNTY,163,40 Years,225,135,90,30,17,13,8,7,1,6,4,2,1,0,1,180,107,73
FRIO COUNTY,163,41 Years,197,123,74,24,16,8,5,4,1,3,2,1,0,0,0,165,101,64
FRIO COUNTY,163,42 Years,199,119,80,25,16,9,2,2,0,4,4,0,2,1,1,166,96,70
FRIO COUNTY,163,43 Years,200,126,74,21,12,9,7,6,1,6,6,0,0,0,0,166,102,64
FRIO COUNTY,163,44 Years,209,127,82,25,16,9,7,5,2,6,5,1,0,0,0,171,101,70
FRIO COUNTY,163,45 Years,185,100,85,22,14,8,4,4,0,2,2,0,2,1,1,155,79,76
FRIO COUNTY,163,46 Years,189,106,83,23,15,8,3,2,1,7,7,0,2,1,1,154,81,73
FRIO COUNTY,163,47 Years,185,107,78,19,12,7,3,3,0,5,4,1,3,2,1,155,86,69
FRIO COUNTY,163,48 Years,176,94,82,27,12,15,5,5,0,2,2,0,1,1,0,141,74,67
FRIO COUNTY,163,49 Years,177,103,74,33,15,18,1,1,0,4,3,1,1,1,0,138,83,55
FRIO COUNTY,163,50 Years,172,93,79,26,13,13,5,4,1,3,3,0,1,0,1,137,73,64
FRIO COUNTY,163,51 Years,167,99,68,30,17,13,0,0,0,2,1,1,1,1,0,134,80,54
FRIO COUNTY,163,52 Years,183,98,85,32,14,18,1,0,1,2,2,0,1,1,0,147,81,66
FRIO COUNTY,163,53 Years,191,87,104,25,12,13,2,0,2,0,0,0,2,1,1,162,74,88
FRIO COUNTY,163,54 Years,185,99,86,25,15,10,1,0,1,2,2,0,3,2,1,154,80,74
FRIO COUNTY,163,55 Years,201,95,106,44,17,27,0,0,0,1,1,0,3,1,2,153,76,77
FRIO COUNTY,163,56 Years,175,95,80,42,18,24,0,0,0,0,0,0,1,0,1,132,77,55
FRIO COUNTY,163,57 Years,156,82,74,40,23,17,0,0,0,1,1,0,1,1,0,114,57,57
FRIO COUNTY,163,58 Years,154,79,75,41,26,15,0,0,0,0,0,0,2,1,1,111,52,59
FRIO COUNTY,163,59 Years,172,99,73,41,26,15,0,0,0,0,0,0,3,1,2,128,72,56
FRIO COUNTY,163,60 Years,183,101,82,42,26,16,3,2,1,2,1,1,0,0,0,136,72,64
FRIO COUNTY,163,61 Years,173,88,85,39,20,19,3,1,2,0,0,0,1,0,1,130,67,63
FRIO COUNTY,163,62 Years,174,85,89,41,18,23,1,1,0,0,0,0,1,1,0,131,65,66
FRIO COUNTY,163,63 Years,159,78,81,39,18,21,1,1,0,0,0,0,2,0,2,117,59,58
FRIO COUNTY,163,64 Years,153,77,76,45,24,21,1,0,1,0,0,0,2,0,2,105,53,52
FRIO COUNTY,163,65 Years,148,78,70,46,23,23,2,1,1,0,0,0,1,0,1,99,54,45
FRIO COUNTY,163,66 Years,150,75,75,47,23,24,2,2,0,0,0,0,0,0,0,101,50,51
FRIO COUNTY,163,67 Years,143,63,80,50,25,25,1,0,1,0,0,0,1,1,0,91,37,54
FRIO COUNTY,163,68 Years,150,69,81,46,22,24,0,0,0,0,0,0,2,1,1,102,46,56
FRIO COUNTY,163,69 Years,171,93,78,51,29,22,1,1,0,0,0,0,0,0,0,119,63,56
FRIO COUNTY,163,70 Years,164,75,89,51,25,26,0,0,0,0,0,0,1,0,1,112,50,62
FRIO COUNTY,163,71 Years,145,63,82,48,21,27,1,0,1,1,1,0,0,0,0,95,41,54
FRIO COUNTY,163,72 Years,126,63,63,31,16,15,0,0,0,0,0,0,0,0,0,95,47,48
FRIO COUNTY,163,73 Years,127,57,70,37,21,16,0,0,0,0,0,0,0,0,0,90,36,54
FRIO COUNTY,163,74 Years,133,63,70,38,20,18,0,0,0,1,0,1,0,0,0,94,43,51
FRIO COUNTY,163,75 Years,129,70,59,41,21,20,1,1,0,0,0,0,0,0,0,87,48,39
FRIO COUNTY,163,76 Years,114,54,60,39,19,20,1,1,0,0,0,0,2,1,1,72,33,39
FRIO COUNTY,163,77 Years,94,44,50,29,14,15,0,0,0,1,0,1,1,0,1,63,30,33
FRIO COUNTY,163,78 Years,87,39,48,33,12,21,2,2,0,0,0,0,1,1,0,51,24,27
FRIO COUNTY,163,79 Years,82,46,36,34,17,17,0,0,0,0,0,0,1,1,0,47,28,19
FRIO COUNTY,163,80 Years,75,32,43,30,13,17,0,0,0,1,0,1,1,0,1,43,19,24
FRIO COUNTY,163,81 Years,67,32,35,29,14,15,0,0,0,0,0,0,0,0,0,38,18,20
FRIO COUNTY,163,82 Years,67,31,36,25,13,12,0,0,0,0,0,0,0,0,0,42,18,24
FRIO COUNTY,163,83 Years,59,26,33,21,10,11,0,0,0,0,0,0,0,0,0,38,16,22
FRIO COUNTY,163,84 Years,62,26,36,15,8,7,1,0,1,1,1,0,0,0,0,45,17,28
FRIO COUNTY,163,85 Years,49,18,31,14,5,9,1,0,1,0,0,0,0,0,0,34,13,21
FRIO COUNTY,163,86 Years,37,16,21,13,5,8,0,0,0,0,0,0,0,0,0,24,11,13
FRIO COUNTY,163,87 Years,32,14,18,12,4,8,0,0,0,0,0,0,0,0,0,20,10,10
FRIO COUNTY,163,88 Years,30,13,17,12,4,8,0,0,0,0,0,0,0,0,0,18,9,9
FRIO COUNTY,163,89 Years,25,9,16,9,4,5,0,0,0,0,0,0,1,1,0,15,4,11
FRIO COUNTY,163,90 Years,26,13,13,11,6,5,0,0,0,0,0,0,1,1,0,14,6,8
FRIO COUNTY,163,91 Years,18,11,7,7,4,3,0,0,0,0,0,0,1,1,0,10,6,4
FRIO COUNTY,163,92 Years,16,5,11,8,2,6,0,0,0,0,0,0,1,1,0,7,2,5
FRIO COUNTY,163,93 Years,12,4,8,6,2,4,0,0,0,0,0,0,0,0,0,6,2,4
FRIO COUNTY,163,94 Years,9,5,4,4,2,2,0,0,0,0,0,0,0,0,0,5,3,2
FRIO COUNTY,163,95 Years +,26,11,15,11,5,6,0,0,0,0,0,0,1,0,1,14,6,8
GAINES COUNTY,165,All Ages,21170,10841,10329,11604,5844,5760,307,157,150,64,28,36,187,99,88,9008,4713,4295
GAINES COUNTY,165,< 1 Year,370,193,177,235,126,109,3,2,1,0,0,0,1,1,0,131,64,67
GAINES COUNTY,165,1 Years,382,201,181,236,128,108,5,4,1,5,2,3,0,0,0,136,67,69
GAINES COUNTY,165,2 Years,380,202,178,219,120,99,5,4,1,5,2,3,1,0,1,150,76,74
GAINES COUNTY,165,3 Years,398,209,189,221,119,102,7,4,3,5,1,4,2,1,1,163,84,79
GAINES COUNTY,165,4 Years,392,196,196,213,109,104,6,2,4,3,1,2,1,0,1,169,84,85
GAINES COUNTY,165,5 Years,387,193,194,208,106,102,6,2,4,4,1,3,0,0,0,169,84,85
GAINES COUNTY,165,6 Years,362,181,181,188,100,88,7,3,4,3,1,2,0,0,0,164,77,87
GAINES COUNTY,165,7 Years,358,182,176,187,102,85,7,3,4,4,1,3,1,0,1,159,76,83
GAINES COUNTY,165,8 Years,351,185,166,180,100,80,7,3,4,2,1,1,1,0,1,161,81,80
GAINES COUNTY,165,9 Years,396,212,184,194,115,79,8,3,5,1,1,0,1,0,1,192,93,99
GAINES COUNTY,165,10 Years,432,226,206,223,118,105,10,5,5,0,0,0,2,1,1,197,102,95
GAINES COUNTY,165,11 Years,434,218,216,234,113,121,5,2,3,0,0,0,5,2,3,190,101,89
GAINES COUNTY,165,12 Years,405,198,207,226,101,125,6,3,3,0,0,0,3,1,2,170,93,77
GAINES COUNTY,165,13 Years,420,212,208,228,119,109,7,4,3,0,0,0,1,0,1,184,89,95
GAINES COUNTY,165,14 Years,413,197,216,217,107,110,3,2,1,0,0,0,4,0,4,189,88,101
GAINES COUNTY,165,15 Years,415,199,216,210,103,107,4,3,1,1,1,0,3,0,3,197,92,105
GAINES COUNTY,165,16 Years,394,198,196,199,105,94,3,2,1,1,1,0,5,1,4,186,89,97
GAINES COUNTY,165,17 Years,348,183,165,183,97,86,2,1,1,1,1,0,1,0,1,161,84,77
GAINES COUNTY,165,18 Years,338,164,174,174,88,86,5,2,3,0,0,0,0,0,0,159,74,85
GAINES COUNTY,165,19 Years,299,144,155,149,75,74,5,4,1,2,0,2,3,2,1,140,63,77
GAINES COUNTY,165,20 Years,283,142,141,142,70,72,3,2,1,2,1,1,5,4,1,131,65,66
GAINES COUNTY,165,21 Years,266,143,123,129,68,61,3,2,1,2,2,0,6,3,3,126,68,58
GAINES COUNTY,165,22 Years,261,140,121,128,65,63,4,1,3,0,0,0,7,5,2,122,69,53
GAINES COUNTY,165,23 Years,288,154,134,138,68,70,4,2,2,1,1,0,7,4,3,138,79,59
GAINES COUNTY,165,24 Years,288,155,133,138,70,68,4,2,2,1,0,1,5,3,2,140,80,60
GAINES COUNTY,165,25 Years,284,155,129,148,78,70,3,2,1,2,1,1,3,3,0,128,71,57
GAINES COUNTY,165,26 Years,314,168,146,161,83,78,6,2,4,1,1,0,9,4,5,137,78,59
GAINES COUNTY,165,27 Years,344,193,151,170,87,83,6,4,2,0,0,0,10,7,3,158,95,63
GAINES COUNTY,165,28 Years,320,182,138,165,86,79,5,4,1,0,0,0,3,3,0,147,89,58
GAINES COUNTY,165,29 Years,296,162,134,153,74,79,4,3,1,0,0,0,4,4,0,135,81,54
GAINES COUNTY,165,30 Years,319,169,150,164,78,86,2,1,1,0,0,0,4,2,2,149,88,61
GAINES COUNTY,165,31 Years,316,164,152,169,86,83,3,2,1,0,0,0,1,1,0,143,75,68
GAINES COUNTY,165,32 Years,297,165,132,158,90,68,2,1,1,0,0,0,1,0,1,136,74,62
GAINES COUNTY,165,33 Years,311,169,142,172,89,83,4,3,1,0,0,0,1,0,1,134,77,57
GAINES COUNTY,165,34 Years,295,142,153,160,82,78,4,2,2,0,0,0,2,0,2,129,58,71
GAINES COUNTY,165,35 Years,315,167,148,173,97,76,2,1,1,2,0,2,1,0,1,137,69,68
GAINES COUNTY,165,36 Years,294,150,144,159,87,72,3,2,1,1,0,1,1,0,1,130,61,69
GAINES COUNTY,165,37 Years,277,146,131,151,83,68,3,2,1,0,0,0,2,1,1,121,60,61
GAINES COUNTY,165,38 Years,295,156,139,157,86,71,3,1,2,0,0,0,3,1,2,132,68,64
GAINES COUNTY,165,39 Years,277,137,140,149,73,76,2,1,1,0,0,0,0,0,0,126,63,63
GAINES COUNTY,165,40 Years,264,130,134,145,74,71,1,1,0,0,0,0,1,0,1,117,55,62
GAINES COUNTY,165,41 Years,248,121,127,133,66,67,1,1,0,0,0,0,3,2,1,111,52,59
GAINES COUNTY,165,42 Years,251,127,124,124,59,65,2,1,1,0,0,0,1,0,1,124,67,57
GAINES COUNTY,165,43 Years,245,123,122,129,58,71,3,1,2,1,0,1,2,1,1,110,63,47
GAINES COUNTY,165,44 Years,214,104,110,119,50,69,3,1,2,0,0,0,3,3,0,89,50,39
GAINES COUNTY,165,45 Years,211,107,104,121,58,63,4,0,4,0,0,0,1,1,0,85,48,37
GAINES COUNTY,165,46 Years,196,97,99,105,49,56,2,0,2,1,1,0,2,0,2,86,47,39
GAINES COUNTY,165,47 Years,212,103,109,121,52,69,2,2,0,1,0,1,3,2,1,85,47,38
GAINES COUNTY,165,48 Years,201,89,112,117,47,70,6,2,4,1,0,1,0,0,0,77,40,37
GAINES COUNTY,165,49 Years,209,105,104,135,60,75,4,1,3,0,0,0,1,0,1,69,44,25
GAINES COUNTY,165,50 Years,203,98,105,115,54,61,2,0,2,0,0,0,2,1,1,84,43,41
GAINES COUNTY,165,51 Years,221,110,111,127,65,62,3,1,2,0,0,0,0,0,0,91,44,47
GAINES COUNTY,165,52 Years,207,107,100,116,59,57,1,1,0,2,1,1,0,0,0,88,46,42
GAINES COUNTY,165,53 Years,203,102,101,115,56,59,2,1,1,1,0,1,1,1,0,84,44,40
GAINES COUNTY,165,54 Years,228,119,109,130,67,63,5,2,3,1,1,0,4,4,0,88,45,43
GAINES COUNTY,165,55 Years,231,127,104,130,76,54,4,1,3,0,0,0,2,2,0,95,48,47
GAINES COUNTY,165,56 Years,226,114,112,129,68,61,5,1,4,0,0,0,2,1,1,90,44,46
GAINES COUNTY,165,57 Years,227,115,112,121,62,59,7,5,2,1,1,0,4,1,3,94,46,48
GAINES COUNTY,165,58 Years,219,112,107,115,50,65,5,4,1,1,1,0,3,1,2,95,56,39
GAINES COUNTY,165,59 Years,223,121,102,124,61,63,6,4,2,1,0,1,4,2,2,88,54,34
GAINES COUNTY,165,60 Years,207,120,87,116,62,54,2,2,0,1,0,1,5,3,2,83,53,30
GAINES COUNTY,165,61 Years,193,108,85,96,51,45,5,2,3,1,1,0,2,1,1,89,53,36
GAINES COUNTY,165,62 Years,173,89,84,97,47,50,4,3,1,0,0,0,4,2,2,68,37,31
GAINES COUNTY,165,63 Years,158,82,76,89,47,42,2,1,1,0,0,0,4,2,2,63,32,31
GAINES COUNTY,165,64 Years,149,77,72,86,41,45,1,1,0,0,0,0,1,1,0,61,34,27
GAINES COUNTY,165,65 Years,135,66,69,81,37,44,1,1,0,0,0,0,3,2,1,50,26,24
GAINES COUNTY,165,66 Years,150,72,78,94,42,52,3,1,2,0,0,0,2,1,1,51,28,23
GAINES COUNTY,165,67 Years,143,74,69,89,47,42,1,1,0,0,0,0,1,0,1,52,26,26
GAINES COUNTY,165,68 Years,115,53,62,71,32,39,0,0,0,0,0,0,1,0,1,43,21,22
GAINES COUNTY,165,69 Years,117,54,63,72,32,40,2,2,0,0,0,0,0,0,0,43,20,23
GAINES COUNTY,165,70 Years,125,68,57,78,41,37,1,1,0,0,0,0,1,0,1,45,26,19
GAINES COUNTY,165,71 Years,120,59,61,75,38,37,0,0,0,0,0,0,1,1,0,44,20,24
GAINES COUNTY,165,72 Years,103,57,46,64,36,28,0,0,0,1,1,0,3,3,0,35,17,18
GAINES COUNTY,165,73 Years,91,50,41,57,31,26,2,1,1,0,0,0,2,1,1,30,17,13
GAINES COUNTY,165,74 Years,99,44,55,70,30,40,1,0,1,1,1,0,0,0,0,27,13,14
GAINES COUNTY,165,75 Years,92,43,49,64,29,35,1,1,0,0,0,0,1,1,0,26,12,14
GAINES COUNTY,165,76 Years,98,50,48,66,30,36,2,1,1,0,0,0,1,0,1,29,19,10
GAINES COUNTY,165,77 Years,88,41,47,57,21,36,3,1,2,0,0,0,1,1,0,27,18,9
GAINES COUNTY,165,78 Years,58,26,32,36,13,23,2,1,1,0,0,0,1,1,0,19,11,8
GAINES COUNTY,165,79 Years,68,30,38,47,18,29,1,0,1,0,0,0,1,1,0,19,11,8
GAINES COUNTY,165,80 Years,66,30,36,51,24,27,1,0,1,0,0,0,0,0,0,14,6,8
GAINES COUNTY,165,81 Years,63,33,30,45,24,21,3,2,1,0,0,0,0,0,0,15,7,8
GAINES COUNTY,165,82 Years,68,32,36,44,18,26,3,1,2,0,0,0,0,0,0,21,13,8
GAINES COUNTY,165,83 Years,65,34,31,39,18,21,2,0,2,0,0,0,0,0,0,24,16,8
GAINES COUNTY,165,84 Years,58,34,24,35,18,17,1,1,0,0,0,0,1,1,0,21,14,7
GAINES COUNTY,165,85 Years,50,22,28,30,11,19,4,2,2,0,0,0,0,0,0,16,9,7
GAINES COUNTY,165,86 Years,41,14,27,28,9,19,3,0,3,0,0,0,0,0,0,10,5,5
GAINES COUNTY,165,87 Years,40,15,25,28,9,19,2,0,2,0,0,0,0,0,0,10,6,4
GAINES COUNTY,165,88 Years,37,17,20,27,10,17,1,1,0,0,0,0,0,0,0,9,6,3
GAINES COUNTY,165,89 Years,31,14,17,25,10,15,1,0,1,0,0,0,0,0,0,5,4,1
GAINES COUNTY,165,90 Years,26,10,16,16,5,11,0,0,0,0,0,0,1,1,0,9,4,5
GAINES COUNTY,165,91 Years,21,12,9,12,7,5,1,1,0,0,0,0,0,0,0,8,4,4
GAINES COUNTY,165,92 Years,14,9,5,8,4,4,1,1,0,0,0,0,0,0,0,5,4,1
GAINES COUNTY,165,93 Years,17,6,11,11,3,8,0,0,0,0,0,0,0,0,0,6,3,3
GAINES COUNTY,165,94 Years,12,6,6,7,3,4,0,0,0,0,0,0,0,0,0,5,3,2
GAINES COUNTY,165,95 Years +,26,7,19,14,4,10,1,0,1,0,0,0,1,0,1,10,3,7
GALVESTON COUNTY,167,All Ages,339931,167419,172512,190876,94224,96652,43360,20400,22960,12327,5880,6447,8139,4111,4028,85229,42804,42425
GALVESTON COUNTY,167,< 1 Year,4076,2019,2057,1790,882,908,573,288,285,103,55,48,206,106,100,1404,688,716
GALVESTON COUNTY,167,1 Years,4147,2069,2078,1818,903,915,596,293,303,106,55,51,207,106,101,1420,712,708
GALVESTON COUNTY,167,2 Years,4323,2176,2147,1925,956,969,633,320,313,121,65,56,218,114,104,1426,721,705
GALVESTON COUNTY,167,3 Years,4504,2307,2197,2018,1030,988,667,338,329,124,68,56,206,108,98,1489,763,726
GALVESTON COUNTY,167,4 Years,4646,2384,2262,2133,1094,1039,679,348,331,128,71,57,191,103,88,1515,768,747
GALVESTON COUNTY,167,5 Years,4659,2383,2276,2143,1104,1039,680,344,336,130,71,59,184,100,84,1522,764,758
GALVESTON COUNTY,167,6 Years,4636,2348,2288,2144,1088,1056,665,337,328,139,73,66,186,101,85,1502,749,753
GALVESTON COUNTY,167,7 Years,4641,2365,2276,2103,1079,1024,653,333,320,147,75,72,195,102,93,1543,776,767
GALVESTON COUNTY,167,8 Years,4738,2400,2338,2127,1090,1037,656,330,326,160,78,82,196,96,100,1599,806,793
GALVESTON COUNTY,167,9 Years,4624,2323,2301,2058,1039,1019,648,317,331,151,70,81,184,94,90,1583,803,780
GALVESTON COUNTY,167,10 Years,4577,2359,2218,2053,1069,984,664,331,333,141,75,66,178,90,88,1541,794,747
GALVESTON COUNTY,167,11 Years,4700,2450,2250,2081,1078,1003,676,352,324,157,93,64,178,89,89,1608,838,770
GALVESTON COUNTY,167,12 Years,4721,2442,2279,2134,1097,1037,656,346,310,158,86,72,160,83,77,1613,830,783
GALVESTON COUNTY,167,13 Years,4611,2372,2239,2125,1091,1034,663,347,316,160,78,82,165,93,72,1498,763,735
GALVESTON COUNTY,167,14 Years,4576,2365,2211,2153,1123,1030,587,316,271,162,75,87,161,82,79,1513,769,744
GALVESTON COUNTY,167,15 Years,4720,2506,2214,2278,1201,1077,614,328,286,166,87,79,150,82,68,1512,808,704
GALVESTON COUNTY,167,16 Years,4670,2406,2264,2207,1133,1074,668,330,338,176,91,85,143,66,77,1476,786,690
GALVESTON COUNTY,167,17 Years,4495,2303,2192,2134,1097,1037,590,276,314,155,76,79,137,67,70,1479,787,692
GALVESTON COUNTY,167,18 Years,4362,2271,2091,2067,1072,995,544,275,269,159,72,87,148,79,69,1444,773,671
GALVESTON COUNTY,167,19 Years,4010,2091,1919,1839,983,856,545,264,281,142,71,71,138,72,66,1346,701,645
GALVESTON COUNTY,167,20 Years,3922,2048,1874,1864,985,879,519,274,245,134,69,65,126,70,56,1279,650,629
GALVESTON COUNTY,167,21 Years,3910,2014,1896,1855,985,870,539,270,269,141,68,73,122,60,62,1253,631,622
GALVESTON COUNTY,167,22 Years,3904,1951,1953,1869,955,914,516,251,265,149,57,92,128,65,63,1242,623,619
GALVESTON COUNTY,167,23 Years,4022,2007,2015,1953,991,962,515,250,265,172,65,107,125,61,64,1257,640,617
GALVESTON COUNTY,167,24 Years,4205,2049,2156,2062,993,1069,572,284,288,173,73,100,104,52,52,1294,647,647
GALVESTON COUNTY,167,25 Years,4513,2217,2296,2257,1121,1136,630,307,323,192,89,103,103,52,51,1331,648,683
GALVESTON COUNTY,167,26 Years,4781,2327,2454,2391,1203,1188,736,344,392,207,87,120,114,52,62,1333,641,692
GALVESTON COUNTY,167,27 Years,4998,2495,2503,2560,1308,1252,740,351,389,168,71,97,121,63,58,1409,702,707
GALVESTON COUNTY,167,28 Years,5212,2628,2584,2741,1409,1332,747,347,400,172,88,84,115,61,54,1437,723,714
GALVESTON COUNTY,167,29 Years,5057,2568,2489,2679,1336,1343,716,370,346,183,97,86,104,52,52,1375,713,662
GALVESTON COUNTY,167,30 Years,4682,2341,2341,2458,1203,1255,669,340,329,168,84,84,94,49,45,1293,665,628
GALVESTON COUNTY,167,31 Years,4609,2244,2365,2438,1209,1229,628,269,359,195,88,107,93,49,44,1255,629,626
GALVESTON COUNTY,167,32 Years,4751,2288,2463,2560,1255,1305,589,243,346,233,105,128,90,41,49,1279,644,635
GALVESTON COUNTY,167,33 Years,4876,2439,2437,2674,1343,1331,588,284,304,204,93,111,91,46,45,1319,673,646
GALVESTON COUNTY,167,34 Years,4798,2435,2363,2602,1320,1282,594,303,291,204,99,105,81,39,42,1317,674,643
GALVESTON COUNTY,167,35 Years,4636,2221,2415,2532,1207,1325,592,271,321,184,86,98,66,36,30,1262,621,641
GALVESTON COUNTY,167,36 Years,4570,2219,2351,2484,1179,1305,558,275,283,178,82,96,74,36,38,1276,647,629
GALVESTON COUNTY,167,37 Years,4511,2215,2296,2501,1206,1295,544,280,264,187,82,105,87,37,50,1192,610,582
GALVESTON COUNTY,167,38 Years,4646,2244,2402,2540,1210,1330,624,296,328,181,73,108,83,38,45,1218,627,591
GALVESTON COUNTY,167,39 Years,4779,2364,2415,2603,1285,1318,649,299,350,175,74,101,92,45,47,1260,661,599
GALVESTON COUNTY,167,40 Years,4502,2236,2266,2513,1250,1263,560,257,303,165,82,83,90,37,53,1174,610,564
GALVESTON COUNTY,167,41 Years,4253,2099,2154,2377,1171,1206,514,242,272,132,58,74,80,37,43,1150,591,559
GALVESTON COUNTY,167,42 Years,4159,2068,2091,2278,1154,1124,503,229,274,154,55,99,88,51,37,1136,579,557
GALVESTON COUNTY,167,43 Years,4160,2058,2102,2262,1108,1154,500,237,263,174,80,94,89,52,37,1135,581,554
GALVESTON COUNTY,167,44 Years,4162,2080,2082,2286,1116,1170,467,233,234,192,96,96,82,43,39,1135,592,543
GALVESTON COUNTY,167,45 Years,4132,2014,2118,2297,1117,1180,469,210,259,183,88,95,80,37,43,1103,562,541
GALVESTON COUNTY,167,46 Years,4183,2062,2121,2374,1178,1196,459,209,250,202,92,110,76,35,41,1072,548,524
GALVESTON COUNTY,167,47 Years,4194,2067,2127,2360,1174,1186,451,217,234,216,99,117,92,42,50,1075,535,540
GALVESTON COUNTY,167,48 Years,4569,2232,2337,2756,1357,1399,460,212,248,210,101,109,94,43,51,1049,519,530
GALVESTON COUNTY,167,49 Years,4462,2164,2298,2730,1350,1380,440,209,231,209,97,112,80,39,41,1003,469,534
GALVESTON COUNTY,167,50 Years,4154,2059,2095,2519,1274,1245,403,200,203,206,89,117,63,26,37,963,470,493
GALVESTON COUNTY,167,51 Years,4091,1986,2105,2498,1229,1269,420,196,224,189,80,109,72,32,40,912,449,463
GALVESTON COUNTY,167,52 Years,3978,1957,2021,2405,1188,1217,452,220,232,196,92,104,43,22,21,882,435,447
GALVESTON COUNTY,167,53 Years,4158,2002,2156,2505,1221,1284,508,238,270,216,108,108,68,35,33,861,400,461
GALVESTON COUNTY,167,54 Years,4354,2102,2252,2638,1301,1337,533,227,306,206,103,103,71,27,44,906,444,462
GALVESTON COUNTY,167,55 Years,4418,2159,2259,2782,1367,1415,535,237,298,193,99,94,85,37,48,823,419,404
GALVESTON COUNTY,167,56 Years,4582,2272,2310,2970,1486,1484,519,238,281,186,87,99,73,39,34,834,422,412
GALVESTON COUNTY,167,57 Years,4616,2247,2369,2987,1451,1536,540,257,283,185,86,99,79,51,28,825,402,423
GALVESTON COUNTY,167,58 Years,4690,2298,2392,3063,1503,1560,560,262,298,178,88,90,90,48,42,799,397,402
GALVESTON COUNTY,167,59 Years,4699,2308,2391,3106,1525,1581,563,261,302,171,92,79,90,45,45,769,385,384
GALVESTON COUNTY,167,60 Years,4554,2209,2345,3041,1492,1549,565,250,315,160,84,76,77,29,48,711,354,357
GALVESTON COUNTY,167,61 Years,4426,2163,2263,2956,1452,1504,529,241,288,160,82,78,79,46,33,702,342,360
GALVESTON COUNTY,167,62 Years,4300,2124,2176,2909,1442,1467,515,243,272,155,80,75,72,32,40,649,327,322
GALVESTON COUNTY,167,63 Years,4161,2054,2107,2825,1406,1419,514,242,272,146,73,73,73,34,39,603,299,304
GALVESTON COUNTY,167,64 Years,4037,1952,2085,2765,1380,1385,496,211,285,151,66,85,63,36,27,562,259,303
GALVESTON COUNTY,167,65 Years,3893,1856,2037,2676,1324,1352,491,196,295,128,52,76,54,27,27,544,257,287
GALVESTON COUNTY,167,66 Years,3757,1824,1933,2588,1288,1300,488,197,291,113,60,53,51,26,25,517,253,264
GALVESTON COUNTY,167,67 Years,3557,1708,1849,2479,1222,1257,438,180,258,91,51,40,58,30,28,491,225,266
GALVESTON COUNTY,167,68 Years,3256,1562,1694,2237,1104,1133,407,169,238,89,47,42,47,23,24,476,219,257
GALVESTON COUNTY,167,69 Years,3143,1504,1639,2170,1068,1102,404,169,235,86,44,42,43,23,20,440,200,240
GALVESTON COUNTY,167,70 Years,2975,1389,1586,2071,990,1081,376,158,218,84,40,44,42,21,21,402,180,222
GALVESTON COUNTY,167,71 Years,2969,1394,1575,2172,1050,1122,344,137,207,63,29,34,30,12,18,360,166,194
GALVESTON COUNTY,167,72 Years,2821,1355,1466,2079,1016,1063,297,140,157,63,31,32,35,18,17,347,150,197
GALVESTON COUNTY,167,73 Years,2265,1081,1184,1625,798,827,265,118,147,53,20,33,30,16,14,292,129,163
GALVESTON COUNTY,167,74 Years,2092,997,1095,1472,727,745,251,96,155,52,16,36,33,19,14,284,139,145
GALVESTON COUNTY,167,75 Years,2094,959,1135,1535,726,809,232,82,150,46,21,25,27,13,14,254,117,137
GALVESTON COUNTY,167,76 Years,1937,868,1069,1423,649,774,210,82,128,38,17,21,21,7,14,245,113,132
GALVESTON COUNTY,167,77 Years,1740,778,962,1252,567,685,192,78,114,41,17,24,24,12,12,231,104,127
GALVESTON COUNTY,167,78 Years,1555,696,859,1120,506,614,178,67,111,46,21,25,21,10,11,190,92,98
GALVESTON COUNTY,167,79 Years,1405,624,781,1013,457,556,155,56,99,42,23,19,19,9,10,176,79,97
GALVESTON COUNTY,167,80 Years,1255,557,698,912,412,500,140,53,87,34,17,17,14,9,5,155,66,89
GALVESTON COUNTY,167,81 Years,1166,513,653,843,374,469,129,45,84,41,23,18,16,9,7,137,62,75
GALVESTON COUNTY,167,82 Years,1088,459,629,785,340,445,130,39,91,31,15,16,14,7,7,128,58,70
GALVESTON COUNTY,167,83 Years,979,403,576,709,300,409,118,35,83,29,11,18,10,5,5,113,52,61
GALVESTON COUNTY,167,84 Years,910,370,540,669,275,394,99,30,69,26,10,16,10,5,5,106,50,56
GALVESTON COUNTY,167,85 Years,786,308,478,573,225,348,87,28,59,18,7,11,9,4,5,99,44,55
GALVESTON COUNTY,167,86 Years,720,277,443,522,208,314,83,23,60,17,5,12,8,3,5,90,38,52
GALVESTON COUNTY,167,87 Years,647,243,404,485,185,300,69,19,50,14,6,8,5,2,3,74,31,43
GALVESTON COUNTY,167,88 Years,575,219,356,432,172,260,63,18,45,12,5,7,5,1,4,63,23,40
GALVESTON COUNTY,167,89 Years,510,196,314,380,150,230,56,15,41,11,5,6,4,1,3,59,25,34
GALVESTON COUNTY,167,90 Years,444,161,283,341,124,217,48,15,33,10,5,5,2,1,1,43,16,27
GALVESTON COUNTY,167,91 Years,379,136,243,283,104,179,46,12,34,8,3,5,2,1,1,40,16,24
GALVESTON COUNTY,167,92 Years,309,104,205,228,77,151,39,11,28,6,2,4,2,1,1,34,13,21
GALVESTON COUNTY,167,93 Years,249,75,174,184,57,127,33,9,24,5,1,4,3,1,2,24,7,17
GALVESTON COUNTY,167,94 Years,191,54,137,141,38,103,26,8,18,2,1,1,2,1,1,20,6,14
GALVESTON COUNTY,167,95 Years +,452,124,328,322,87,235,69,16,53,8,3,5,5,2,3,48,16,32
GARZA COUNTY,169,All Ages,6115,3841,2274,2603,1457,1146,380,253,127,10,2,8,60,23,37,3062,2106,956
GARZA COUNTY,169,< 1 Year,56,29,27,25,13,12,3,1,2,0,0,0,0,0,0,28,15,13
GARZA COUNTY,169,1 Years,56,27,29,25,12,13,3,1,2,0,0,0,1,0,1,27,14,13
GARZA COUNTY,169,2 Years,65,34,31,30,16,14,4,1,3,0,0,0,2,1,1,29,16,13
GARZA COUNTY,169,3 Years,69,34,35,32,17,15,3,1,2,0,0,0,2,1,1,32,15,17
GARZA COUNTY,169,4 Years,71,33,38,34,17,17,3,1,2,0,0,0,2,1,1,32,14,18
GARZA COUNTY,169,5 Years,72,34,38,34,16,18,3,2,1,0,0,0,2,1,1,33,15,18
GARZA COUNTY,169,6 Years,64,26,38,29,12,17,4,2,2,0,0,0,4,1,3,27,11,16
GARZA COUNTY,169,7 Years,65,29,36,28,14,14,3,1,2,0,0,0,3,1,2,31,13,18
GARZA COUNTY,169,8 Years,71,33,38,32,15,17,3,1,2,0,0,0,0,0,0,36,17,19
GARZA COUNTY,169,9 Years,84,39,45,37,14,23,4,1,3,0,0,0,1,0,1,42,24,18
GARZA COUNTY,169,10 Years,92,52,40,27,16,11,5,3,2,0,0,0,2,0,2,58,33,25
GARZA COUNTY,169,11 Years,67,38,29,25,14,11,3,2,1,0,0,0,1,1,0,38,21,17
GARZA COUNTY,169,12 Years,70,36,34,27,15,12,3,2,1,0,0,0,3,1,2,37,18,19
GARZA COUNTY,169,13 Years,60,26,34,29,13,16,3,3,0,0,0,0,1,0,1,27,10,17
GARZA COUNTY,169,14 Years,59,25,34,28,14,14,3,2,1,0,0,0,1,0,1,27,9,18
GARZA COUNTY,169,15 Years,73,45,28,33,19,14,4,3,1,0,0,0,0,0,0,36,23,13
GARZA COUNTY,169,16 Years,86,52,34,32,18,14,5,3,2,0,0,0,2,0,2,47,31,16
GARZA COUNTY,169,17 Years,67,35,32,26,14,12,5,2,3,0,0,0,0,0,0,36,19,17
GARZA COUNTY,169,18 Years,120,90,30,40,30,10,8,7,1,0,0,0,1,0,1,71,53,18
GARZA COUNTY,169,19 Years,95,73,22,31,21,10,8,5,3,0,0,0,1,0,1,55,47,8
GARZA COUNTY,169,20 Years,104,80,24,30,23,7,7,6,1,0,0,0,1,1,0,66,50,16
GARZA COUNTY,169,21 Years,137,108,29,40,29,11,11,10,1,0,0,0,1,1,0,85,68,17
GARZA COUNTY,169,22 Years,172,146,26,39,30,9,10,9,1,0,0,0,1,1,0,122,106,16
GARZA COUNTY,169,23 Years,108,81,27,35,25,10,7,5,2,0,0,0,3,2,1,63,49,14
GARZA COUNTY,169,24 Years,89,67,22,36,27,9,8,6,2,0,0,0,1,0,1,44,34,10
GARZA COUNTY,169,25 Years,138,103,35,39,25,14,14,12,2,0,0,0,2,0,2,83,66,17
GARZA COUNTY,169,26 Years,172,131,41,61,41,20,14,10,4,0,0,0,1,1,0,96,79,17
GARZA COUNTY,169,27 Years,126,84,42,44,26,18,10,9,1,1,0,1,1,0,1,70,49,21
GARZA COUNTY,169,28 Years,97,65,32,29,19,10,9,8,1,0,0,0,0,0,0,59,38,21
GARZA COUNTY,169,29 Years,166,136,30,52,40,12,14,11,3,1,0,1,1,1,0,98,84,14
GARZA COUNTY,169,30 Years,135,98,37,36,24,12,15,9,6,1,0,1,0,0,0,83,65,18
GARZA COUNTY,169,31 Years,120,88,32,42,27,15,9,7,2,0,0,0,1,0,1,68,54,14
GARZA COUNTY,169,32 Years,95,65,30,37,22,15,4,3,1,1,0,1,0,0,0,53,40,13
GARZA COUNTY,169,33 Years,61,28,33,22,11,11,5,2,3,0,0,0,1,1,0,33,14,19
GARZA COUNTY,169,34 Years,111,76,35,41,25,16,9,6,3,0,0,0,0,0,0,61,45,16
GARZA COUNTY,169,35 Years,67,39,28,29,15,14,6,4,2,0,0,0,0,0,0,32,20,12
GARZA COUNTY,169,36 Years,52,31,21,24,13,11,1,1,0,0,0,0,0,0,0,27,17,10
GARZA COUNTY,169,37 Years,38,18,20,13,6,7,1,1,0,0,0,0,1,0,1,23,11,12
GARZA COUNTY,169,38 Years,86,67,19,32,22,10,6,5,1,0,0,0,2,0,2,46,40,6
GARZA COUNTY,169,39 Years,72,50,22,24,13,11,8,6,2,0,0,0,0,0,0,40,31,9
GARZA COUNTY,169,40 Years,69,49,20,22,11,11,9,8,1,0,0,0,0,0,0,38,30,8
GARZA COUNTY,169,41 Years,53,30,23,21,10,11,5,4,1,0,0,0,0,0,0,27,16,11
GARZA COUNTY,169,42 Years,29,13,16,14,5,9,2,1,1,0,0,0,0,0,0,13,7,6
GARZA COUNTY,169,43 Years,101,74,27,33,18,15,11,8,3,0,0,0,0,0,0,57,48,9
GARZA COUNTY,169,44 Years,56,26,30,26,10,16,5,1,4,0,0,0,1,1,0,24,14,10
GARZA COUNTY,169,45 Years,105,80,25,32,20,12,7,5,2,0,0,0,0,0,0,66,55,11
GARZA COUNTY,169,46 Years,86,61,25,28,14,14,4,4,0,0,0,0,0,0,0,54,43,11
GARZA COUNTY,169,47 Years,114,91,23,43,30,13,7,5,2,0,0,0,0,0,0,64,56,8
GARZA COUNTY,169,48 Years,96,65,31,42,24,18,5,3,2,0,0,0,1,1,0,48,37,11
GARZA COUNTY,169,49 Years,66,37,29,38,20,18,5,3,2,0,0,0,0,0,0,23,14,9
GARZA COUNTY,169,50 Years,86,47,39,35,13,22,4,2,2,0,0,0,1,1,0,46,31,15
GARZA COUNTY,169,51 Years,45,20,25,21,9,12,2,1,1,0,0,0,1,1,0,21,9,12
GARZA COUNTY,169,52 Years,76,56,20,32,23,9,2,1,1,1,0,1,0,0,0,41,32,9
GARZA COUNTY,169,53 Years,48,29,19,26,15,11,1,1,0,1,0,1,0,0,0,20,13,7
GARZA COUNTY,169,54 Years,66,41,25,36,22,14,3,2,1,0,0,0,1,0,1,26,17,9
GARZA COUNTY,169,55 Years,67,42,25,41,24,17,3,2,1,0,0,0,0,0,0,23,16,7
GARZA COUNTY,169,56 Years,126,98,28,51,33,18,7,4,3,0,0,0,1,0,1,67,61,6
GARZA COUNTY,169,57 Years,95,73,22,41,26,15,4,3,1,1,1,0,1,1,0,48,42,6
GARZA COUNTY,169,58 Years,72,45,27,44,26,18,3,2,1,0,0,0,0,0,0,25,17,8
GARZA COUNTY,169,59 Years,87,53,34,41,22,19,6,3,3,0,0,0,0,0,0,40,28,12
GARZA COUNTY,169,60 Years,57,28,29,29,14,15,1,0,1,1,0,1,1,0,1,25,14,11
GARZA COUNTY,169,61 Years,53,30,23,29,16,13,3,1,2,1,0,1,0,0,0,20,13,7
GARZA COUNTY,169,62 Years,49,25,24,31,15,16,1,1,0,0,0,0,0,0,0,17,9,8
GARZA COUNTY,169,63 Years,45,21,24,33,16,17,4,1,3,0,0,0,0,0,0,8,4,4
GARZA COUNTY,169,64 Years,33,17,16,24,14,10,3,1,2,0,0,0,0,0,0,6,2,4
GARZA COUNTY,169,65 Years,48,28,20,30,18,12,2,1,1,0,0,0,0,0,0,16,9,7
GARZA COUNTY,169,66 Years,53,27,26,31,16,15,1,1,0,0,0,0,1,0,1,20,10,10
GARZA COUNTY,169,67 Years,48,20,28,30,14,16,2,1,1,0,0,0,0,0,0,16,5,11
GARZA COUNTY,169,68 Years,30,10,20,23,8,15,1,0,1,0,0,0,0,0,0,6,2,4
GARZA COUNTY,169,69 Years,39,18,21,25,10,15,2,1,1,0,0,0,0,0,0,12,7,5
GARZA COUNTY,169,70 Years,46,26,20,27,12,15,2,2,0,0,0,0,1,1,0,16,11,5
GARZA COUNTY,169,71 Years,41,19,22,25,12,13,0,0,0,0,0,0,1,0,1,15,7,8
GARZA COUNTY,169,72 Years,35,17,18,24,11,13,2,1,1,0,0,0,2,1,1,7,4,3
GARZA COUNTY,169,73 Years,30,14,16,23,11,12,0,0,0,1,1,0,0,0,0,6,2,4
GARZA COUNTY,169,74 Years,32,12,20,22,10,12,2,1,1,0,0,0,0,0,0,8,1,7
GARZA COUNTY,169,75 Years,31,12,19,20,10,10,1,0,1,0,0,0,0,0,0,10,2,8
GARZA COUNTY,169,76 Years,27,13,14,18,8,10,1,1,0,0,0,0,0,0,0,8,4,4
GARZA COUNTY,169,77 Years,25,10,15,19,8,11,0,0,0,0,0,0,0,0,0,6,2,4
GARZA COUNTY,169,78 Years,24,9,15,16,7,9,0,0,0,0,0,0,0,0,0,8,2,6
GARZA COUNTY,169,79 Years,25,12,13,15,6,9,1,0,1,0,0,0,0,0,0,9,6,3
GARZA COUNTY,169,80 Years,23,10,13,17,7,10,0,0,0,0,0,0,1,0,1,5,3,2
GARZA COUNTY,169,81 Years,20,9,11,16,8,8,0,0,0,0,0,0,0,0,0,4,1,3
GARZA COUNTY,169,82 Years,18,10,8,13,7,6,0,0,0,0,0,0,0,0,0,5,3,2
GARZA COUNTY,169,83 Years,19,8,11,11,5,6,1,0,1,0,0,0,0,0,0,7,3,4
GARZA COUNTY,169,84 Years,17,9,8,12,7,5,0,0,0,0,0,0,0,0,0,5,2,3
GARZA COUNTY,169,85 Years,13,7,6,10,5,5,1,0,1,0,0,0,0,0,0,2,2,0
GARZA COUNTY,169,86 Years,9,5,4,8,4,4,0,0,0,0,0,0,0,0,0,1,1,0
GARZA COUNTY,169,87 Years,12,6,6,7,3,4,1,1,0,0,0,0,0,0,0,4,2,2
GARZA COUNTY,169,88 Years,10,3,7,6,2,4,0,0,0,0,0,0,0,0,0,4,1,3
GARZA COUNTY,169,89 Years,10,4,6,7,4,3,2,0,2,0,0,0,0,0,0,1,0,1
GARZA COUNTY,169,90 Years,7,4,3,5,3,2,1,0,1,0,0,0,0,0,0,1,1,0
GARZA COUNTY,169,91 Years,7,4,3,4,2,2,0,0,0,0,0,0,0,0,0,3,2,1
GARZA COUNTY,169,92 Years,4,3,1,3,2,1,0,0,0,0,0,0,0,0,0,1,1,0
GARZA COUNTY,169,93 Years,6,3,3,3,1,2,1,1,0,0,0,0,0,0,0,2,1,1
GARZA COUNTY,169,94 Years,5,3,2,3,1,2,1,1,0,0,0,0,0,0,0,1,1,0
GARZA COUNTY,169,95 Years +,13,4,9,8,2,6,0,0,0,0,0,0,0,0,0,5,2,3
GILLESPIE COUNTY,171,All Ages,27375,13203,14172,19963,9419,10544,130,71,59,108,52,56,353,174,179,6821,3487,3334
GILLESPIE COUNTY,171,< 1 Year,266,127,139,118,56,62,15,7,8,0,0,0,10,4,6,123,60,63
GILLESPIE COUNTY,171,1 Years,278,136,142,120,57,63,13,9,4,1,1,0,13,7,6,131,62,69
GILLESPIE COUNTY,171,2 Years,282,140,142,123,58,65,15,8,7,1,1,0,9,5,4,134,68,66
GILLESPIE COUNTY,171,3 Years,292,140,152,131,63,68,11,6,5,2,1,1,10,3,7,138,67,71
GILLESPIE COUNTY,171,4 Years,295,142,153,137,66,71,12,5,7,2,1,1,7,1,6,137,69,68
GILLESPIE COUNTY,171,5 Years,290,152,138,140,73,67,9,7,2,2,1,1,7,5,2,132,66,66
GILLESPIE COUNTY,171,6 Years,289,155,134,138,75,63,7,5,2,2,2,0,9,7,2,133,66,67
GILLESPIE COUNTY,171,7 Years,285,149,136,136,76,60,0,0,0,3,2,1,11,8,3,135,63,72
GILLESPIE COUNTY,171,8 Years,300,149,151,146,77,69,0,0,0,4,3,1,10,7,3,140,62,78
GILLESPIE COUNTY,171,9 Years,269,137,132,129,69,60,2,2,0,0,0,0,6,1,5,132,65,67
GILLESPIE COUNTY,171,10 Years,299,161,138,182,98,84,0,0,0,0,0,0,4,2,2,113,61,52
GILLESPIE COUNTY,171,11 Years,323,173,150,189,100,89,1,0,1,2,2,0,5,3,2,126,68,58
GILLESPIE COUNTY,171,12 Years,294,147,147,168,82,86,1,0,1,0,0,0,3,1,2,122,64,58
GILLESPIE COUNTY,171,13 Years,276,152,124,160,83,77,0,0,0,0,0,0,5,2,3,111,67,44
GILLESPIE COUNTY,171,14 Years,292,165,127,168,96,72,0,0,0,1,0,1,3,1,2,120,68,52
GILLESPIE COUNTY,171,15 Years,317,175,142,173,99,74,2,0,2,2,0,2,6,2,4,134,74,60
GILLESPIE COUNTY,171,16 Years,297,158,139,180,97,83,1,0,1,1,0,1,5,4,1,110,57,53
GILLESPIE COUNTY,171,17 Years,283,149,134,180,96,84,0,0,0,1,0,1,3,2,1,99,51,48
GILLESPIE COUNTY,171,18 Years,258,137,121,158,85,73,0,0,0,2,1,1,4,3,1,94,48,46
GILLESPIE COUNTY,171,19 Years,246,130,116,141,78,63,0,0,0,0,0,0,6,3,3,99,49,50
GILLESPIE COUNTY,171,20 Years,232,114,118,132,67,65,0,0,0,0,0,0,7,2,5,93,45,48
GILLESPIE COUNTY,171,21 Years,246,127,119,136,69,67,0,0,0,0,0,0,5,1,4,105,57,48
GILLESPIE COUNTY,171,22 Years,268,145,123,155,76,79,0,0,0,4,2,2,7,4,3,102,63,39
GILLESPIE COUNTY,171,23 Years,271,127,144,157,67,90,0,0,0,3,2,1,6,2,4,105,56,49
GILLESPIE COUNTY,171,24 Years,281,143,138,168,81,87,1,0,1,2,1,1,5,2,3,105,59,46
GILLESPIE COUNTY,171,25 Years,307,150,157,190,89,101,1,1,0,3,3,0,6,4,2,107,53,54
GILLESPIE COUNTY,171,26 Years,318,151,167,209,93,116,0,0,0,1,1,0,2,2,0,106,55,51
GILLESPIE COUNTY,171,27 Years,313,148,165,207,96,111,0,0,0,1,1,0,2,0,2,103,51,52
GILLESPIE COUNTY,171,28 Years,257,134,123,155,81,74,1,0,1,2,1,1,3,1,2,96,51,45
GILLESPIE COUNTY,171,29 Years,239,119,120,135,68,67,0,0,0,3,0,3,5,2,3,96,49,47
GILLESPIE COUNTY,171,30 Years,257,116,141,164,67,97,3,1,2,0,0,0,4,2,2,86,46,40
GILLESPIE COUNTY,171,31 Years,269,142,127,171,83,88,2,1,1,0,0,0,4,4,0,92,54,38
GILLESPIE COUNTY,171,32 Years,306,152,154,195,83,112,1,1,0,1,1,0,2,2,0,107,65,42
GILLESPIE COUNTY,171,33 Years,267,139,128,170,85,85,2,1,1,1,0,1,2,1,1,92,52,40
GILLESPIE COUNTY,171,34 Years,281,137,144,190,87,103,1,0,1,2,0,2,1,0,1,87,50,37
GILLESPIE COUNTY,171,35 Years,284,133,151,193,86,107,0,0,0,2,0,2,2,1,1,87,46,41
GILLESPIE COUNTY,171,36 Years,272,139,133,175,84,91,0,0,0,2,2,0,1,1,0,94,52,42
GILLESPIE COUNTY,171,37 Years,248,117,131,158,70,88,2,1,1,0,0,0,3,1,2,85,45,40
GILLESPIE COUNTY,171,38 Years,276,147,129,176,91,85,2,1,1,1,0,1,3,2,1,94,53,41
GILLESPIE COUNTY,171,39 Years,273,141,132,175,92,83,1,0,1,2,1,1,2,1,1,93,47,46
GILLESPIE COUNTY,171,40 Years,261,147,114,165,89,76,0,0,0,2,1,1,3,3,0,91,54,37
GILLESPIE COUNTY,171,41 Years,236,123,113,159,82,77,2,2,0,1,1,0,4,2,2,70,36,34
GILLESPIE COUNTY,171,42 Years,225,118,107,145,72,73,1,1,0,0,0,0,4,3,1,75,42,33
GILLESPIE COUNTY,171,43 Years,255,122,133,175,85,90,0,0,0,0,0,0,3,2,1,77,35,42
GILLESPIE COUNTY,171,44 Years,253,115,138,159,73,86,0,0,0,3,0,3,4,2,2,87,40,47
GILLESPIE COUNTY,171,45 Years,266,147,119,172,88,84,0,0,0,1,0,1,3,2,1,90,57,33
GILLESPIE COUNTY,171,46 Years,247,125,122,165,77,88,0,0,0,0,0,0,2,1,1,80,47,33
GILLESPIE COUNTY,171,47 Years,249,117,132,186,87,99,0,0,0,0,0,0,2,2,0,61,28,33
GILLESPIE COUNTY,171,48 Years,282,143,139,212,112,100,0,0,0,0,0,0,3,1,2,67,30,37
GILLESPIE COUNTY,171,49 Years,287,137,150,198,95,103,1,1,0,2,0,2,3,1,2,83,40,43
GILLESPIE COUNTY,171,50 Years,268,126,142,185,82,103,0,0,0,2,0,2,3,1,2,78,43,35
GILLESPIE COUNTY,171,51 Years,275,120,155,190,83,107,0,0,0,2,1,1,2,0,2,81,36,45
GILLESPIE COUNTY,171,52 Years,271,128,143,189,89,100,0,0,0,1,1,0,2,2,0,79,36,43
GILLESPIE COUNTY,171,53 Years,290,152,138,214,110,104,2,2,0,3,1,2,1,1,0,70,38,32
GILLESPIE COUNTY,171,54 Years,306,148,158,225,114,111,0,0,0,2,0,2,2,0,2,77,34,43
GILLESPIE COUNTY,171,55 Years,326,151,175,240,113,127,0,0,0,4,3,1,3,2,1,79,33,46
GILLESPIE COUNTY,171,56 Years,356,150,206,274,115,159,0,0,0,3,2,1,4,1,3,75,32,43
GILLESPIE COUNTY,171,57 Years,413,199,214,330,165,165,1,0,1,1,0,1,4,2,2,77,32,45
GILLESPIE COUNTY,171,58 Years,418,201,217,336,166,170,0,0,0,4,1,3,1,1,0,77,33,44
GILLESPIE COUNTY,171,59 Years,435,219,216,365,183,182,0,0,0,5,3,2,2,1,1,63,32,31
GILLESPIE COUNTY,171,60 Years,425,194,231,360,162,198,1,0,1,3,2,1,5,0,5,56,30,26
GILLESPIE COUNTY,171,61 Years,411,184,227,353,153,200,1,0,1,0,0,0,5,0,5,52,31,21
GILLESPIE COUNTY,171,62 Years,455,187,268,385,164,221,1,1,0,0,0,0,4,0,4,65,22,43
GILLESPIE COUNTY,171,63 Years,432,195,237,378,169,209,1,0,1,0,0,0,2,1,1,51,25,26
GILLESPIE COUNTY,171,64 Years,429,206,223,373,179,194,2,2,0,0,0,0,5,1,4,49,24,25
GILLESPIE COUNTY,171,65 Years,444,204,240,387,182,205,1,1,0,0,0,0,5,2,3,51,19,32
GILLESPIE COUNTY,171,66 Years,483,210,273,428,191,237,2,1,1,1,1,0,4,0,4,48,17,31
GILLESPIE COUNTY,171,67 Years,479,211,268,434,186,248,0,0,0,0,0,0,2,0,2,43,25,18
GILLESPIE COUNTY,171,68 Years,454,199,255,410,179,231,0,0,0,0,0,0,3,2,1,41,18,23
GILLESPIE COUNTY,171,69 Years,438,207,231,404,191,213,0,0,0,1,0,1,4,2,2,29,14,15
GILLESPIE COUNTY,171,70 Years,399,179,220,366,161,205,1,0,1,2,1,1,4,2,2,26,15,11
GILLESPIE COUNTY,171,71 Years,412,206,206,377,183,194,1,1,0,1,1,0,4,3,1,29,18,11
GILLESPIE COUNTY,171,72 Years,467,205,262,437,188,249,0,0,0,0,0,0,3,2,1,27,15,12
GILLESPIE COUNTY,171,73 Years,406,188,218,372,165,207,1,1,0,1,1,0,1,1,0,31,20,11
GILLESPIE COUNTY,171,74 Years,362,168,194,333,153,180,1,1,0,0,0,0,4,2,2,24,12,12
GILLESPIE COUNTY,171,75 Years,365,176,189,337,163,174,0,0,0,1,0,1,4,1,3,23,12,11
GILLESPIE COUNTY,171,76 Years,343,157,186,314,142,172,2,1,1,0,0,0,4,2,2,23,12,11
GILLESPIE COUNTY,171,77 Years,304,147,157,274,127,147,0,0,0,1,1,0,2,1,1,27,18,9
GILLESPIE COUNTY,171,78 Years,291,132,159,261,115,146,0,0,0,1,1,0,2,1,1,27,15,12
GILLESPIE COUNTY,171,79 Years,259,116,143,239,105,134,0,0,0,0,0,0,3,3,0,17,8,9
GILLESPIE COUNTY,171,80 Years,249,115,134,230,107,123,1,0,1,1,0,1,3,3,0,14,5,9
GILLESPIE COUNTY,171,81 Years,234,106,128,218,101,117,1,0,1,0,0,0,2,2,0,13,3,10
GILLESPIE COUNTY,171,82 Years,214,97,117,200,90,110,0,0,0,0,0,0,2,2,0,12,5,7
GILLESPIE COUNTY,171,83 Years,190,86,104,174,80,94,0,0,0,0,0,0,2,1,1,14,5,9
GILLESPIE COUNTY,171,84 Years,183,84,99,170,78,92,0,0,0,1,0,1,0,0,0,12,6,6
GILLESPIE COUNTY,171,85 Years,166,76,90,153,71,82,0,0,0,0,0,0,0,0,0,13,5,8
GILLESPIE COUNTY,171,86 Years,144,62,82,132,57,75,0,0,0,0,0,0,0,0,0,12,5,7
GILLESPIE COUNTY,171,87 Years,128,54,74,117,50,67,0,0,0,0,0,0,1,0,1,10,4,6
GILLESPIE COUNTY,171,88 Years,118,50,68,110,45,65,0,0,0,0,0,0,1,1,0,7,4,3
GILLESPIE COUNTY,171,89 Years,105,43,62,99,41,58,0,0,0,0,0,0,0,0,0,6,2,4
GILLESPIE COUNTY,171,90 Years,97,43,54,91,41,50,0,0,0,0,0,0,0,0,0,6,2,4
GILLESPIE COUNTY,171,91 Years,78,32,46,70,29,41,0,0,0,0,0,0,1,0,1,7,3,4
GILLESPIE COUNTY,171,92 Years,71,24,47,67,24,43,0,0,0,0,0,0,1,0,1,3,0,3
GILLESPIE COUNTY,171,93 Years,61,21,40,53,19,34,0,0,0,1,0,1,2,1,1,5,1,4
GILLESPIE COUNTY,171,94 Years,46,18,28,40,15,25,0,0,0,1,0,1,2,1,1,3,2,1
GILLESPIE COUNTY,171,95 Years +,118,38,80,105,34,71,0,0,0,0,0,0,3,1,2,10,3,7
GLASSCOCK COUNTY,173,All Ages,1369,717,652,895,474,421,14,7,7,2,0,2,10,5,5,448,231,217
GLASSCOCK COUNTY,173,< 1 Year,20,10,10,12,7,5,0,0,0,0,0,0,0,0,0,8,3,5
GLASSCOCK COUNTY,173,1 Years,16,10,6,9,6,3,0,0,0,0,0,0,0,0,0,7,4,3
GLASSCOCK COUNTY,173,2 Years,17,9,8,8,4,4,0,0,0,0,0,0,0,0,0,9,5,4
GLASSCOCK COUNTY,173,3 Years,16,10,6,8,4,4,0,0,0,0,0,0,0,0,0,8,6,2
GLASSCOCK COUNTY,173,4 Years,16,9,7,9,6,3,0,0,0,0,0,0,0,0,0,7,3,4
GLASSCOCK COUNTY,173,5 Years,15,7,8,8,4,4,0,0,0,0,0,0,0,0,0,7,3,4
GLASSCOCK COUNTY,173,6 Years,16,4,12,9,2,7,0,0,0,0,0,0,0,0,0,7,2,5
GLASSCOCK COUNTY,173,7 Years,14,5,9,9,3,6,0,0,0,0,0,0,0,0,0,5,2,3
GLASSCOCK COUNTY,173,8 Years,14,8,6,8,5,3,0,0,0,0,0,0,0,0,0,6,3,3
GLASSCOCK COUNTY,173,9 Years,14,7,7,7,3,4,0,0,0,0,0,0,0,0,0,7,4,3
GLASSCOCK COUNTY,173,10 Years,15,7,8,8,4,4,1,1,0,0,0,0,0,0,0,6,2,4
GLASSCOCK COUNTY,173,11 Years,17,8,9,9,4,5,0,0,0,0,0,0,0,0,0,8,4,4
GLASSCOCK COUNTY,173,12 Years,16,6,10,9,4,5,0,0,0,0,0,0,1,0,1,6,2,4
GLASSCOCK COUNTY,173,13 Years,18,9,9,10,5,5,0,0,0,0,0,0,0,0,0,8,4,4
GLASSCOCK COUNTY,173,14 Years,20,11,9,10,7,3,0,0,0,0,0,0,0,0,0,10,4,6
GLASSCOCK COUNTY,173,15 Years,17,9,8,9,5,4,0,0,0,0,0,0,0,0,0,8,4,4
GLASSCOCK COUNTY,173,16 Years,20,11,9,13,6,7,0,0,0,0,0,0,0,0,0,7,5,2
GLASSCOCK COUNTY,173,17 Years,17,14,3,12,10,2,0,0,0,0,0,0,0,0,0,5,4,1
GLASSCOCK COUNTY,173,18 Years,18,12,6,12,9,3,0,0,0,0,0,0,0,0,0,6,3,3
GLASSCOCK COUNTY,173,19 Years,17,5,12,10,4,6,0,0,0,0,0,0,0,0,0,7,1,6
GLASSCOCK COUNTY,173,20 Years,17,7,10,10,5,5,0,0,0,0,0,0,0,0,0,7,2,5
GLASSCOCK COUNTY,173,21 Years,20,13,7,10,7,3,0,0,0,0,0,0,0,0,0,10,6,4
GLASSCOCK COUNTY,173,22 Years,20,11,9,10,7,3,2,0,2,0,0,0,0,0,0,8,4,4
GLASSCOCK COUNTY,173,23 Years,23,16,7,14,10,4,0,0,0,0,0,0,0,0,0,9,6,3
GLASSCOCK COUNTY,173,24 Years,26,19,7,16,12,4,2,2,0,0,0,0,0,0,0,8,5,3
GLASSCOCK COUNTY,173,25 Years,23,13,10,14,7,7,2,1,1,0,0,0,0,0,0,7,5,2
GLASSCOCK COUNTY,173,26 Years,25,13,12,18,9,9,0,0,0,0,0,0,0,0,0,7,4,3
GLASSCOCK COUNTY,173,27 Years,19,4,15,11,3,8,0,0,0,0,0,0,1,0,1,7,1,6
GLASSCOCK COUNTY,173,28 Years,11,5,6,6,2,4,0,0,0,0,0,0,1,0,1,4,3,1
GLASSCOCK COUNTY,173,29 Years,6,2,4,2,0,2,0,0,0,0,0,0,0,0,0,4,2,2
GLASSCOCK COUNTY,173,30 Years,5,3,2,2,1,1,0,0,0,0,0,0,0,0,0,3,2,1
GLASSCOCK COUNTY,173,31 Years,9,7,2,4,3,1,1,0,1,0,0,0,0,0,0,4,4,0
GLASSCOCK COUNTY,173,32 Years,15,9,6,9,6,3,1,0,1,0,0,0,0,0,0,5,3,2
GLASSCOCK COUNTY,173,33 Years,8,4,4,4,2,2,0,0,0,0,0,0,0,0,0,4,2,2
GLASSCOCK COUNTY,173,34 Years,12,5,7,10,4,6,0,0,0,0,0,0,0,0,0,2,1,1
GLASSCOCK COUNTY,173,35 Years,16,10,6,11,7,4,0,0,0,0,0,0,0,0,0,5,3,2
GLASSCOCK COUNTY,173,36 Years,14,7,7,9,5,4,0,0,0,0,0,0,0,0,0,5,2,3
GLASSCOCK COUNTY,173,37 Years,14,7,7,6,4,2,0,0,0,0,0,0,1,0,1,7,3,4
GLASSCOCK COUNTY,173,38 Years,11,4,7,6,3,3,0,0,0,0,0,0,1,0,1,4,1,3
GLASSCOCK COUNTY,173,39 Years,14,5,9,9,4,5,0,0,0,0,0,0,0,0,0,5,1,4
GLASSCOCK COUNTY,173,40 Years,13,7,6,6,3,3,0,0,0,1,0,1,0,0,0,6,4,2
GLASSCOCK COUNTY,173,41 Years,16,8,8,10,5,5,0,0,0,1,0,1,0,0,0,5,3,2
GLASSCOCK COUNTY,173,42 Years,18,10,8,8,3,5,0,0,0,0,0,0,1,1,0,9,6,3
GLASSCOCK COUNTY,173,43 Years,21,9,12,14,7,7,0,0,0,0,0,0,0,0,0,7,2,5
GLASSCOCK COUNTY,173,44 Years,16,7,9,8,4,4,0,0,0,0,0,0,0,0,0,8,3,5
GLASSCOCK COUNTY,173,45 Years,16,11,5,9,6,3,0,0,0,0,0,0,0,0,0,7,5,2
GLASSCOCK COUNTY,173,46 Years,12,8,4,7,5,2,0,0,0,0,0,0,0,0,0,5,3,2
GLASSCOCK COUNTY,173,47 Years,18,8,10,11,7,4,0,0,0,0,0,0,0,0,0,7,1,6
GLASSCOCK COUNTY,173,48 Years,19,10,9,12,6,6,1,0,1,0,0,0,0,0,0,6,4,2
GLASSCOCK COUNTY,173,49 Years,23,15,8,16,10,6,1,0,1,0,0,0,0,0,0,6,5,1
GLASSCOCK COUNTY,173,50 Years,13,5,8,10,4,6,0,0,0,0,0,0,0,0,0,3,1,2
GLASSCOCK COUNTY,173,51 Years,9,3,6,6,1,5,1,1,0,0,0,0,0,0,0,2,1,1
GLASSCOCK COUNTY,173,52 Years,14,10,4,10,6,4,0,0,0,0,0,0,0,0,0,4,4,0
GLASSCOCK COUNTY,173,53 Years,15,8,7,6,4,2,0,0,0,0,0,0,0,0,0,9,4,5
GLASSCOCK COUNTY,173,54 Years,15,10,5,10,7,3,0,0,0,0,0,0,0,0,0,5,3,2
GLASSCOCK COUNTY,173,55 Years,18,8,10,14,7,7,0,0,0,0,0,0,0,0,0,4,1,3
GLASSCOCK COUNTY,173,56 Years,23,11,12,15,8,7,0,0,0,0,0,0,0,0,0,8,3,5
GLASSCOCK COUNTY,173,57 Years,15,6,9,11,4,7,0,0,0,0,0,0,1,1,0,3,1,2
GLASSCOCK COUNTY,173,58 Years,18,6,12,15,4,11,0,0,0,0,0,0,0,0,0,3,2,1
GLASSCOCK COUNTY,173,59 Years,20,12,8,15,9,6,1,1,0,0,0,0,0,0,0,4,2,2
GLASSCOCK COUNTY,173,60 Years,24,15,9,19,12,7,1,1,0,0,0,0,0,0,0,4,2,2
GLASSCOCK COUNTY,173,61 Years,28,15,13,20,10,10,0,0,0,0,0,0,0,0,0,8,5,3
GLASSCOCK COUNTY,173,62 Years,19,10,9,13,6,7,0,0,0,0,0,0,0,0,0,6,4,2
GLASSCOCK COUNTY,173,63 Years,13,5,8,12,5,7,0,0,0,0,0,0,0,0,0,1,0,1
GLASSCOCK COUNTY,173,64 Years,16,7,9,15,7,8,0,0,0,0,0,0,0,0,0,1,0,1
GLASSCOCK COUNTY,173,65 Years,14,8,6,13,7,6,0,0,0,0,0,0,0,0,0,1,1,0
GLASSCOCK COUNTY,173,66 Years,16,9,7,8,4,4,0,0,0,0,0,0,0,0,0,8,5,3
GLASSCOCK COUNTY,173,67 Years,12,8,4,9,6,3,0,0,0,0,0,0,0,0,0,3,2,1
GLASSCOCK COUNTY,173,68 Years,16,6,10,13,6,7,0,0,0,0,0,0,0,0,0,3,0,3
GLASSCOCK COUNTY,173,69 Years,21,14,7,14,10,4,0,0,0,0,0,0,0,0,0,7,4,3
GLASSCOCK COUNTY,173,70 Years,14,10,4,8,6,2,0,0,0,0,0,0,0,0,0,6,4,2
GLASSCOCK COUNTY,173,71 Years,17,9,8,13,7,6,0,0,0,0,0,0,0,0,0,4,2,2
GLASSCOCK COUNTY,173,72 Years,19,11,8,14,7,7,0,0,0,0,0,0,2,2,0,3,2,1
GLASSCOCK COUNTY,173,73 Years,13,9,4,10,6,4,0,0,0,0,0,0,1,1,0,2,2,0
GLASSCOCK COUNTY,173,74 Years,8,5,3,6,3,3,0,0,0,0,0,0,0,0,0,2,2,0
GLASSCOCK COUNTY,173,75 Years,11,6,5,9,4,5,0,0,0,0,0,0,0,0,0,2,2,0
GLASSCOCK COUNTY,173,76 Years,16,8,8,14,7,7,0,0,0,0,0,0,0,0,0,2,1,1
GLASSCOCK COUNTY,173,77 Years,13,6,7,12,6,6,0,0,0,0,0,0,0,0,0,1,0,1
GLASSCOCK COUNTY,173,78 Years,5,3,2,5,3,2,0,0,0,0,0,0,0,0,0,0,0,0
GLASSCOCK COUNTY,173,79 Years,7,1,6,5,1,4,0,0,0,0,0,0,0,0,0,2,0,2
GLASSCOCK COUNTY,173,80 Years,8,4,4,7,3,4,0,0,0,0,0,0,0,0,0,1,1,0
GLASSCOCK COUNTY,173,81 Years,13,5,8,10,5,5,0,0,0,0,0,0,0,0,0,3,0,3
GLASSCOCK COUNTY,173,82 Years,11,6,5,8,5,3,0,0,0,0,0,0,0,0,0,3,1,2
GLASSCOCK COUNTY,173,83 Years,10,5,5,8,3,5,0,0,0,0,0,0,0,0,0,2,2,0
GLASSCOCK COUNTY,173,84 Years,11,7,4,8,5,3,0,0,0,0,0,0,0,0,0,3,2,1
GLASSCOCK COUNTY,173,85 Years,8,2,6,7,2,5,0,0,0,0,0,0,0,0,0,1,0,1
GLASSCOCK COUNTY,173,86 Years,7,3,4,7,3,4,0,0,0,0,0,0,0,0,0,0,0,0
GLASSCOCK COUNTY,173,87 Years,3,2,1,3,2,1,0,0,0,0,0,0,0,0,0,0,0,0
GLASSCOCK COUNTY,173,88 Years,6,2,4,5,1,4,0,0,0,0,0,0,0,0,0,1,1,0
GLASSCOCK COUNTY,173,89 Years,4,2,2,4,2,2,0,0,0,0,0,0,0,0,0,0,0,0
GLASSCOCK COUNTY,173,90 Years,5,3,2,5,3,2,0,0,0,0,0,0,0,0,0,0,0,0
GLASSCOCK COUNTY,173,91 Years,2,1,1,2,1,1,0,0,0,0,0,0,0,0,0,0,0,0
GLASSCOCK COUNTY,173,92 Years,0,0,0,0,0,0,0,0,0,0,0,0,0,0,0,0,0,0
GLASSCOCK COUNTY,173,93 Years,2,1,1,2,1,1,0,0,0,0,0,0,0,0,0,0,0,0
GLASSCOCK COUNTY,173,94 Years,1,0,1,1,0,1,0,0,0,0,0,0,0,0,0,0,0,0
GLASSCOCK COUNTY,173,95 Years +,3,2,1,3,2,1,0,0,0,0,0,0,0,0,0,0,0,0
GOLIAD COUNTY,175,All Ages,8007,3998,4009,4419,2202,2217,365,174,191,15,9,6,123,71,52,3085,1542,1543
GOLIAD COUNTY,175,< 1 Year,86,42,44,29,15,14,8,3,5,0,0,0,2,1,1,47,23,24
GOLIAD COUNTY,175,1 Years,83,42,41,27,14,13,4,1,3,2,2,0,4,2,2,46,23,23
GOLIAD COUNTY,175,2 Years,86,44,42,27,15,12,4,2,2,0,0,0,4,3,1,51,24,27
GOLIAD COUNTY,175,3 Years,88,50,38,29,14,15,0,0,0,0,0,0,6,5,1,53,31,22
GOLIAD COUNTY,175,4 Years,91,55,36,32,18,14,7,6,1,0,0,0,0,0,0,52,31,21
GOLIAD COUNTY,175,5 Years,83,47,36,29,16,13,8,6,2,0,0,0,3,2,1,43,23,20
GOLIAD COUNTY,175,6 Years,80,35,45,27,12,15,6,4,2,0,0,0,3,1,2,44,18,26
GOLIAD COUNTY,175,7 Years,75,33,42,24,11,13,7,4,3,0,0,0,3,2,1,41,16,25
GOLIAD COUNTY,175,8 Years,78,35,43,27,13,14,6,2,4,0,0,0,2,1,1,43,19,24
GOLIAD COUNTY,175,9 Years,98,44,54,35,19,16,7,1,6,0,0,0,2,1,1,54,23,31
GOLIAD COUNTY,175,10 Years,76,44,32,35,21,14,5,2,3,0,0,0,3,2,1,33,19,14
GOLIAD COUNTY,175,11 Years,98,52,46,32,20,12,7,3,4,0,0,0,4,2,2,55,27,28
GOLIAD COUNTY,175,12 Years,89,42,47,32,20,12,5,3,2,0,0,0,1,1,0,51,18,33
GOLIAD COUNTY,175,13 Years,79,43,36,33,16,17,3,1,2,0,0,0,1,1,0,42,25,17
GOLIAD COUNTY,175,14 Years,100,51,49,41,17,24,5,4,1,0,0,0,2,1,1,52,29,23
GOLIAD COUNTY,175,15 Years,102,48,54,40,18,22,6,4,2,0,0,0,1,0,1,55,26,29
GOLIAD COUNTY,175,16 Years,96,50,46,44,23,21,4,1,3,0,0,0,0,0,0,48,26,22
GOLIAD COUNTY,175,17 Years,116,59,57,46,25,21,6,4,2,0,0,0,1,1,0,63,29,34
GOLIAD COUNTY,175,18 Years,87,46,41,43,21,22,5,2,3,0,0,0,0,0,0,39,23,16
GOLIAD COUNTY,175,19 Years,87,42,45,39,19,20,2,2,0,0,0,0,1,1,0,45,20,25
GOLIAD COUNTY,175,20 Years,94,45,49,41,23,18,4,2,2,0,0,0,2,1,1,47,19,28
GOLIAD COUNTY,175,21 Years,93,52,41,47,29,18,4,2,2,1,1,0,1,0,1,40,20,20
GOLIAD COUNTY,175,22 Years,89,51,38,41,21,20,6,5,1,1,1,0,2,2,0,39,22,17
GOLIAD COUNTY,175,23 Years,86,48,38,36,18,18,3,2,1,0,0,0,2,1,1,45,27,18
GOLIAD COUNTY,175,24 Years,106,54,52,52,27,25,1,1,0,0,0,0,2,1,1,51,25,26
GOLIAD COUNTY,175,25 Years,109,58,51,55,30,25,5,2,3,0,0,0,2,1,1,47,25,22
GOLIAD COUNTY,175,26 Years,116,55,61,70,34,36,2,0,2,1,1,0,1,1,0,42,19,23
GOLIAD COUNTY,175,27 Years,107,62,45,64,35,29,2,2,0,0,0,0,1,1,0,40,24,16
GOLIAD COUNTY,175,28 Years,106,58,48,47,24,23,6,5,1,0,0,0,2,1,1,51,28,23
GOLIAD COUNTY,175,29 Years,87,48,39,36,23,13,6,1,5,0,0,0,1,0,1,44,24,20
GOLIAD COUNTY,175,30 Years,74,39,35,32,17,15,3,0,3,0,0,0,1,0,1,38,22,16
GOLIAD COUNTY,175,31 Years,69,33,36,29,16,13,2,0,2,0,0,0,2,1,1,36,16,20
GOLIAD COUNTY,175,32 Years,67,31,36,25,12,13,2,1,1,0,0,0,2,0,2,38,18,20
GOLIAD COUNTY,175,33 Years,78,42,36,37,22,15,1,1,0,1,1,0,1,0,1,38,18,20
GOLIAD COUNTY,175,34 Years,69,35,34,36,14,22,1,0,1,1,1,0,0,0,0,31,20,11
GOLIAD COUNTY,175,35 Years,69,35,34,37,13,24,2,1,1,0,0,0,1,0,1,29,21,8
GOLIAD COUNTY,175,36 Years,81,41,40,42,20,22,1,0,1,0,0,0,0,0,0,38,21,17
GOLIAD COUNTY,175,37 Years,75,35,40,36,18,18,1,0,1,0,0,0,0,0,0,38,17,21
GOLIAD COUNTY,175,38 Years,87,39,48,44,21,23,3,1,2,0,0,0,1,1,0,39,16,23
GOLIAD COUNTY,175,39 Years,71,42,29,34,20,14,1,0,1,0,0,0,1,1,0,35,21,14
GOLIAD COUNTY,175,40 Years,67,42,25,37,24,13,4,2,2,1,0,1,1,0,1,24,16,8
GOLIAD COUNTY,175,41 Years,67,29,38,33,12,21,2,2,0,0,0,0,1,1,0,31,14,17
GOLIAD COUNTY,175,42 Years,70,31,39,35,16,19,2,2,0,0,0,0,1,0,1,32,13,19
GOLIAD COUNTY,175,43 Years,62,27,35,34,14,20,4,2,2,0,0,0,1,0,1,23,11,12
GOLIAD COUNTY,175,44 Years,73,33,40,39,15,24,3,1,2,0,0,0,0,0,0,31,17,14
GOLIAD COUNTY,175,45 Years,79,37,42,45,20,25,5,4,1,0,0,0,0,0,0,29,13,16
GOLIAD COUNTY,175,46 Years,80,40,40,39,20,19,4,2,2,0,0,0,3,3,0,34,15,19
GOLIAD COUNTY,175,47 Years,86,44,42,48,24,24,3,2,1,0,0,0,1,1,0,34,17,17
GOLIAD COUNTY,175,48 Years,81,38,43,42,22,20,6,2,4,0,0,0,1,0,1,32,14,18
GOLIAD COUNTY,175,49 Years,91,47,44,55,27,28,4,3,1,0,0,0,0,0,0,32,17,15
GOLIAD COUNTY,175,50 Years,83,49,34,46,28,18,1,1,0,2,1,1,2,2,0,32,17,15
GOLIAD COUNTY,175,51 Years,91,50,41,57,32,25,2,1,1,0,0,0,1,1,0,31,16,15
GOLIAD COUNTY,175,52 Years,91,45,46,56,27,29,4,2,2,1,0,1,2,1,1,28,15,13
GOLIAD COUNTY,175,53 Years,103,44,59,62,24,38,5,3,2,1,0,1,0,0,0,35,17,18
GOLIAD COUNTY,175,54 Years,104,44,60,69,26,43,3,1,2,0,0,0,2,1,1,30,16,14
GOLIAD COUNTY,175,55 Years,110,50,60,73,35,38,2,0,2,0,0,0,4,2,2,31,13,18
GOLIAD COUNTY,175,56 Years,97,45,52,64,32,32,3,1,2,0,0,0,3,2,1,27,10,17
GOLIAD COUNTY,175,57 Years,115,54,61,77,38,39,3,1,2,0,0,0,2,0,2,33,15,18
GOLIAD COUNTY,175,58 Years,123,62,61,80,42,38,4,2,2,0,0,0,2,1,1,37,17,20
GOLIAD COUNTY,175,59 Years,129,66,63,80,39,41,7,3,4,0,0,0,2,2,0,40,22,18
GOLIAD COUNTY,175,60 Years,120,63,57,74,38,36,6,4,2,0,0,0,3,3,0,37,18,19
GOLIAD COUNTY,175,61 Years,129,60,69,83,39,44,7,3,4,0,0,0,2,1,1,37,17,20
GOLIAD COUNTY,175,62 Years,129,66,63,86,42,44,7,2,5,0,0,0,0,0,0,36,22,14
GOLIAD COUNTY,175,63 Years,107,57,50,75,39,36,4,2,2,0,0,0,1,0,1,27,16,11
GOLIAD COUNTY,175,64 Years,132,64,68,88,43,45,6,2,4,0,0,0,1,1,0,37,18,19
GOLIAD COUNTY,175,65 Years,124,55,69,86,38,48,7,2,5,0,0,0,1,1,0,30,14,16
GOLIAD COUNTY,175,66 Years,113,53,60,73,33,40,7,2,5,0,0,0,1,1,0,32,17,15
GOLIAD COUNTY,175,67 Years,131,62,69,96,43,53,5,3,2,0,0,0,1,1,0,29,15,14
GOLIAD COUNTY,175,68 Years,129,67,62,91,45,46,5,3,2,0,0,0,1,1,0,32,18,14
GOLIAD COUNTY,175,69 Years,117,68,49,83,48,35,4,3,1,0,0,0,1,1,0,29,16,13
GOLIAD COUNTY,175,70 Years,123,66,57,88,48,40,8,5,3,0,0,0,2,1,1,25,12,13
GOLIAD COUNTY,175,71 Years,117,65,52,88,49,39,3,1,2,0,0,0,1,1,0,25,14,11
GOLIAD COUNTY,175,72 Years,123,60,63,89,46,43,6,1,5,0,0,0,3,0,3,25,13,12
GOLIAD COUNTY,175,73 Years,95,46,49,63,30,33,3,2,1,1,1,0,1,0,1,27,13,14
GOLIAD COUNTY,175,74 Years,90,42,48,64,30,34,2,1,1,1,0,1,1,0,1,22,11,11
GOLIAD COUNTY,175,75 Years,88,40,48,64,30,34,3,2,1,0,0,0,1,0,1,20,8,12
GOLIAD COUNTY,175,76 Years,83,41,42,60,31,29,3,2,1,0,0,0,0,0,0,20,8,12
GOLIAD COUNTY,175,77 Years,75,32,43,51,24,27,4,2,2,0,0,0,1,0,1,19,6,13
GOLIAD COUNTY,175,78 Years,84,39,45,60,27,33,6,4,2,0,0,0,0,0,0,18,8,10
GOLIAD COUNTY,175,79 Years,77,39,38,59,30,29,4,2,2,0,0,0,1,0,1,13,7,6
GOLIAD COUNTY,175,80 Years,59,25,34,45,21,24,1,0,1,1,0,1,0,0,0,12,4,8
GOLIAD COUNTY,175,81 Years,62,26,36,47,20,27,1,1,0,0,0,0,0,0,0,14,5,9
GOLIAD COUNTY,175,82 Years,48,23,25,36,18,18,1,0,1,0,0,0,0,0,0,11,5,6
GOLIAD COUNTY,175,83 Years,40,21,19,28,15,13,0,0,0,0,0,0,0,0,0,12,6,6
GOLIAD COUNTY,175,84 Years,45,22,23,28,16,12,3,0,3,0,0,0,1,1,0,13,5,8
GOLIAD COUNTY,175,85 Years,35,15,20,18,8,10,3,1,2,0,0,0,0,0,0,14,6,8
GOLIAD COUNTY,175,86 Years,28,12,16,17,6,11,1,0,1,0,0,0,1,1,0,9,5,4
GOLIAD COUNTY,175,87 Years,31,16,15,19,9,10,1,1,0,0,0,0,1,1,0,10,5,5
GOLIAD COUNTY,175,88 Years,25,12,13,13,6,7,2,1,1,0,0,0,0,0,0,10,5,5
GOLIAD COUNTY,175,89 Years,21,8,13,10,4,6,2,0,2,0,0,0,0,0,0,9,4,5
GOLIAD COUNTY,175,90 Years,19,7,12,8,3,5,3,0,3,0,0,0,0,0,0,8,4,4
GOLIAD COUNTY,175,91 Years,16,6,10,6,3,3,3,0,3,0,0,0,0,0,0,7,3,4
GOLIAD COUNTY,175,92 Years,16,8,8,7,4,3,3,1,2,0,0,0,0,0,0,6,3,3
GOLIAD COUNTY,175,93 Years,19,10,9,10,6,4,3,1,2,0,0,0,0,0,0,6,3,3
GOLIAD COUNTY,175,94 Years,12,6,6,6,3,3,2,1,1,0,0,0,0,0,0,4,2,2
GOLIAD COUNTY,175,95 Years +,32,12,20,17,6,11,4,1,3,0,0,0,0,0,0,11,5,6
GONZALES COUNTY,177,All Ages,20769,10434,10335,8359,4080,4279,1337,709,628,79,35,44,231,103,128,10763,5507,5256
GONZALES COUNTY,177,< 1 Year,282,145,137,79,39,40,14,8,6,0,0,0,4,2,2,185,96,89
GONZALES COUNTY,177,1 Years,283,148,135,79,39,40,14,8,6,0,0,0,5,2,3,185,99,86
GONZALES COUNTY,177,2 Years,295,155,140,78,42,36,13,7,6,0,0,0,5,2,3,199,104,95
GONZALES COUNTY,177,3 Years,318,168,150,82,44,38,15,8,7,2,1,1,6,3,3,213,112,101
GONZALES COUNTY,177,4 Years,336,173,163,87,47,40,16,8,8,0,0,0,6,3,3,227,115,112
GONZALES COUNTY,177,5 Years,331,173,158,89,47,42,15,9,6,2,1,1,7,3,4,218,113,105
GONZALES COUNTY,177,6 Years,306,161,145,87,46,41,14,7,7,0,0,0,5,2,3,200,106,94
GONZALES COUNTY,177,7 Years,293,160,133,80,43,37,12,7,5,0,0,0,5,3,2,196,107,89
GONZALES COUNTY,177,8 Years,297,157,140,80,40,40,15,8,7,2,1,1,6,3,3,194,105,89
GONZALES COUNTY,177,9 Years,299,149,150,71,35,36,15,10,5,2,1,1,7,3,4,204,100,104
GONZALES COUNTY,177,10 Years,306,157,149,69,37,32,16,7,9,1,0,1,7,3,4,213,110,103
GONZALES COUNTY,177,11 Years,309,169,140,78,44,34,15,7,8,2,0,2,5,2,3,209,116,93
GONZALES COUNTY,177,12 Years,304,158,146,82,43,39,13,6,7,1,0,1,7,6,1,201,103,98
GONZALES COUNTY,177,13 Years,300,154,146,82,43,39,15,7,8,1,0,1,6,2,4,196,102,94
GONZALES COUNTY,177,14 Years,286,144,142,66,33,33,15,7,8,1,0,1,3,0,3,201,104,97
GONZALES COUNTY,177,15 Years,293,152,141,80,39,41,15,8,7,1,1,0,3,2,1,194,102,92
GONZALES COUNTY,177,16 Years,319,154,165,90,39,51,13,6,7,3,2,1,4,1,3,209,106,103
GONZALES COUNTY,177,17 Years,300,148,152,87,41,46,11,6,5,1,0,1,7,0,7,194,101,93
GONZALES COUNTY,177,18 Years,294,160,134,88,52,36,18,13,5,1,1,0,6,2,4,181,92,89
GONZALES COUNTY,177,19 Years,270,138,132,92,46,46,15,11,4,2,2,0,5,2,3,156,77,79
GONZALES COUNTY,177,20 Years,279,141,138,88,43,45,15,11,4,1,1,0,5,3,2,170,83,87
GONZALES COUNTY,177,21 Years,266,151,115,91,52,39,15,10,5,1,1,0,4,3,1,155,85,70
GONZALES COUNTY,177,22 Years,263,144,119,101,58,43,15,10,5,1,0,1,3,2,1,143,74,69
GONZALES COUNTY,177,23 Years,255,140,115,99,49,50,15,10,5,0,0,0,2,1,1,139,80,59
GONZALES COUNTY,177,24 Years,250,138,112,89,43,46,14,9,5,1,1,0,4,4,0,142,81,61
GONZALES COUNTY,177,25 Years,278,138,140,95,48,47,13,8,5,0,0,0,6,4,2,164,78,86
GONZALES COUNTY,177,26 Years,270,133,137,95,48,47,16,9,7,1,0,1,3,2,1,155,74,81
GONZALES COUNTY,177,27 Years,282,128,154,90,45,45,17,11,6,1,1,0,5,1,4,169,70,99
GONZALES COUNTY,177,28 Years,249,129,120,75,45,30,18,11,7,0,0,0,4,2,2,152,71,81
GONZALES COUNTY,177,29 Years,243,133,110,75,47,28,20,13,7,1,0,1,2,0,2,145,73,72
GONZALES COUNTY,177,30 Years,244,127,117,88,44,44,20,12,8,0,0,0,1,0,1,135,71,64
GONZALES COUNTY,177,31 Years,237,120,117,77,33,44,18,11,7,0,0,0,1,0,1,141,76,65
GONZALES COUNTY,177,32 Years,224,109,115,74,31,43,18,11,7,1,0,1,2,0,2,129,67,62
GONZALES COUNTY,177,33 Years,244,108,136,71,32,39,21,12,9,0,0,0,2,0,2,150,64,86
GONZALES COUNTY,177,34 Years,242,120,122,72,35,37,23,12,11,1,0,1,1,0,1,145,73,72
GONZALES COUNTY,177,35 Years,226,113,113,77,36,41,15,7,8,1,0,1,0,0,0,133,70,63
GONZALES COUNTY,177,36 Years,260,140,120,90,42,48,21,10,11,0,0,0,0,0,0,149,88,61
GONZALES COUNTY,177,37 Years,227,115,112,74,31,43,17,10,7,1,0,1,2,1,1,133,73,60
GONZALES COUNTY,177,38 Years,206,110,96,70,33,37,14,10,4,0,0,0,2,0,2,120,67,53
GONZALES COUNTY,177,39 Years,247,131,116,84,51,33,13,7,6,1,0,1,1,1,0,148,72,76
GONZALES COUNTY,177,40 Years,237,119,118,84,38,46,12,8,4,3,2,1,2,1,1,136,70,66
GONZALES COUNTY,177,41 Years,231,121,110,65,30,35,16,11,5,3,1,2,2,1,1,145,78,67
GONZALES COUNTY,177,42 Years,221,110,111,69,31,38,13,7,6,4,2,2,2,1,1,133,69,64
GONZALES COUNTY,177,43 Years,216,101,115,74,31,43,11,5,6,1,1,0,2,1,1,128,63,65
GONZALES COUNTY,177,44 Years,238,119,119,81,37,44,19,13,6,2,2,0,0,0,0,136,67,69
GONZALES COUNTY,177,45 Years,230,127,103,80,43,37,20,15,5,2,2,0,2,0,2,126,67,59
GONZALES COUNTY,177,46 Years,208,99,109,82,38,44,16,9,7,1,0,1,3,1,2,106,51,55
GONZALES COUNTY,177,47 Years,227,112,115,95,45,50,9,4,5,2,1,1,1,0,1,120,62,58
GONZALES COUNTY,177,48 Years,224,113,111,106,56,50,10,5,5,1,1,0,1,1,0,106,50,56
GONZALES COUNTY,177,49 Years,236,120,116,93,49,44,14,6,8,0,0,0,2,2,0,127,63,64
GONZALES COUNTY,177,50 Years,245,119,126,101,50,51,10,4,6,2,1,1,4,2,2,128,62,66
GONZALES COUNTY,177,51 Years,217,109,108,91,47,44,7,3,4,3,2,1,1,1,0,115,56,59
GONZALES COUNTY,177,52 Years,206,100,106,84,37,47,12,3,9,3,1,2,1,1,0,106,58,48
GONZALES COUNTY,177,53 Years,227,115,112,99,47,52,16,8,8,1,0,1,1,1,0,110,59,51
GONZALES COUNTY,177,54 Years,240,129,111,109,58,51,17,11,6,0,0,0,3,1,2,111,59,52
GONZALES COUNTY,177,55 Years,251,131,120,110,59,51,21,11,10,1,0,1,0,0,0,119,61,58
GONZALES COUNTY,177,56 Years,271,139,132,128,62,66,20,8,12,1,1,0,2,0,2,120,68,52
GONZALES COUNTY,177,57 Years,277,139,138,138,66,72,19,8,11,0,0,0,1,0,1,119,65,54
GONZALES COUNTY,177,58 Years,256,132,124,127,61,66,23,12,11,0,0,0,1,0,1,105,59,46
GONZALES COUNTY,177,59 Years,275,140,135,145,68,77,21,10,11,0,0,0,2,0,2,107,62,45
GONZALES COUNTY,177,60 Years,282,138,144,140,63,77,23,12,11,1,0,1,0,0,0,118,63,55
GONZALES COUNTY,177,61 Years,277,136,141,147,67,80,18,9,9,0,0,0,3,1,2,109,59,50
GONZALES COUNTY,177,62 Years,264,129,135,150,72,78,18,8,10,1,1,0,4,1,3,91,47,44
GONZALES COUNTY,177,63 Years,257,127,130,146,67,79,22,12,10,0,0,0,5,2,3,84,46,38
GONZALES COUNTY,177,64 Years,243,122,121,134,61,73,23,12,11,0,0,0,2,1,1,84,48,36
GONZALES COUNTY,177,65 Years,228,111,117,133,64,69,19,10,9,1,0,1,2,1,1,73,36,37
GONZALES COUNTY,177,66 Years,220,110,110,137,69,68,22,11,11,0,0,0,1,1,0,60,29,31
GONZALES COUNTY,177,67 Years,210,102,108,126,59,67,24,15,9,0,0,0,1,1,0,59,27,32
GONZALES COUNTY,177,68 Years,184,79,105,107,45,62,17,8,9,1,0,1,1,0,1,58,26,32
GONZALES COUNTY,177,69 Years,178,89,89,108,54,54,15,7,8,0,0,0,0,0,0,55,28,27
GONZALES COUNTY,177,70 Years,214,108,106,145,75,70,14,7,7,1,1,0,1,1,0,53,24,29
GONZALES COUNTY,177,71 Years,192,94,98,126,69,57,11,3,8,1,0,1,2,1,1,52,21,31
GONZALES COUNTY,177,72 Years,215,104,111,149,74,75,13,5,8,0,0,0,1,0,1,52,25,27
GONZALES COUNTY,177,73 Years,168,82,86,105,51,54,8,4,4,1,1,0,2,2,0,52,24,28
GONZALES COUNTY,177,74 Years,143,60,83,77,33,44,7,4,3,2,1,1,2,1,1,55,21,34
GONZALES COUNTY,177,75 Years,147,69,78,95,46,49,7,3,4,2,0,2,2,0,2,41,20,21
GONZALES COUNTY,177,76 Years,147,71,76,102,48,54,8,3,5,1,0,1,1,1,0,35,19,16
GONZALES COUNTY,177,77 Years,154,72,82,109,50,59,9,4,5,0,0,0,0,0,0,36,18,18
GONZALES COUNTY,177,78 Years,138,64,74,93,46,47,12,3,9,0,0,0,0,0,0,33,15,18
GONZALES COUNTY,177,79 Years,133,56,77,88,41,47,9,3,6,0,0,0,0,0,0,36,12,24
GONZALES COUNTY,177,80 Years,128,53,75,87,37,50,11,4,7,0,0,0,1,0,1,29,12,17
GONZALES COUNTY,177,81 Years,107,46,61,74,36,38,10,3,7,0,0,0,0,0,0,23,7,16
GONZALES COUNTY,177,82 Years,100,44,56,68,33,35,8,3,5,1,0,1,0,0,0,23,8,15
GONZALES COUNTY,177,83 Years,93,40,53,61,28,33,7,2,5,0,0,0,1,1,0,24,9,15
GONZALES COUNTY,177,84 Years,95,46,49,60,30,30,7,3,4,0,0,0,3,2,1,25,11,14
GONZALES COUNTY,177,85 Years,68,29,39,43,19,24,7,3,4,0,0,0,1,0,1,17,7,10
GONZALES COUNTY,177,86 Years,70,29,41,47,20,27,6,3,3,0,0,0,0,0,0,17,6,11
GONZALES COUNTY,177,87 Years,62,28,34,42,20,22,6,3,3,0,0,0,0,0,0,14,5,9
GONZALES COUNTY,177,88 Years,52,19,33,35,12,23,7,3,4,0,0,0,0,0,0,10,4,6
GONZALES COUNTY,177,89 Years,50,18,32,34,12,22,7,3,4,0,0,0,0,0,0,9,3,6
GONZALES COUNTY,177,90 Years,44,18,26,29,10,19,6,2,4,0,0,0,1,1,0,8,5,3
GONZALES COUNTY,177,91 Years,34,12,22,23,8,15,3,1,2,1,0,1,0,0,0,7,3,4
GONZALES COUNTY,177,92 Years,25,8,17,18,6,12,2,1,1,1,0,1,0,0,0,4,1,3
GONZALES COUNTY,177,93 Years,24,9,15,16,5,11,3,2,1,0,0,0,1,1,0,4,1,3
GONZALES COUNTY,177,94 Years,24,9,15,15,5,10,4,2,2,0,0,0,0,0,0,5,2,3
GONZALES COUNTY,177,95 Years +,53,18,35,28,7,21,11,5,6,0,0,0,1,0,1,13,6,7
GRAY COUNTY,179,All Ages,21930,11683,10247,13333,6754,6579,1015,736,279,98,47,51,508,243,265,6976,3903,3073
GRAY COUNTY,179,< 1 Year,236,119,117,118,58,60,6,3,3,3,2,1,7,5,2,102,51,51
GRAY COUNTY,179,1 Years,243,124,119,123,64,59,6,3,3,2,1,1,6,3,3,106,53,53
GRAY COUNTY,179,2 Years,254,134,120,126,70,56,7,4,3,2,1,1,6,2,4,113,57,56
GRAY COUNTY,179,3 Years,287,154,133,143,79,64,6,4,2,2,1,1,6,2,4,130,68,62
GRAY COUNTY,179,4 Years,312,162,150,147,79,68,6,4,2,2,1,1,9,2,7,148,76,72
GRAY COUNTY,179,5 Years,328,171,157,156,84,72,5,2,3,2,1,1,10,5,5,155,79,76
GRAY COUNTY,179,6 Years,332,172,160,152,80,72,6,3,3,1,1,0,12,6,6,161,82,79
GRAY COUNTY,179,7 Years,329,177,152,152,78,74,7,4,3,2,1,1,15,11,4,153,83,70
GRAY COUNTY,179,8 Years,324,168,156,149,74,75,9,4,5,2,1,1,14,12,2,150,77,73
GRAY COUNTY,179,9 Years,323,158,165,149,76,73,8,2,6,2,1,1,13,8,5,151,71,80
GRAY COUNTY,179,10 Years,313,152,161,152,73,79,7,2,5,1,1,0,10,7,3,143,69,74
GRAY COUNTY,179,11 Years,332,168,164,163,80,83,5,2,3,1,1,0,11,5,6,152,80,72
GRAY COUNTY,179,12 Years,312,150,162,152,77,75,7,4,3,0,0,0,12,4,8,141,65,76
GRAY COUNTY,179,13 Years,304,155,149,152,84,68,4,2,2,1,0,1,13,5,8,134,64,70
GRAY COUNTY,179,14 Years,342,180,162,164,85,79,9,6,3,1,0,1,10,2,8,158,87,71
GRAY COUNTY,179,15 Years,309,148,161,154,73,81,12,4,8,2,0,2,7,0,7,134,71,63
GRAY COUNTY,179,16 Years,291,139,152,142,66,76,13,7,6,2,2,0,5,2,3,129,62,67
GRAY COUNTY,179,17 Years,283,146,137,151,77,74,10,7,3,0,0,0,10,6,4,112,56,56
GRAY COUNTY,179,18 Years,265,139,126,142,75,67,8,5,3,0,0,0,8,6,2,107,53,54
GRAY COUNTY,179,19 Years,248,146,102,114,64,50,7,4,3,0,0,0,8,6,2,119,72,47
GRAY COUNTY,179,20 Years,237,132,105,108,66,42,8,4,4,0,0,0,8,5,3,113,57,56
GRAY COUNTY,179,21 Years,225,111,114,117,63,54,9,5,4,2,2,0,7,2,5,90,39,51
GRAY COUNTY,179,22 Years,247,130,117,121,66,55,9,7,2,0,0,0,7,2,5,110,55,55
GRAY COUNTY,179,23 Years,250,142,108,124,68,56,14,10,4,0,0,0,6,3,3,106,61,45
GRAY COUNTY,179,24 Years,279,152,127,142,76,66,13,9,4,0,0,0,7,4,3,117,63,54
GRAY COUNTY,179,25 Years,325,174,151,183,97,86,16,9,7,0,0,0,7,4,3,119,64,55
GRAY COUNTY,179,26 Years,334,182,152,186,98,88,21,14,7,1,1,0,5,2,3,121,67,54
GRAY COUNTY,179,27 Years,329,187,142,193,105,88,21,16,5,0,0,0,7,4,3,108,62,46
GRAY COUNTY,179,28 Years,307,180,127,158,86,72,25,21,4,0,0,0,5,4,1,119,69,50
GRAY COUNTY,179,29 Years,309,181,128,169,92,77,24,20,4,0,0,0,4,2,2,112,67,45
GRAY COUNTY,179,30 Years,298,165,133,168,83,85,21,17,4,1,1,0,5,3,2,103,61,42
GRAY COUNTY,179,31 Years,315,181,134,189,100,89,19,16,3,1,1,0,4,2,2,102,62,40
GRAY COUNTY,179,32 Years,329,183,146,195,97,98,12,10,2,1,0,1,7,4,3,114,72,42
GRAY COUNTY,179,33 Years,325,183,142,189,102,87,16,14,2,3,2,1,2,0,2,115,65,50
GRAY COUNTY,179,34 Years,303,158,145,198,101,97,16,14,2,2,1,1,2,0,2,85,42,43
GRAY COUNTY,179,35 Years,294,154,140,180,95,85,15,11,4,3,2,1,7,1,6,89,45,44
GRAY COUNTY,179,36 Years,314,186,128,179,105,74,18,15,3,3,1,2,6,2,4,108,63,45
GRAY COUNTY,179,37 Years,338,184,154,197,95,102,18,16,2,2,0,2,4,1,3,117,72,45
GRAY COUNTY,179,38 Years,309,190,119,174,91,83,22,20,2,1,1,0,4,2,2,108,76,32
GRAY COUNTY,179,39 Years,312,180,132,176,87,89,23,22,1,1,1,0,3,2,1,109,68,41
GRAY COUNTY,179,40 Years,307,186,121,169,92,77,19,17,2,1,0,1,5,3,2,113,74,39
GRAY COUNTY,179,41 Years,264,170,94,138,81,57,16,14,2,1,0,1,7,5,2,102,70,32
GRAY COUNTY,179,42 Years,287,167,120,159,81,78,20,18,2,2,0,2,6,3,3,100,65,35
GRAY COUNTY,179,43 Years,274,162,112,156,88,68,21,19,2,1,0,1,3,1,2,93,54,39
GRAY COUNTY,179,44 Years,250,160,90,153,94,59,15,15,0,2,1,1,3,1,2,77,49,28
GRAY COUNTY,179,45 Years,257,158,99,148,82,66,18,16,2,3,3,0,4,1,3,84,56,28
GRAY COUNTY,179,46 Years,272,162,110,151,79,72,19,18,1,1,0,1,3,1,2,98,64,34
GRAY COUNTY,179,47 Years,280,173,107,179,103,76,18,17,1,0,0,0,5,3,2,78,50,28
GRAY COUNTY,179,48 Years,284,172,112,188,106,82,18,17,1,0,0,0,3,1,2,75,48,27
GRAY COUNTY,179,49 Years,282,166,116,173,92,81,19,16,3,1,1,0,5,2,3,84,55,29
GRAY COUNTY,179,50 Years,275,163,112,162,92,70,20,15,5,2,1,1,2,0,2,89,55,34
GRAY COUNTY,179,51 Years,274,167,107,164,96,68,19,15,4,1,1,0,4,2,2,86,53,33
GRAY COUNTY,179,52 Years,250,151,99,151,83,68,14,12,2,1,0,1,2,1,1,82,55,27
GRAY COUNTY,179,53 Years,243,148,95,155,87,68,13,12,1,1,0,1,2,1,1,72,48,24
GRAY COUNTY,179,54 Years,230,141,89,151,86,65,15,13,2,0,0,0,5,2,3,59,40,19
GRAY COUNTY,179,55 Years,252,148,104,167,90,77,20,17,3,0,0,0,5,2,3,60,39,21
GRAY COUNTY,179,56 Years,250,141,109,183,99,84,19,15,4,1,0,1,6,3,3,41,24,17
GRAY COUNTY,179,57 Years,248,129,119,185,94,91,12,9,3,1,0,1,6,3,3,44,23,21
GRAY COUNTY,179,58 Years,266,130,136,191,93,98,12,9,3,3,1,2,7,2,5,53,25,28
GRAY COUNTY,179,59 Years,266,137,129,185,89,96,12,8,4,2,1,1,7,5,2,60,34,26
GRAY COUNTY,179,60 Years,263,140,123,183,89,94,11,8,3,3,1,2,6,3,3,60,39,21
GRAY COUNTY,179,61 Years,240,124,116,175,85,90,11,6,5,2,1,1,7,1,6,45,31,14
GRAY COUNTY,179,62 Years,257,141,116,200,103,97,11,8,3,0,0,0,6,3,3,40,27,13
GRAY COUNTY,179,63 Years,248,125,123,187,90,97,9,6,3,1,0,1,7,3,4,44,26,18
GRAY COUNTY,179,64 Years,237,122,115,170,81,89,13,9,4,1,1,0,7,5,2,46,26,20
GRAY COUNTY,179,65 Years,226,104,122,183,81,102,15,7,8,1,1,0,6,3,3,21,12,9
GRAY COUNTY,179,66 Years,211,94,117,169,74,95,11,4,7,0,0,0,4,2,2,27,14,13
GRAY COUNTY,179,67 Years,196,97,99,154,74,80,10,4,6,2,1,1,4,3,1,26,15,11
GRAY COUNTY,179,68 Years,190,88,102,161,72,89,6,3,3,0,0,0,3,1,2,20,12,8
GRAY COUNTY,179,69 Years,191,89,102,156,74,82,6,2,4,1,1,0,4,3,1,24,9,15
GRAY COUNTY,179,70 Years,181,83,98,145,69,76,5,2,3,1,1,0,5,1,4,25,10,15
GRAY COUNTY,179,71 Years,174,76,98,143,62,81,7,4,3,0,0,0,5,2,3,19,8,11
GRAY COUNTY,179,72 Years,174,76,98,144,60,84,4,3,1,2,0,2,6,5,1,18,8,10
GRAY COUNTY,179,73 Years,158,69,89,122,55,67,6,3,3,3,0,3,6,3,3,21,8,13
GRAY COUNTY,179,74 Years,151,68,83,126,56,70,5,2,3,1,1,0,4,2,2,15,7,8
GRAY COUNTY,179,75 Years,154,73,81,132,60,72,4,4,0,2,0,2,3,2,1,13,7,6
GRAY COUNTY,179,76 Years,147,63,84,122,51,71,7,3,4,1,0,1,4,3,1,13,6,7
GRAY COUNTY,179,77 Years,113,46,67,101,42,59,2,1,1,0,0,0,3,0,3,7,3,4
GRAY COUNTY,179,78 Years,108,49,59,96,42,54,4,2,2,0,0,0,2,1,1,6,4,2
GRAY COUNTY,179,79 Years,110,51,59,95,42,53,5,2,3,1,1,0,1,1,0,8,5,3
GRAY COUNTY,179,80 Years,109,51,58,90,38,52,5,3,2,1,1,0,3,2,1,10,7,3
GRAY COUNTY,179,81 Years,98,38,60,87,33,54,3,1,2,0,0,0,3,1,2,5,3,2
GRAY COUNTY,179,82 Years,89,33,56,80,28,52,2,1,1,0,0,0,2,1,1,5,3,2
GRAY COUNTY,179,83 Years,90,39,51,77,34,43,2,1,1,0,0,0,4,0,4,7,4,3
GRAY COUNTY,179,84 Years,79,32,47,66,30,36,6,0,6,0,0,0,3,0,3,4,2,2
GRAY COUNTY,179,85 Years,67,23,44,59,21,38,2,0,2,1,0,1,1,0,1,4,2,2
GRAY COUNTY,179,86 Years,73,26,47,65,22,43,1,1,0,1,0,1,1,0,1,5,3,2
GRAY COUNTY,179,87 Years,61,26,35,53,20,33,3,3,0,0,0,0,1,0,1,4,3,1
GRAY COUNTY,179,88 Years,58,22,36,48,17,31,2,2,0,0,0,0,3,1,2,5,2,3
GRAY COUNTY,179,89 Years,49,19,30,41,15,26,3,1,2,0,0,0,1,1,0,4,2,2
GRAY COUNTY,179,90 Years,41,16,25,38,15,23,1,0,1,0,0,0,1,0,1,1,1,0
GRAY COUNTY,179,91 Years,33,15,18,29,14,15,1,0,1,0,0,0,1,0,1,2,1,1
GRAY COUNTY,179,92 Years,26,12,14,21,10,11,1,0,1,0,0,0,1,0,1,3,2,1
GRAY COUNTY,179,93 Years,20,8,12,18,7,11,0,0,0,0,0,0,0,0,0,2,1,1
GRAY COUNTY,179,94 Years,17,7,10,15,5,10,1,1,0,0,0,0,0,0,0,1,1,0
GRAY COUNTY,179,95 Years +,34,10,24,27,7,20,3,1,2,0,0,0,1,0,1,3,2,1
GRAYSON COUNTY,181,All Ages,135612,66217,69395,101717,49413,52304,7824,3705,4119,1363,648,715,5909,2799,3110,18799,9652,9147
GRAYSON COUNTY,181,< 1 Year,1663,850,813,1016,525,491,99,46,53,12,4,8,132,63,69,404,212,192
GRAYSON COUNTY,181,1 Years,1659,850,809,992,509,483,106,51,55,13,5,8,139,67,72,409,218,191
GRAYSON COUNTY,181,2 Years,1681,857,824,988,517,471,106,53,53,13,6,7,151,67,84,423,214,209
GRAYSON COUNTY,181,3 Years,1690,847,843,985,510,475,103,53,50,18,7,11,165,72,93,419,205,214
GRAYSON COUNTY,181,4 Years,1713,858,855,1021,530,491,98,47,51,17,7,10,151,69,82,426,205,221
GRAYSON COUNTY,181,5 Years,1734,886,848,1039,548,491,95,44,51,19,8,11,145,65,80,436,221,215
GRAYSON COUNTY,181,6 Years,1723,908,815,1033,560,473,102,44,58,14,8,6,132,62,70,442,234,208
GRAYSON COUNTY,181,7 Years,1709,902,807,1021,559,462,107,46,61,11,7,4,124,53,71,446,237,209
GRAYSON COUNTY,181,8 Years,1732,912,820,1047,559,488,109,49,60,11,6,5,121,60,61,444,238,206
GRAYSON COUNTY,181,9 Years,1760,907,853,1062,561,501,114,50,64,10,5,5,110,62,48,464,229,235
GRAYSON COUNTY,181,10 Years,1796,906,890,1088,553,535,119,51,68,10,5,5,122,66,56,457,231,226
GRAYSON COUNTY,181,11 Years,1842,933,909,1114,566,548,122,62,60,14,9,5,135,68,67,457,228,229
GRAYSON COUNTY,181,12 Years,1768,899,869,1095,561,534,137,75,62,11,5,6,113,57,56,412,201,211
GRAYSON COUNTY,181,13 Years,1868,945,923,1184,595,589,133,63,70,15,8,7,129,68,61,407,211,196
GRAYSON COUNTY,181,14 Years,1889,952,937,1216,615,601,118,46,72,11,6,5,133,66,67,411,219,192
GRAYSON COUNTY,181,15 Years,1817,906,911,1181,597,584,125,56,69,9,6,3,112,56,56,390,191,199
GRAYSON COUNTY,181,16 Years,1739,832,907,1161,577,584,149,57,92,14,7,7,93,49,44,322,142,180
GRAYSON COUNTY,181,17 Years,1783,946,837,1175,633,542,140,61,79,21,14,7,101,54,47,346,184,162
GRAYSON COUNTY,181,18 Years,1746,922,824,1123,599,524,117,59,58,46,18,28,96,52,44,364,194,170
GRAYSON COUNTY,181,19 Years,1595,804,791,991,511,480,117,52,65,49,22,27,112,61,51,326,158,168
GRAYSON COUNTY,181,20 Years,1555,778,777,966,495,471,118,53,65,41,20,21,103,56,47,327,154,173
GRAYSON COUNTY,181,21 Years,1493,763,730,939,486,453,106,55,51,47,27,20,99,46,53,302,149,153
GRAYSON COUNTY,181,22 Years,1495,760,735,959,495,464,116,64,52,29,12,17,102,47,55,289,142,147
GRAYSON COUNTY,181,23 Years,1461,716,745,958,470,488,114,56,58,25,16,9,102,47,55,262,127,135
GRAYSON COUNTY,181,24 Years,1434,734,700,946,479,467,105,51,54,41,21,20,96,52,44,246,131,115
GRAYSON COUNTY,181,25 Years,1491,752,739,1034,523,511,108,49,59,17,9,8,112,60,52,220,111,109
GRAYSON COUNTY,181,26 Years,1589,808,781,1108,567,541,115,48,67,18,14,4,98,50,48,250,129,121
GRAYSON COUNTY,181,27 Years,1753,880,873,1238,633,605,127,65,62,21,9,12,104,50,54,263,123,140
GRAYSON COUNTY,181,28 Years,2056,996,1060,1490,719,771,152,75,77,39,19,20,101,46,55,274,137,137
GRAYSON COUNTY,181,29 Years,1997,932,1065,1434,665,769,152,69,83,31,11,20,85,43,42,295,144,151
GRAYSON COUNTY,181,30 Years,1898,882,1016,1376,611,765,136,69,67,36,16,20,96,49,47,254,137,117
GRAYSON COUNTY,181,31 Years,1804,885,919,1332,643,689,114,60,54,18,9,9,75,32,43,265,141,124
GRAYSON COUNTY,181,32 Years,1697,824,873,1236,587,649,108,54,54,18,15,3,66,23,43,269,145,124
GRAYSON COUNTY,181,33 Years,1575,778,797,1159,563,596,86,44,42,10,7,3,68,24,44,252,140,112
GRAYSON COUNTY,181,34 Years,1631,792,839,1211,563,648,102,57,45,6,2,4,58,22,36,254,148,106
GRAYSON COUNTY,181,35 Years,1560,749,811,1140,521,619,98,52,46,36,19,17,58,23,35,228,134,94
GRAYSON COUNTY,181,36 Years,1575,772,803,1174,549,625,86,48,38,30,21,9,47,22,25,238,132,106
GRAYSON COUNTY,181,37 Years,1596,803,793,1210,599,611,98,50,48,15,9,6,44,20,24,229,125,104
GRAYSON COUNTY,181,38 Years,1659,804,855,1248,608,640,107,49,58,12,3,9,49,23,26,243,121,122
GRAYSON COUNTY,181,39 Years,1629,805,824,1209,599,610,99,49,50,12,5,7,62,24,38,247,128,119
GRAYSON COUNTY,181,40 Years,1495,753,742,1121,558,563,97,47,50,13,5,8,50,21,29,214,122,92
GRAYSON COUNTY,181,41 Years,1479,736,743,1095,525,570,86,45,41,12,6,6,47,23,24,239,137,102
GRAYSON COUNTY,181,42 Years,1460,720,740,1101,545,556,76,28,48,12,7,5,48,28,20,223,112,111
GRAYSON COUNTY,181,43 Years,1420,693,727,1077,527,550,72,32,40,18,6,12,45,21,24,208,107,101
GRAYSON COUNTY,181,44 Years,1525,755,770,1146,563,583,72,36,36,23,10,13,49,21,28,235,125,110
GRAYSON COUNTY,181,45 Years,1573,782,791,1193,588,605,76,39,37,16,6,10,45,22,23,243,127,116
GRAYSON COUNTY,181,46 Years,1505,748,757,1155,571,584,84,37,47,11,4,7,39,17,22,216,119,97
GRAYSON COUNTY,181,47 Years,1586,760,826,1234,580,654,79,34,45,14,7,7,46,22,24,213,117,96
GRAYSON COUNTY,181,48 Years,1695,823,872,1342,642,700,75,35,40,17,7,10,51,26,25,210,113,97
GRAYSON COUNTY,181,49 Years,1666,796,870,1304,604,700,80,40,40,13,4,9,50,27,23,219,121,98
GRAYSON COUNTY,181,50 Years,1653,824,829,1301,633,668,73,40,33,14,6,8,40,19,21,225,126,99
GRAYSON COUNTY,181,51 Years,1576,726,850,1232,566,666,75,34,41,17,10,7,40,17,23,212,99,113
GRAYSON COUNTY,181,52 Years,1543,750,793,1213,580,633,84,45,39,20,10,10,43,22,21,183,93,90
GRAYSON COUNTY,181,53 Years,1627,816,811,1288,633,655,73,38,35,15,6,9,47,25,22,204,114,90
GRAYSON COUNTY,181,54 Years,1760,858,902,1412,684,728,89,43,46,16,7,9,57,23,34,186,101,85
GRAYSON COUNTY,181,55 Years,1878,943,935,1544,775,769,101,48,53,14,7,7,54,24,30,165,89,76
GRAYSON COUNTY,181,56 Years,1910,926,984,1582,763,819,110,56,54,12,5,7,47,22,25,159,80,79
GRAYSON COUNTY,181,57 Years,1867,925,942,1544,765,779,103,49,54,16,8,8,51,23,28,153,80,73
GRAYSON COUNTY,181,58 Years,1943,962,981,1599,788,811,113,60,53,19,9,10,52,22,30,160,83,77
GRAYSON COUNTY,181,59 Years,1920,931,989,1612,785,827,105,47,58,12,4,8,54,28,26,137,67,70
GRAYSON COUNTY,181,60 Years,1911,921,990,1629,781,848,108,54,54,15,4,11,41,21,20,118,61,57
GRAYSON COUNTY,181,61 Years,1915,961,954,1622,820,802,109,51,58,18,6,12,52,24,28,114,60,54
GRAYSON COUNTY,181,62 Years,1892,913,979,1584,772,812,125,53,72,18,8,10,53,25,28,112,55,57
GRAYSON COUNTY,181,63 Years,1910,895,1015,1632,769,863,106,49,57,23,10,13,45,21,24,104,46,58
GRAYSON COUNTY,181,64 Years,1824,890,934,1571,770,801,99,46,53,18,8,10,42,22,20,94,44,50
GRAYSON COUNTY,181,65 Years,1711,811,900,1484,711,773,83,37,46,13,6,7,50,19,31,81,38,43
GRAYSON COUNTY,181,66 Years,1576,749,827,1389,666,723,74,35,39,9,3,6,34,12,22,70,33,37
GRAYSON COUNTY,181,67 Years,1543,725,818,1357,636,721,69,38,31,11,4,7,39,17,22,67,30,37
GRAYSON COUNTY,181,68 Years,1433,659,774,1243,575,668,75,35,40,10,3,7,40,18,22,65,28,37
GRAYSON COUNTY,181,69 Years,1482,668,814,1293,583,710,77,37,40,7,2,5,39,18,21,66,28,38
GRAYSON COUNTY,181,70 Years,1419,664,755,1262,593,669,72,31,41,9,4,5,26,12,14,50,24,26
GRAYSON COUNTY,181,71 Years,1410,681,729,1281,618,663,50,24,26,6,2,4,31,16,15,42,21,21
GRAYSON COUNTY,181,72 Years,1464,692,772,1321,630,691,62,32,30,1,0,1,37,13,24,43,17,26
GRAYSON COUNTY,181,73 Years,1237,559,678,1118,513,605,49,21,28,4,2,2,33,12,21,33,11,22
GRAYSON COUNTY,181,74 Years,1109,501,608,1001,462,539,37,13,24,6,4,2,31,13,18,34,9,25
GRAYSON COUNTY,181,75 Years,1122,526,596,1017,480,537,41,21,20,7,4,3,30,9,21,27,12,15
GRAYSON COUNTY,181,76 Years,1065,507,558,983,466,517,30,16,14,7,4,3,24,10,14,21,11,10
GRAYSON COUNTY,181,77 Years,972,452,520,895,418,477,22,9,13,5,1,4,21,11,10,29,13,16
GRAYSON COUNTY,181,78 Years,826,354,472,760,327,433,23,9,14,4,2,2,14,5,9,25,11,14
GRAYSON COUNTY,181,79 Years,758,338,420,685,305,380,36,12,24,3,2,1,11,7,4,23,12,11
GRAYSON COUNTY,181,80 Years,704,324,380,648,301,347,23,8,15,6,2,4,11,6,5,16,7,9
GRAYSON COUNTY,181,81 Years,623,281,342,576,258,318,15,7,8,4,2,2,14,6,8,14,8,6
GRAYSON COUNTY,181,82 Years,612,278,334,562,258,304,19,6,13,2,1,1,15,5,10,14,8,6
GRAYSON COUNTY,181,83 Years,531,227,304,487,207,280,14,6,8,3,1,2,15,5,10,12,8,4
GRAYSON COUNTY,181,84 Years,519,218,301,481,200,281,13,5,8,3,1,2,10,5,5,12,7,5
GRAYSON COUNTY,181,85 Years,473,198,275,437,181,256,12,5,7,0,0,0,11,4,7,13,8,5
GRAYSON COUNTY,181,86 Years,439,181,258,408,166,242,10,5,5,0,0,0,9,3,6,12,7,5
GRAYSON COUNTY,181,87 Years,382,154,228,356,143,213,10,4,6,0,0,0,5,1,4,11,6,5
GRAYSON COUNTY,181,88 Years,340,133,207,315,123,192,9,3,6,1,0,1,6,2,4,9,5,4
GRAYSON COUNTY,181,89 Years,323,122,201,292,112,180,14,3,11,1,0,1,5,2,3,11,5,6
GRAYSON COUNTY,181,90 Years,251,97,154,228,87,141,12,3,9,0,0,0,3,2,1,8,5,3
GRAYSON COUNTY,181,91 Years,204,67,137,187,62,125,8,3,5,0,0,0,4,1,3,5,1,4
GRAYSON COUNTY,181,92 Years,166,55,111,151,51,100,5,1,4,0,0,0,4,1,3,6,2,4
GRAYSON COUNTY,181,93 Years,141,47,94,123,41,82,8,2,6,1,0,1,3,1,2,6,3,3
GRAYSON COUNTY,181,94 Years,116,37,79,102,32,70,6,2,4,1,0,1,1,0,1,6,3,3
GRAYSON COUNTY,181,95 Years +,273,70,203,243,61,182,13,4,9,3,1,2,4,1,3,10,3,7
GREGG COUNTY,183,All Ages,126116,62135,63981,71488,34943,36545,25440,12025,13415,1481,739,742,3191,1547,1644,24516,12881,11635
GREGG COUNTY,183,< 1 Year,1619,820,799,715,367,348,322,161,161,10,5,5,92,48,44,480,239,241
GREGG COUNTY,183,1 Years,1602,834,768,702,363,339,317,165,152,11,7,4,90,47,43,482,252,230
GREGG COUNTY,183,2 Years,1609,820,789,704,363,341,327,163,164,11,5,6,87,39,48,480,250,230
GREGG COUNTY,183,3 Years,1684,874,810,726,373,353,332,172,160,16,7,9,95,41,54,515,281,234
GREGG COUNTY,183,4 Years,1800,940,860,764,399,365,351,176,175,19,10,9,104,48,56,562,307,255
GREGG COUNTY,183,5 Years,1843,969,874,771,400,371,356,185,171,17,7,10,108,50,58,591,327,264
GREGG COUNTY,183,6 Years,1854,970,884,775,401,374,367,187,180,13,6,7,97,48,49,602,328,274
GREGG COUNTY,183,7 Years,1836,952,884,768,393,375,360,184,176,16,6,10,95,43,52,597,326,271
GREGG COUNTY,183,8 Years,1847,960,887,786,411,375,351,182,169,15,6,9,91,42,49,604,319,285
GREGG COUNTY,183,9 Years,1757,944,813,748,397,351,336,176,160,15,11,4,86,49,37,572,311,261
GREGG COUNTY,183,10 Years,1783,954,829,771,421,350,377,191,186,12,8,4,73,37,36,550,297,253
GREGG COUNTY,183,11 Years,1821,949,872,774,410,364,406,201,205,17,9,8,86,34,52,538,295,243
GREGG COUNTY,183,12 Years,1817,942,875,816,431,385,367,184,183,19,12,7,74,34,40,541,281,260
GREGG COUNTY,183,13 Years,1823,980,843,816,456,360,365,188,177,14,10,4,62,31,31,566,295,271
GREGG COUNTY,183,14 Years,1837,942,895,795,427,368,409,198,211,16,8,8,80,30,50,537,279,258
GREGG COUNTY,183,15 Years,1813,941,872,780,428,352,407,202,205,22,13,9,73,29,44,531,269,262
GREGG COUNTY,183,16 Years,1839,955,884,842,463,379,389,187,202,20,10,10,63,36,27,525,259,266
GREGG COUNTY,183,17 Years,1841,976,865,870,471,399,401,214,187,12,7,5,55,32,23,503,252,251
GREGG COUNTY,183,18 Years,1740,927,813,817,455,362,381,192,189,21,12,9,52,31,21,469,237,232
GREGG COUNTY,183,19 Years,1646,879,767,758,427,331,378,184,194,25,12,13,47,25,22,438,231,207
GREGG COUNTY,183,20 Years,1632,874,758,775,434,341,379,179,200,22,14,8,52,26,26,404,221,183
GREGG COUNTY,183,21 Years,1607,824,783,773,403,370,370,184,186,17,11,6,51,26,25,396,200,196
GREGG COUNTY,183,22 Years,1537,779,758,720,370,350,385,194,191,17,12,5,45,22,23,370,181,189
GREGG COUNTY,183,23 Years,1565,773,792,751,388,363,403,191,212,18,10,8,47,23,24,346,161,185
GREGG COUNTY,183,24 Years,1590,784,806,786,412,374,392,186,206,18,7,11,44,23,21,350,156,194
GREGG COUNTY,183,25 Years,1563,763,800,774,389,385,386,176,210,21,8,13,38,19,19,344,171,173
GREGG COUNTY,183,26 Years,1618,786,832,802,403,399,437,202,235,21,7,14,31,15,16,327,159,168
GREGG COUNTY,183,27 Years,1817,916,901,943,486,457,473,238,235,24,13,11,46,24,22,331,155,176
GREGG COUNTY,183,28 Years,2024,1023,1001,1086,547,539,505,257,248,29,17,12,46,27,19,358,175,183
GREGG COUNTY,183,29 Years,1999,1000,999,1075,540,535,484,237,247,30,13,17,40,21,19,370,189,181
GREGG COUNTY,183,30 Years,1858,975,883,1051,551,500,393,209,184,32,17,15,37,21,16,345,177,168
GREGG COUNTY,183,31 Years,1857,942,915,1045,534,511,403,191,212,28,17,11,35,17,18,346,183,163
GREGG COUNTY,183,32 Years,1802,898,904,1016,500,516,381,181,200,28,15,13,33,16,17,344,186,158
GREGG COUNTY,183,33 Years,1687,850,837,965,470,495,356,171,185,21,10,11,32,20,12,313,179,134
GREGG COUNTY,183,34 Years,1660,844,816,939,462,477,344,163,181,28,16,12,32,21,11,317,182,135
GREGG COUNTY,183,35 Years,1667,827,840,934,448,486,335,166,169,21,11,10,38,21,17,339,181,158
GREGG COUNTY,183,36 Years,1717,868,849,960,485,475,369,175,194,17,11,6,31,17,14,340,180,160
GREGG COUNTY,183,37 Years,1694,838,856,919,464,455,367,167,200,22,11,11,25,16,9,361,180,181
GREGG COUNTY,183,38 Years,1654,788,866,924,450,474,349,148,201,23,11,12,24,15,9,334,164,170
GREGG COUNTY,183,39 Years,1618,799,819,882,435,447,347,161,186,30,14,16,27,12,15,332,177,155
GREGG COUNTY,183,40 Years,1510,754,756,813,418,395,334,155,179,27,13,14,26,10,16,310,158,152
GREGG COUNTY,183,41 Years,1515,749,766,825,402,423,345,164,181,24,11,13,20,11,9,301,161,140
GREGG COUNTY,183,42 Years,1492,743,749,809,408,401,323,157,166,21,8,13,22,8,14,317,162,155
GREGG COUNTY,183,43 Years,1409,679,730,789,399,390,274,103,171,16,9,7,25,9,16,305,159,146
GREGG COUNTY,183,44 Years,1384,681,703,773,388,385,258,106,152,17,7,10,27,13,14,309,167,142
GREGG COUNTY,183,45 Years,1393,680,713,779,382,397,279,125,154,22,9,13,23,10,13,290,154,136
GREGG COUNTY,183,46 Years,1337,639,698,741,351,390,288,126,162,24,14,10,19,8,11,265,140,125
GREGG COUNTY,183,47 Years,1393,658,735,780,357,423,305,137,168,19,13,6,23,9,14,266,142,124
GREGG COUNTY,183,48 Years,1529,729,800,854,395,459,341,167,174,28,11,17,24,9,15,282,147,135
GREGG COUNTY,183,49 Years,1547,745,802,912,439,473,322,147,175,24,11,13,21,9,12,268,139,129
GREGG COUNTY,183,50 Years,1440,672,768,882,399,483,293,133,160,14,7,7,19,9,10,232,124,108
GREGG COUNTY,183,51 Years,1339,645,694,779,372,407,292,137,155,18,9,9,20,9,11,230,118,112
GREGG COUNTY,183,52 Years,1338,663,675,780,385,395,281,134,147,20,10,10,23,9,14,234,125,109
GREGG COUNTY,183,53 Years,1352,667,685,811,389,422,261,126,135,22,10,12,21,12,9,237,130,107
GREGG COUNTY,183,54 Years,1473,725,748,916,444,472,283,131,152,16,6,10,19,8,11,239,136,103
GREGG COUNTY,183,55 Years,1514,729,785,951,455,496,278,128,150,17,6,11,19,8,11,249,132,117
GREGG COUNTY,183,56 Years,1511,739,772,937,447,490,290,132,158,29,13,16,25,13,12,230,134,96
GREGG COUNTY,183,57 Years,1611,760,851,1032,484,548,302,124,178,24,10,14,19,8,11,234,134,100
GREGG COUNTY,183,58 Years,1570,754,816,1006,472,534,294,128,166,28,13,15,21,12,9,221,129,92
GREGG COUNTY,183,59 Years,1603,758,845,1043,490,553,311,130,181,22,10,12,24,12,12,203,116,87
GREGG COUNTY,183,60 Years,1548,736,812,1038,480,558,292,134,158,19,6,13,28,13,15,171,103,68
GREGG COUNTY,183,61 Years,1611,776,835,1121,538,583,294,128,166,17,4,13,23,9,14,156,97,59
GREGG COUNTY,183,62 Years,1535,764,771,1085,536,549,286,134,152,13,7,6,23,7,16,128,80,48
GREGG COUNTY,183,63 Years,1471,714,757,1024,498,526,291,134,157,16,6,10,25,10,15,115,66,49
GREGG COUNTY,183,64 Years,1438,695,743,999,483,516,282,128,154,25,14,11,22,10,12,110,60,50
GREGG COUNTY,183,65 Years,1330,616,714,949,438,511,251,107,144,16,10,6,24,11,13,90,50,40
GREGG COUNTY,183,66 Years,1322,590,732,950,419,531,228,98,130,18,11,7,20,8,12,106,54,52
GREGG COUNTY,183,67 Years,1250,609,641,932,453,479,217,104,113,11,3,8,19,11,8,71,38,33
GREGG COUNTY,183,68 Years,1204,592,612,891,448,443,215,94,121,13,4,9,15,10,5,70,36,34
GREGG COUNTY,183,69 Years,1147,538,609,851,412,439,202,85,117,14,7,7,12,7,5,68,27,41
GREGG COUNTY,183,70 Years,1081,484,597,806,361,445,183,79,104,13,8,5,17,3,14,62,33,29
GREGG COUNTY,183,71 Years,1068,481,587,835,378,457,162,66,96,8,5,3,12,6,6,51,26,25
GREGG COUNTY,183,72 Years,1076,485,591,855,391,464,151,64,87,8,3,5,12,8,4,50,19,31
GREGG COUNTY,183,73 Years,878,408,470,690,315,375,127,61,66,5,1,4,13,8,5,43,23,20
GREGG COUNTY,183,74 Years,778,357,421,620,277,343,103,48,55,7,5,2,9,5,4,39,22,17
GREGG COUNTY,183,75 Years,807,359,448,664,294,370,93,39,54,7,4,3,11,6,5,32,16,16
GREGG COUNTY,183,76 Years,811,360,451,675,296,379,91,44,47,4,2,2,11,5,6,30,13,17
GREGG COUNTY,183,77 Years,682,297,385,550,239,311,92,42,50,6,3,3,10,4,6,24,9,15
GREGG COUNTY,183,78 Years,631,280,351,505,227,278,92,40,52,4,2,2,10,4,6,20,7,13
GREGG COUNTY,183,79 Years,581,244,337,481,202,279,73,29,44,3,1,2,6,4,2,18,8,10
GREGG COUNTY,183,80 Years,553,231,322,446,191,255,72,26,46,6,2,4,7,4,3,22,8,14
GREGG COUNTY,183,81 Years,503,206,297,417,169,248,59,25,34,2,1,1,4,2,2,21,9,12
GREGG COUNTY,183,82 Years,497,195,302,408,157,251,59,25,34,3,1,2,8,4,4,19,8,11
GREGG COUNTY,183,83 Years,465,188,277,386,152,234,53,23,30,4,2,2,6,3,3,16,8,8
GREGG COUNTY,183,84 Years,424,174,250,354,146,208,52,20,32,1,1,0,5,1,4,12,6,6
GREGG COUNTY,183,85 Years,362,147,215,300,123,177,45,17,28,0,0,0,5,1,4,12,6,6
GREGG COUNTY,183,86 Years,354,145,209,296,119,177,36,15,21,3,1,2,6,3,3,13,7,6
GREGG COUNTY,183,87 Years,324,118,206,269,97,172,36,10,26,2,1,1,5,3,2,12,7,5
GREGG COUNTY,183,88 Years,285,101,184,238,87,151,33,7,26,4,2,2,2,1,1,8,4,4
GREGG COUNTY,183,89 Years,254,88,166,213,73,140,28,9,19,1,1,0,3,1,2,9,4,5
GREGG COUNTY,183,90 Years,217,71,146,183,58,125,22,7,15,1,1,0,4,1,3,7,4,3
GREGG COUNTY,183,91 Years,178,60,118,143,48,95,21,4,17,1,0,1,3,1,2,10,7,3
GREGG COUNTY,183,92 Years,151,51,100,122,39,83,17,5,12,2,2,0,2,0,2,8,5,3
GREGG COUNTY,183,93 Years,125,36,89,103,31,72,14,3,11,1,0,1,2,0,2,5,2,3
GREGG COUNTY,183,94 Years,100,27,73,81,22,59,14,2,12,1,1,0,1,0,1,3,2,1
GREGG COUNTY,183,95 Years +,238,64,174,178,43,135,43,11,32,2,1,1,2,1,1,13,8,5
GRIMES COUNTY,185,All Ages,29466,16044,13422,16966,9009,7957,4482,2577,1905,62,33,29,719,371,348,7237,4054,3183
GRIMES COUNTY,185,< 1 Year,327,167,160,144,71,73,37,21,16,0,0,0,39,29,10,107,46,61
GRIMES COUNTY,185,1 Years,327,171,156,143,70,73,37,22,15,0,0,0,41,31,10,106,48,58
GRIMES COUNTY,185,2 Years,351,177,174,155,79,76,39,22,17,1,1,0,37,20,17,119,55,64
GRIMES COUNTY,185,3 Years,361,177,184,160,80,80,39,19,20,1,1,0,37,15,22,124,62,62
GRIMES COUNTY,185,4 Years,386,189,197,170,90,80,40,22,18,0,0,0,37,6,31,139,71,68
GRIMES COUNTY,185,5 Years,379,202,177,163,88,75,47,22,25,0,0,0,31,15,16,138,77,61
GRIMES COUNTY,185,6 Years,372,210,162,163,91,72,46,25,21,1,1,0,31,19,12,131,74,57
GRIMES COUNTY,185,7 Years,358,199,159,157,88,69,41,20,21,1,1,0,32,21,11,127,69,58
GRIMES COUNTY,185,8 Years,359,199,160,173,97,76,40,22,18,0,0,0,18,11,7,128,69,59
GRIMES COUNTY,185,9 Years,341,169,172,159,79,80,41,19,22,0,0,0,12,1,11,129,70,59
GRIMES COUNTY,185,10 Years,354,181,173,143,69,74,45,25,20,0,0,0,13,7,6,153,80,73
GRIMES COUNTY,185,11 Years,370,184,186,168,84,84,36,17,19,1,1,0,7,3,4,158,79,79
GRIMES COUNTY,185,12 Years,388,184,204,168,78,90,57,30,27,1,1,0,11,5,6,151,70,81
GRIMES COUNTY,185,13 Years,365,178,187,146,63,83,63,39,24,1,1,0,7,4,3,148,71,77
GRIMES COUNTY,185,14 Years,362,190,172,143,69,74,57,36,21,3,3,0,10,7,3,149,75,74
GRIMES COUNTY,185,15 Years,374,183,191,146,72,74,66,35,31,1,1,0,8,3,5,153,72,81
GRIMES COUNTY,185,16 Years,366,178,188,161,78,83,52,25,27,0,0,0,7,3,4,146,72,74
GRIMES COUNTY,185,17 Years,334,153,181,131,57,74,58,23,35,0,0,0,5,2,3,140,71,69
GRIMES COUNTY,185,18 Years,346,181,165,140,78,62,60,30,30,1,0,1,14,8,6,131,65,66
GRIMES COUNTY,185,19 Years,299,157,142,125,64,61,56,31,25,0,0,0,11,7,4,107,55,52
GRIMES COUNTY,185,20 Years,301,182,119,133,77,56,56,34,22,1,0,1,7,6,1,104,65,39
GRIMES COUNTY,185,21 Years,310,192,118,136,81,55,64,43,21,0,0,0,7,4,3,103,64,39
GRIMES COUNTY,185,22 Years,317,176,141,139,78,61,62,40,22,2,1,1,9,5,4,105,52,53
GRIMES COUNTY,185,23 Years,361,207,154,163,88,75,72,48,24,2,1,1,15,11,4,109,59,50
GRIMES COUNTY,185,24 Years,375,221,154,180,94,86,72,48,24,2,0,2,16,12,4,105,67,38
GRIMES COUNTY,185,25 Years,384,233,151,186,105,81,75,51,24,1,0,1,7,5,2,115,72,43
GRIMES COUNTY,185,26 Years,410,242,168,203,119,84,80,49,31,0,0,0,10,4,6,117,70,47
GRIMES COUNTY,185,27 Years,406,233,173,208,116,92,80,51,29,1,0,1,8,3,5,109,63,46
GRIMES COUNTY,185,28 Years,420,248,172,235,122,113,84,62,22,0,0,0,9,4,5,92,60,32
GRIMES COUNTY,185,29 Years,388,237,151,221,129,92,76,59,17,0,0,0,4,1,3,87,48,39
GRIMES COUNTY,185,30 Years,363,201,162,207,106,101,66,44,22,0,0,0,2,2,0,88,49,39
GRIMES COUNTY,185,31 Years,354,206,148,190,109,81,68,43,25,0,0,0,2,1,1,94,53,41
GRIMES COUNTY,185,32 Years,359,223,136,194,115,79,61,45,16,1,1,0,3,1,2,100,61,39
GRIMES COUNTY,185,33 Years,380,229,151,207,117,90,62,45,17,1,1,0,4,2,2,106,64,42
GRIMES COUNTY,185,34 Years,380,235,145,209,127,82,65,41,24,1,1,0,4,1,3,101,65,36
GRIMES COUNTY,185,35 Years,367,220,147,193,104,89,66,45,21,1,1,0,3,0,3,104,70,34
GRIMES COUNTY,185,36 Years,352,208,144,198,114,84,64,32,32,0,0,0,2,1,1,88,61,27
GRIMES COUNTY,185,37 Years,344,204,140,173,101,72,73,38,35,1,1,0,0,0,0,97,64,33
GRIMES COUNTY,185,38 Years,365,206,159,195,111,84,70,37,33,1,1,0,4,4,0,95,53,42
GRIMES COUNTY,185,39 Years,362,206,156,194,108,86,81,46,35,1,1,0,3,1,2,83,50,33
GRIMES COUNTY,185,40 Years,337,198,139,182,108,74,63,36,27,2,0,2,5,3,2,85,51,34
GRIMES COUNTY,185,41 Years,312,187,125,171,103,68,49,31,18,1,0,1,2,1,1,89,52,37
GRIMES COUNTY,185,42 Years,315,188,127,166,96,70,53,35,18,0,0,0,5,4,1,91,53,38
GRIMES COUNTY,185,43 Years,348,196,152,186,107,79,50,28,22,1,1,0,5,3,2,106,57,49
GRIMES COUNTY,185,44 Years,370,215,155,198,106,92,61,42,19,3,1,2,3,2,1,105,64,41
GRIMES COUNTY,185,45 Years,341,203,138,195,115,80,50,34,16,2,0,2,2,2,0,92,52,40
GRIMES COUNTY,185,46 Years,373,221,152,214,127,87,53,32,21,3,2,1,8,5,3,95,55,40
GRIMES COUNTY,185,47 Years,377,214,163,229,128,101,59,36,23,1,1,0,6,3,3,82,46,36
GRIMES COUNTY,185,48 Years,377,229,148,232,132,100,55,38,17,1,0,1,2,1,1,87,58,29
GRIMES COUNTY,185,49 Years,364,215,149,219,119,100,48,33,15,1,0,1,3,2,1,93,61,32
GRIMES COUNTY,185,50 Years,343,192,151,202,110,92,44,24,20,1,0,1,4,2,2,92,56,36
GRIMES COUNTY,185,51 Years,356,214,142,204,115,89,54,39,15,0,0,0,4,2,2,94,58,36
GRIMES COUNTY,185,52 Years,328,193,135,185,111,74,58,37,21,0,0,0,5,3,2,80,42,38
GRIMES COUNTY,185,53 Years,361,208,153,192,108,84,75,44,31,1,1,0,9,4,5,84,51,33
GRIMES COUNTY,185,54 Years,367,201,166,212,113,99,73,40,33,3,1,2,6,3,3,73,44,29
GRIMES COUNTY,185,55 Years,389,223,166,241,141,100,67,36,31,1,1,0,7,2,5,73,43,30
GRIMES COUNTY,185,56 Years,401,219,182,262,139,123,74,42,32,1,1,0,4,2,2,60,35,25
GRIMES COUNTY,185,57 Years,390,208,182,268,138,130,60,33,27,0,0,0,5,3,2,57,34,23
GRIMES COUNTY,185,58 Years,400,214,186,280,143,137,59,35,24,1,1,0,2,1,1,58,34,24
GRIMES COUNTY,185,59 Years,428,218,210,290,142,148,56,31,25,2,0,2,8,3,5,72,42,30
GRIMES COUNTY,185,60 Years,444,250,194,297,160,137,67,39,28,0,0,0,7,2,5,73,49,24
GRIMES COUNTY,185,61 Years,420,227,193,287,143,144,65,38,27,1,1,0,7,3,4,60,42,18
GRIMES COUNTY,185,62 Years,425,230,195,299,152,147,58,37,21,0,0,0,3,1,2,65,40,25
GRIMES COUNTY,185,63 Years,439,238,201,304,154,150,63,34,29,2,1,1,4,1,3,66,48,18
GRIMES COUNTY,185,64 Years,452,236,216,322,155,167,57,33,24,2,1,1,5,2,3,66,45,21
GRIMES COUNTY,185,65 Years,440,250,190,326,186,140,55,29,26,0,0,0,3,1,2,56,34,22
GRIMES COUNTY,185,66 Years,397,225,172,297,173,124,52,25,27,0,0,0,6,2,4,42,25,17
GRIMES COUNTY,185,67 Years,367,186,181,276,138,138,52,25,27,0,0,0,4,1,3,35,22,13
GRIMES COUNTY,185,68 Years,364,182,182,266,132,134,46,22,24,0,0,0,3,3,0,49,25,24
GRIMES COUNTY,185,69 Years,355,192,163,278,149,129,42,22,20,0,0,0,3,2,1,32,19,13
GRIMES COUNTY,185,70 Years,310,167,143,227,124,103,44,21,23,0,0,0,4,1,3,35,21,14
GRIMES COUNTY,185,71 Years,318,152,166,246,125,121,34,12,22,1,0,1,2,0,2,35,15,20
GRIMES COUNTY,185,72 Years,299,143,156,240,120,120,28,11,17,1,0,1,3,0,3,27,12,15
GRIMES COUNTY,185,73 Years,235,114,121,189,93,96,25,11,14,0,0,0,1,1,0,20,9,11
GRIMES COUNTY,185,74 Years,247,122,125,195,100,95,23,8,15,0,0,0,3,0,3,26,14,12
GRIMES COUNTY,185,75 Years,251,127,124,201,106,95,19,7,12,0,0,0,7,3,4,24,11,13
GRIMES COUNTY,185,76 Years,252,115,137,205,97,108,16,6,10,0,0,0,6,2,4,25,10,15
GRIMES COUNTY,185,77 Years,193,95,98,157,78,79,14,6,8,0,0,0,3,3,0,19,8,11
GRIMES COUNTY,185,78 Years,182,99,83,142,79,63,20,10,10,0,0,0,3,3,0,17,7,10
GRIMES COUNTY,185,79 Years,160,87,73,126,73,53,16,6,10,0,0,0,3,2,1,15,6,9
GRIMES COUNTY,185,80 Years,139,70,69,116,61,55,11,4,7,0,0,0,2,1,1,10,4,6
GRIMES COUNTY,185,81 Years,124,54,70,101,46,55,13,4,9,0,0,0,1,0,1,9,4,5
GRIMES COUNTY,185,82 Years,111,48,63,91,39,52,12,5,7,0,0,0,2,0,2,6,4,2
GRIMES COUNTY,185,83 Years,112,51,61,89,39,50,13,7,6,0,0,0,2,0,2,8,5,3
GRIMES COUNTY,185,84 Years,102,45,57,77,35,42,14,6,8,0,0,0,1,0,1,10,4,6
GRIMES COUNTY,185,85 Years,91,43,48,68,33,35,12,5,7,0,0,0,1,1,0,10,4,6
GRIMES COUNTY,185,86 Years,76,31,45,59,23,36,11,4,7,0,0,0,0,0,0,6,4,2
GRIMES COUNTY,185,87 Years,81,33,48,60,25,35,11,4,7,1,0,1,2,0,2,7,4,3
GRIMES COUNTY,185,88 Years,73,25,48,53,20,33,13,4,9,1,0,1,2,0,2,4,1,3
GRIMES COUNTY,185,89 Years,70,27,43,49,23,26,16,3,13,0,0,0,2,0,2,3,1,2
GRIMES COUNTY,185,90 Years,50,23,27,37,18,19,8,3,5,0,0,0,0,0,0,5,2,3
GRIMES COUNTY,185,91 Years,44,16,28,31,11,20,7,3,4,0,0,0,1,0,1,5,2,3
GRIMES COUNTY,185,92 Years,34,11,23,24,8,16,6,3,3,0,0,0,0,0,0,4,0,4
GRIMES COUNTY,185,93 Years,30,9,21,21,6,15,5,2,3,0,0,0,0,0,0,4,1,3
GRIMES COUNTY,185,94 Years,24,10,14,18,7,11,5,2,3,0,0,0,0,0,0,1,1,0
GRIMES COUNTY,185,95 Years +,61,17,44,42,11,31,14,4,10,0,0,0,1,0,1,4,2,2
GUADALUPE COUNTY,187,All Ages,166961,82707,84254,82715,41019,41696,13053,6864,6189,2381,791,1590,3868,1927,1941,64944,32106,32838
GUADALUPE COUNTY,187,< 1 Year,2085,1047,1038,897,463,434,109,51,58,15,6,9,94,46,48,970,481,489
GUADALUPE COUNTY,187,1 Years,2107,1057,1050,913,467,446,113,54,59,15,6,9,82,38,44,984,492,492
GUADALUPE COUNTY,187,2 Years,2163,1100,1063,940,478,462,121,59,62,12,7,5,82,42,40,1008,514,494
GUADALUPE COUNTY,187,3 Years,2234,1145,1089,979,501,478,126,65,61,14,8,6,78,38,40,1037,533,504
GUADALUPE COUNTY,187,4 Years,2309,1189,1120,1006,525,481,130,68,62,16,7,9,81,40,41,1076,549,527
GUADALUPE COUNTY,187,5 Years,2340,1213,1127,1027,538,489,134,72,62,20,11,9,78,39,39,1081,553,528
GUADALUPE COUNTY,187,6 Years,2351,1215,1136,1041,541,500,131,72,59,18,10,8,74,41,33,1087,551,536
GUADALUPE COUNTY,187,7 Years,2333,1202,1131,1037,531,506,129,72,57,20,11,9,70,39,31,1077,549,528
GUADALUPE COUNTY,187,8 Years,2370,1202,1168,1045,535,510,136,70,66,20,11,9,72,44,28,1097,542,555
GUADALUPE COUNTY,187,9 Years,2528,1355,1173,1084,600,484,150,92,58,17,6,11,83,46,37,1194,611,583
GUADALUPE COUNTY,187,10 Years,2306,1204,1102,960,512,448,141,76,65,14,7,7,77,28,49,1114,581,533
GUADALUPE COUNTY,187,11 Years,2323,1207,1116,989,519,470,138,77,61,19,11,8,83,44,39,1094,556,538
GUADALUPE COUNTY,187,12 Years,2326,1192,1134,1007,522,485,152,76,76,21,9,12,64,33,31,1082,552,530
GUADALUPE COUNTY,187,13 Years,2330,1199,1131,982,531,451,135,66,69,21,10,11,84,45,39,1108,547,561
GUADALUPE COUNTY,187,14 Years,2386,1226,1160,1011,525,486,134,84,50,35,13,22,86,50,36,1120,554,566
GUADALUPE COUNTY,187,15 Years,2314,1178,1136,993,519,474,155,94,61,34,10,24,68,37,31,1064,518,546
GUADALUPE COUNTY,187,16 Years,2320,1161,1159,979,489,490,169,95,74,32,8,24,70,41,29,1070,528,542
GUADALUPE COUNTY,187,17 Years,2313,1166,1147,967,488,479,199,110,89,25,13,12,72,41,31,1050,514,536
GUADALUPE COUNTY,187,18 Years,2265,1139,1126,889,449,440,181,96,85,23,12,11,86,46,40,1086,536,550
GUADALUPE COUNTY,187,19 Years,2046,1030,1016,741,380,361,181,97,84,28,9,19,84,47,37,1012,497,515
GUADALUPE COUNTY,187,20 Years,1979,1021,958,728,393,335,202,104,98,17,7,10,83,39,44,949,478,471
GUADALUPE COUNTY,187,21 Years,2026,1078,948,736,399,337,197,114,83,37,20,17,79,35,44,977,510,467
GUADALUPE COUNTY,187,22 Years,2033,1054,979,723,390,333,208,109,99,36,23,13,82,39,43,984,493,491
GUADALUPE COUNTY,187,23 Years,2137,1106,1031,790,408,382,237,118,119,31,23,8,94,41,53,985,516,469
GUADALUPE COUNTY,187,24 Years,2262,1169,1093,854,434,420,239,126,113,32,15,17,87,44,43,1050,550,500
GUADALUPE COUNTY,187,25 Years,2332,1235,1097,913,488,425,265,147,118,18,9,9,78,38,40,1058,553,505
GUADALUPE COUNTY,187,26 Years,2429,1258,1171,961,502,459,273,135,138,34,18,16,91,47,44,1070,556,514
GUADALUPE COUNTY,187,27 Years,2497,1226,1271,1048,515,533,231,118,113,37,15,22,102,45,57,1079,533,546
GUADALUPE COUNTY,187,28 Years,2606,1330,1276,1144,575,569,243,128,115,33,8,25,80,44,36,1106,575,531
GUADALUPE COUNTY,187,29 Years,2458,1292,1166,1107,570,537,208,120,88,24,10,14,71,37,34,1048,555,493
GUADALUPE COUNTY,187,30 Years,2519,1320,1199,1183,584,599,192,117,75,21,9,12,63,33,30,1060,577,483
GUADALUPE COUNTY,187,31 Years,2386,1187,1199,1104,526,578,172,101,71,18,9,9,44,22,22,1048,529,519
GUADALUPE COUNTY,187,32 Years,2236,1179,1057,1036,533,503,158,91,67,11,5,6,43,24,19,988,526,462
GUADALUPE COUNTY,187,33 Years,2265,1194,1071,1051,544,507,131,76,55,11,6,5,27,18,9,1045,550,495
GUADALUPE COUNTY,187,34 Years,2261,1165,1096,1085,548,537,127,66,61,15,5,10,29,13,16,1005,533,472
GUADALUPE COUNTY,187,35 Years,2210,1095,1115,1062,519,543,128,62,66,22,10,12,29,13,16,969,491,478
GUADALUPE COUNTY,187,36 Years,2345,1186,1159,1115,581,534,140,76,64,29,8,21,31,12,19,1030,509,521
GUADALUPE COUNTY,187,37 Years,2312,1159,1153,1138,582,556,127,67,60,22,7,15,30,15,15,995,488,507
GUADALUPE COUNTY,187,38 Years,2255,1104,1151,1115,556,559,132,77,55,27,6,21,24,9,15,957,456,501
GUADALUPE COUNTY,187,39 Years,2245,1103,1142,1084,539,545,132,79,53,34,8,26,32,12,20,963,465,498
GUADALUPE COUNTY,187,40 Years,2156,1055,1101,1036,522,514,142,63,79,34,8,26,32,15,17,912,447,465
GUADALUPE COUNTY,187,41 Years,2113,990,1123,1038,505,533,139,58,81,33,8,25,34,14,20,869,405,464
GUADALUPE COUNTY,187,42 Years,2035,983,1052,985,488,497,133,62,71,35,11,24,42,21,21,840,401,439
GUADALUPE COUNTY,187,43 Years,2045,1009,1036,995,501,494,134,69,65,36,11,25,37,15,22,843,413,430
GUADALUPE COUNTY,187,44 Years,2118,1010,1108,1066,528,538,147,69,78,38,10,28,41,17,24,826,386,440
GUADALUPE COUNTY,187,45 Years,1957,962,995,961,487,474,149,78,71,36,9,27,34,17,17,777,371,406
GUADALUPE COUNTY,187,46 Years,2004,993,1011,975,497,478,149,87,62,41,9,32,31,13,18,808,387,421
GUADALUPE COUNTY,187,47 Years,2130,1010,1120,1103,567,536,168,79,89,42,8,34,31,14,17,786,342,444
GUADALUPE COUNTY,187,48 Years,2179,1071,1108,1130,561,569,193,105,88,41,12,29,33,14,19,782,379,403
GUADALUPE COUNTY,187,49 Years,2188,1082,1106,1106,553,553,211,105,106,55,20,35,35,20,15,781,384,397
GUADALUPE COUNTY,187,50 Years,2107,1027,1080,1093,548,545,176,80,96,60,26,34,34,17,17,744,356,388
GUADALUPE COUNTY,187,51 Years,2088,1024,1064,1090,531,559,218,116,102,49,15,34,31,13,18,700,349,351
GUADALUPE COUNTY,187,52 Years,2089,1035,1054,1088,537,551,231,131,100,26,10,16,35,21,14,709,336,373
GUADALUPE COUNTY,187,53 Years,2081,1019,1062,1075,520,555,244,128,116,47,23,24,33,22,11,682,326,356
GUADALUPE COUNTY,187,54 Years,2186,1055,1131,1156,574,582,250,127,123,49,14,35,27,12,15,704,328,376
GUADALUPE COUNTY,187,55 Years,2147,1032,1115,1179,573,606,252,124,128,46,10,36,32,15,17,638,310,328
GUADALUPE COUNTY,187,56 Years,2152,1017,1135,1180,577,603,238,120,118,37,6,31,40,23,17,657,291,366
GUADALUPE COUNTY,187,57 Years,2157,1036,1121,1182,569,613,252,135,117,53,21,32,39,15,24,631,296,335
GUADALUPE COUNTY,187,58 Years,2085,1019,1066,1178,584,594,240,126,114,60,24,36,41,21,20,566,264,302
GUADALUPE COUNTY,187,59 Years,2113,1024,1089,1206,603,603,182,93,89,42,10,32,29,15,14,654,303,351
GUADALUPE COUNTY,187,60 Years,1960,950,1010,1147,561,586,186,98,88,39,11,28,26,13,13,562,267,295
GUADALUPE COUNTY,187,61 Years,1877,896,981,1091,529,562,195,93,102,40,9,31,31,14,17,520,251,269
GUADALUPE COUNTY,187,62 Years,1792,846,946,1086,531,555,181,78,103,42,6,36,28,10,18,455,221,234
GUADALUPE COUNTY,187,63 Years,1835,899,936,1124,543,581,182,109,73,31,4,27,23,11,12,475,232,243
GUADALUPE COUNTY,187,64 Years,1811,857,954,1110,508,602,167,96,71,46,10,36,21,11,10,467,232,235
GUADALUPE COUNTY,187,65 Years,1689,805,884,1041,484,557,145,79,66,37,9,28,28,16,12,438,217,221
GUADALUPE COUNTY,187,66 Years,1626,771,855,1008,488,520,138,72,66,29,5,24,26,11,15,425,195,230
GUADALUPE COUNTY,187,67 Years,1571,762,809,965,451,514,119,74,45,35,7,28,21,9,12,431,221,210
GUADALUPE COUNTY,187,68 Years,1465,690,775,923,433,490,101,60,41,37,6,31,17,5,12,387,186,201
GUADALUPE COUNTY,187,69 Years,1486,693,793,961,461,500,99,55,44,32,4,28,16,6,10,378,167,211
GUADALUPE COUNTY,187,70 Years,1457,674,783,954,440,514,112,57,55,20,6,14,15,8,7,356,163,193
GUADALUPE COUNTY,187,71 Years,1415,672,743,940,451,489,102,55,47,26,4,22,14,7,7,333,155,178
GUADALUPE COUNTY,187,72 Years,1393,659,734,945,449,496,83,39,44,23,1,22,15,8,7,327,162,165
GUADALUPE COUNTY,187,73 Years,1182,574,608,756,369,387,79,37,42,14,1,13,14,7,7,319,160,159
GUADALUPE COUNTY,187,74 Years,1053,484,569,680,318,362,71,32,39,6,1,5,13,6,7,283,127,156
GUADALUPE COUNTY,187,75 Years,1053,500,553,711,340,371,71,34,37,8,2,6,13,6,7,250,118,132
GUADALUPE COUNTY,187,76 Years,997,456,541,689,327,362,76,35,41,11,3,8,11,8,3,210,83,127
GUADALUPE COUNTY,187,77 Years,884,400,484,601,282,319,69,27,42,11,3,8,11,6,5,192,82,110
GUADALUPE COUNTY,187,78 Years,775,362,413,521,252,269,65,27,38,12,1,11,8,3,5,169,79,90
GUADALUPE COUNTY,187,79 Years,663,300,363,436,195,241,54,30,24,14,6,8,10,3,7,149,66,83
GUADALUPE COUNTY,187,80 Years,623,274,349,452,199,253,37,18,19,13,5,8,3,1,2,118,51,67
GUADALUPE COUNTY,187,81 Years,563,237,326,398,166,232,32,17,15,8,2,6,5,3,2,120,49,71
GUADALUPE COUNTY,187,82 Years,553,233,320,375,156,219,41,25,16,8,3,5,8,3,5,121,46,75
GUADALUPE COUNTY,187,83 Years,537,221,316,366,156,210,36,18,18,7,1,6,7,2,5,121,44,77
GUADALUPE COUNTY,187,84 Years,473,193,280,326,131,195,31,13,18,7,2,5,5,2,3,104,45,59
GUADALUPE COUNTY,187,85 Years,421,166,255,296,112,184,24,13,11,6,1,5,4,2,2,91,38,53
GUADALUPE COUNTY,187,86 Years,367,149,218,257,100,157,20,11,9,7,2,5,2,1,1,81,35,46
GUADALUPE COUNTY,187,87 Years,320,131,189,232,98,134,14,6,8,5,2,3,3,1,2,66,24,42
GUADALUPE COUNTY,187,88 Years,285,125,160,210,93,117,12,6,6,4,1,3,1,1,0,58,24,34
GUADALUPE COUNTY,187,89 Years,245,96,149,177,71,106,9,3,6,2,1,1,3,1,2,54,20,34
GUADALUPE COUNTY,187,90 Years,212,78,134,152,54,98,10,3,7,2,0,2,1,1,0,47,20,27
GUADALUPE COUNTY,187,91 Years,165,53,112,115,38,77,10,2,8,2,0,2,1,0,1,37,13,24
GUADALUPE COUNTY,187,92 Years,129,40,89,92,28,64,6,2,4,3,0,3,1,0,1,27,10,17
GUADALUPE COUNTY,187,93 Years,110,35,75,77,24,53,5,2,3,3,0,3,1,0,1,24,9,15
GUADALUPE COUNTY,187,94 Years,93,26,67,69,18,51,3,1,2,0,0,0,2,1,1,19,6,13
GUADALUPE COUNTY,187,95 Years +,209,59,150,146,39,107,14,5,9,3,1,2,2,1,1,44,13,31
HALE COUNTY,189,All Ages,33165,17214,15951,10976,5624,5352,1822,1106,716,159,86,73,541,263,278,19667,10135,9532
HALE COUNTY,189,< 1 Year,493,248,245,100,49,51,17,8,9,1,0,1,9,2,7,366,189,177
HALE COUNTY,189,1 Years,480,240,240,94,46,48,15,7,8,2,1,1,11,4,7,358,182,176
HALE COUNTY,189,2 Years,474,231,243,94,45,49,13,4,9,3,1,2,12,5,7,352,176,176
HALE COUNTY,189,3 Years,486,243,243,102,49,53,14,5,9,4,2,2,18,11,7,348,176,172
HALE COUNTY,189,4 Years,490,246,244,110,57,53,15,4,11,6,2,4,19,10,9,340,173,167
HALE COUNTY,189,5 Years,515,256,259,120,60,60,17,6,11,6,3,3,16,9,7,356,178,178
HALE COUNTY,189,6 Years,521,253,268,115,59,56,20,10,10,3,1,2,12,5,7,371,178,193
HALE COUNTY,189,7 Years,541,270,271,113,56,57,22,12,10,3,2,1,12,8,4,391,192,199
HALE COUNTY,189,8 Years,562,289,273,115,61,54,23,12,11,2,1,1,16,8,8,406,207,199
HALE COUNTY,189,9 Years,557,252,305,109,54,55,26,9,17,0,0,0,14,8,6,408,181,227
HALE COUNTY,189,10 Years,506,258,248,109,55,54,30,18,12,1,1,0,9,4,5,357,180,177
HALE COUNTY,189,11 Years,502,259,243,102,51,51,27,16,11,3,2,1,10,5,5,360,185,175
HALE COUNTY,189,12 Years,493,253,240,101,56,45,26,15,11,2,2,0,8,3,5,356,177,179
HALE COUNTY,189,13 Years,488,253,235,112,61,51,20,13,7,0,0,0,12,3,9,344,176,168
HALE COUNTY,189,14 Years,483,251,232,117,64,53,17,8,9,0,0,0,6,2,4,343,177,166
HALE COUNTY,189,15 Years,508,250,258,114,53,61,20,8,12,1,0,1,6,3,3,367,186,181
HALE COUNTY,189,16 Years,478,257,221,113,63,50,24,9,15,1,1,0,8,4,4,332,180,152
HALE COUNTY,189,17 Years,498,251,247,136,74,62,21,9,12,1,1,0,12,5,7,328,162,166
HALE COUNTY,189,18 Years,497,261,236,145,82,63,23,17,6,2,0,2,12,7,5,315,155,160
HALE COUNTY,189,19 Years,488,284,204,133,77,56,26,21,5,3,2,1,11,6,5,315,178,137
HALE COUNTY,189,20 Years,495,299,196,138,86,52,29,23,6,1,1,0,11,8,3,316,181,135
HALE COUNTY,189,21 Years,493,300,193,140,90,50,33,25,8,1,1,0,9,6,3,310,178,132
HALE COUNTY,189,22 Years,470,282,188,141,85,56,33,23,10,2,2,0,8,5,3,286,167,119
HALE COUNTY,189,23 Years,496,288,208,141,84,57,31,23,8,2,1,1,10,8,2,312,172,140
HALE COUNTY,189,24 Years,462,273,189,133,83,50,29,21,8,2,1,1,11,8,3,287,160,127
HALE COUNTY,189,25 Years,487,293,194,138,87,51,36,23,13,2,2,0,9,7,2,302,174,128
HALE COUNTY,189,26 Years,496,282,214,139,85,54,35,22,13,1,1,0,11,3,8,310,171,139
HALE COUNTY,189,27 Years,528,304,224,151,88,63,39,25,14,0,0,0,15,8,7,323,183,140
HALE COUNTY,189,28 Years,565,323,242,182,100,82,47,34,13,1,1,0,12,5,7,323,183,140
HALE COUNTY,189,29 Years,529,292,237,188,103,85,44,29,15,2,1,1,10,5,5,285,154,131
HALE COUNTY,189,30 Years,509,287,222,187,110,77,39,28,11,3,3,0,4,0,4,276,146,130
HALE COUNTY,189,31 Years,517,286,231,178,102,76,39,29,10,4,3,1,7,3,4,289,149,140
HALE COUNTY,189,32 Years,483,264,219,158,84,74,36,24,12,4,3,1,8,3,5,277,150,127
HALE COUNTY,189,33 Years,459,255,204,141,79,62,33,21,12,2,1,1,5,1,4,278,153,125
HALE COUNTY,189,34 Years,424,235,189,127,72,55,32,23,9,2,1,1,1,1,0,262,138,124
HALE COUNTY,189,35 Years,395,227,168,107,61,46,30,24,6,1,1,0,1,1,0,256,140,116
HALE COUNTY,189,36 Years,415,228,187,118,59,59,26,21,5,1,0,1,4,3,1,266,145,121
HALE COUNTY,189,37 Years,434,239,195,121,63,58,24,20,4,3,1,2,6,3,3,280,152,128
HALE COUNTY,189,38 Years,421,227,194,121,60,61,25,22,3,2,1,1,4,2,2,269,142,127
HALE COUNTY,189,39 Years,429,234,195,142,75,67,29,21,8,2,1,1,3,2,1,253,135,118
HALE COUNTY,189,40 Years,400,220,180,125,70,55,26,18,8,2,2,0,4,0,4,243,130,113
HALE COUNTY,189,41 Years,368,193,175,107,56,51,22,14,8,3,2,1,2,1,1,234,120,114
HALE COUNTY,189,42 Years,345,187,158,102,52,50,23,16,7,5,3,2,2,2,0,213,114,99
HALE COUNTY,189,43 Years,344,183,161,102,53,49,24,16,8,3,1,2,1,0,1,214,113,101
HALE COUNTY,189,44 Years,344,179,165,94,47,47,32,23,9,1,0,1,4,2,2,213,107,106
HALE COUNTY,189,45 Years,350,173,177,99,48,51,23,17,6,3,1,2,3,2,1,222,105,117
HALE COUNTY,189,46 Years,364,193,171,109,59,50,28,18,10,4,2,2,4,4,0,219,110,109
HALE COUNTY,189,47 Years,385,202,183,116,60,56,21,14,7,7,3,4,5,3,2,236,122,114
HALE COUNTY,189,48 Years,377,189,188,124,64,60,22,16,6,3,1,2,4,1,3,224,107,117
HALE COUNTY,189,49 Years,363,198,165,139,80,59,19,10,9,3,1,2,5,1,4,197,106,91
HALE COUNTY,189,50 Years,339,175,164,128,70,58,16,6,10,3,2,1,4,1,3,188,96,92
HALE COUNTY,189,51 Years,361,177,184,128,65,63,22,13,9,1,0,1,5,2,3,205,97,108
HALE COUNTY,189,52 Years,353,182,171,127,67,60,17,10,7,1,0,1,5,1,4,203,104,99
HALE COUNTY,189,53 Years,354,188,166,122,62,60,20,15,5,1,1,0,4,0,4,207,110,97
HALE COUNTY,189,54 Years,375,190,185,137,67,70,20,12,8,1,1,0,4,1,3,213,109,104
HALE COUNTY,189,55 Years,365,176,189,143,68,75,15,11,4,2,0,2,4,2,2,201,95,106
HALE COUNTY,189,56 Years,373,188,185,147,76,71,18,10,8,1,1,0,5,1,4,202,100,102
HALE COUNTY,189,57 Years,370,183,187,148,72,76,18,8,10,2,2,0,4,1,3,198,100,98
HALE COUNTY,189,58 Years,351,185,166,144,75,69,18,10,8,1,1,0,3,0,3,185,99,86
HALE COUNTY,189,59 Years,373,190,183,152,80,72,18,8,10,2,1,1,3,1,2,198,100,98
HALE COUNTY,189,60 Years,344,172,172,158,73,85,18,9,9,3,1,2,4,3,1,161,86,75
HALE COUNTY,189,61 Years,349,166,183,158,71,87,17,8,9,2,1,1,3,2,1,169,84,85
HALE COUNTY,189,62 Years,349,160,189,154,70,84,18,10,8,1,0,1,3,0,3,173,80,93
HALE COUNTY,189,63 Years,343,159,184,153,69,84,18,9,9,0,0,0,2,0,2,170,81,89
HALE COUNTY,189,64 Years,330,171,159,152,77,75,17,9,8,1,1,0,5,2,3,155,82,73
HALE COUNTY,189,65 Years,319,163,156,155,78,77,16,8,8,0,0,0,4,2,2,144,75,69
HALE COUNTY,189,66 Years,302,144,158,148,70,78,11,8,3,0,0,0,3,1,2,140,65,75
HALE COUNTY,189,67 Years,257,127,130,137,62,75,15,8,7,0,0,0,2,1,1,103,56,47
HALE COUNTY,189,68 Years,247,131,116,126,64,62,8,4,4,2,1,1,3,2,1,108,60,48
HALE COUNTY,189,69 Years,260,123,137,129,58,71,7,3,4,2,1,1,3,2,1,119,59,60
HALE COUNTY,189,70 Years,267,123,144,139,65,74,11,4,7,1,1,0,2,1,1,114,52,62
HALE COUNTY,189,71 Years,247,116,131,124,57,67,14,6,8,0,0,0,3,1,2,106,52,54
HALE COUNTY,189,72 Years,219,103,116,116,54,62,13,6,7,0,0,0,6,3,3,84,40,44
HALE COUNTY,189,73 Years,193,84,109,100,40,60,9,5,4,2,2,0,3,2,1,79,35,44
HALE COUNTY,189,74 Years,184,81,103,90,42,48,10,4,6,2,1,1,5,2,3,77,32,45
HALE COUNTY,189,75 Years,195,89,106,115,54,61,5,0,5,1,0,1,7,3,4,67,32,35
HALE COUNTY,189,76 Years,184,87,97,108,54,54,5,3,2,1,0,1,4,3,1,66,27,39
HALE COUNTY,189,77 Years,189,87,102,109,53,56,14,7,7,1,1,0,2,1,1,63,25,38
HALE COUNTY,189,78 Years,155,71,84,98,44,54,7,4,3,1,1,0,2,1,1,47,21,26
HALE COUNTY,189,79 Years,145,60,85,81,34,47,6,1,5,1,0,1,1,1,0,56,24,32
HALE COUNTY,189,80 Years,134,57,77,77,31,46,5,2,3,0,0,0,1,0,1,51,24,27
HALE COUNTY,189,81 Years,145,58,87,84,33,51,6,2,4,0,0,0,2,0,2,53,23,30
HALE COUNTY,189,82 Years,115,51,64,65,28,37,5,3,2,1,0,1,3,1,2,41,19,22
HALE COUNTY,189,83 Years,99,46,53,66,32,34,3,2,1,1,1,0,1,0,1,28,11,17
HALE COUNTY,189,84 Years,112,53,59,69,31,38,4,2,2,0,0,0,1,1,0,38,19,19
HALE COUNTY,189,85 Years,99,42,57,63,26,37,6,2,4,0,0,0,1,1,0,29,13,16
HALE COUNTY,189,86 Years,97,37,60,64,24,40,3,1,2,0,0,0,2,2,0,28,10,18
HALE COUNTY,189,87 Years,86,37,49,58,24,34,4,2,2,1,0,1,1,1,0,22,10,12
HALE COUNTY,189,88 Years,65,25,40,44,17,27,5,2,3,1,0,1,1,1,0,14,5,9
HALE COUNTY,189,89 Years,60,26,34,36,15,21,6,3,3,0,0,0,1,1,0,17,7,10
HALE COUNTY,189,90 Years,59,23,36,37,14,23,7,3,4,0,0,0,1,1,0,14,5,9
HALE COUNTY,189,91 Years,42,15,27,30,10,20,2,1,1,0,0,0,0,0,0,10,4,6
HALE COUNTY,189,92 Years,33,12,21,25,9,16,3,1,2,0,0,0,0,0,0,5,2,3
HALE COUNTY,189,93 Years,30,11,19,20,7,13,5,2,3,0,0,0,0,0,0,5,2,3
HALE COUNTY,189,94 Years,26,9,17,16,6,10,3,1,2,2,0,2,0,0,0,5,2,3
HALE COUNTY,189,95 Years +,64,21,43,34,9,25,9,4,5,1,1,0,2,1,1,18,6,12
HALL COUNTY,191,All Ages,3017,1512,1505,1611,797,814,273,151,122,0,0,0,32,9,23,1101,555,546
HALL COUNTY,191,< 1 Year,35,16,19,9,2,7,8,4,4,0,0,0,0,0,0,18,10,8
HALL COUNTY,191,1 Years,29,14,15,9,4,5,5,2,3,0,0,0,0,0,0,15,8,7
HALL COUNTY,191,2 Years,32,17,15,7,4,3,7,4,3,0,0,0,0,0,0,18,9,9
HALL COUNTY,191,3 Years,30,14,16,8,4,4,7,4,3,0,0,0,0,0,0,15,6,9
HALL COUNTY,191,4 Years,35,20,15,11,6,5,5,4,1,0,0,0,0,0,0,19,10,9
HALL COUNTY,191,5 Years,38,20,18,9,5,4,9,5,4,0,0,0,0,0,0,20,10,10
HALL COUNTY,191,6 Years,44,22,22,9,4,5,8,6,2,0,0,0,0,0,0,27,12,15
HALL COUNTY,191,7 Years,48,19,29,11,7,4,6,2,4,0,0,0,3,1,2,28,9,19
HALL COUNTY,191,8 Years,47,21,26,11,6,5,5,2,3,0,0,0,2,1,1,29,12,17
HALL COUNTY,191,9 Years,53,26,27,12,7,5,5,4,1,0,0,0,0,0,0,36,15,21
HALL COUNTY,191,10 Years,45,20,25,16,5,11,1,1,0,0,0,0,0,0,0,28,14,14
HALL COUNTY,191,11 Years,36,18,18,12,5,7,3,2,1,0,0,0,0,0,0,21,11,10
HALL COUNTY,191,12 Years,36,20,16,11,5,6,6,4,2,0,0,0,0,0,0,19,11,8
HALL COUNTY,191,13 Years,39,20,19,14,5,9,5,2,3,0,0,0,0,0,0,20,13,7
HALL COUNTY,191,14 Years,37,24,13,14,8,6,4,2,2,0,0,0,0,0,0,19,14,5
HALL COUNTY,191,15 Years,34,19,15,18,11,7,3,1,2,0,0,0,0,0,0,13,7,6
HALL COUNTY,191,16 Years,41,26,15,15,10,5,4,2,2,0,0,0,1,0,1,21,14,7
HALL COUNTY,191,17 Years,42,23,19,18,10,8,3,1,2,0,0,0,1,0,1,20,12,8
HALL COUNTY,191,18 Years,43,23,20,19,10,9,3,2,1,0,0,0,0,0,0,21,11,10
HALL COUNTY,191,19 Years,32,15,17,14,6,8,4,2,2,0,0,0,0,0,0,14,7,7
HALL COUNTY,191,20 Years,38,20,18,20,10,10,6,3,3,0,0,0,0,0,0,12,7,5
HALL COUNTY,191,21 Years,36,19,17,20,11,9,4,2,2,0,0,0,0,0,0,12,6,6
HALL COUNTY,191,22 Years,42,20,22,23,10,13,3,1,2,0,0,0,0,0,0,16,9,7
HALL COUNTY,191,23 Years,47,22,25,30,15,15,2,1,1,0,0,0,0,0,0,15,6,9
HALL COUNTY,191,24 Years,36,18,18,18,8,10,4,4,0,0,0,0,0,0,0,14,6,8
HALL COUNTY,191,25 Years,44,26,18,22,13,9,5,4,1,0,0,0,1,1,0,16,8,8
HALL COUNTY,191,26 Years,40,18,22,22,10,12,3,2,1,0,0,0,0,0,0,15,6,9
HALL COUNTY,191,27 Years,42,22,20,18,9,9,5,4,1,0,0,0,1,0,1,18,9,9
HALL COUNTY,191,28 Years,44,29,15,16,10,6,3,2,1,0,0,0,0,0,0,25,17,8
HALL COUNTY,191,29 Years,29,15,14,10,5,5,2,0,2,0,0,0,0,0,0,17,10,7
HALL COUNTY,191,30 Years,25,13,12,11,4,7,2,2,0,0,0,0,0,0,0,12,7,5
HALL COUNTY,191,31 Years,28,13,15,9,3,6,3,2,1,0,0,0,1,0,1,15,8,7
HALL COUNTY,191,32 Years,26,16,10,8,5,3,2,1,1,0,0,0,0,0,0,16,10,6
HALL COUNTY,191,33 Years,21,11,10,6,3,3,2,1,1,0,0,0,0,0,0,13,7,6
HALL COUNTY,191,34 Years,26,10,16,8,4,4,4,1,3,0,0,0,1,0,1,13,5,8
HALL COUNTY,191,35 Years,28,15,13,7,4,3,3,2,1,0,0,0,0,0,0,18,9,9
HALL COUNTY,191,36 Years,32,15,17,19,9,10,1,0,1,0,0,0,1,0,1,11,6,5
HALL COUNTY,191,37 Years,23,10,13,17,9,8,1,0,1,0,0,0,1,0,1,4,1,3
HALL COUNTY,191,38 Years,24,8,16,11,5,6,1,0,1,0,0,0,0,0,0,12,3,9
HALL COUNTY,191,39 Years,24,9,15,11,6,5,1,0,1,0,0,0,0,0,0,12,3,9
HALL COUNTY,191,40 Years,27,12,15,14,8,6,0,0,0,0,0,0,1,0,1,12,4,8
HALL COUNTY,191,41 Years,28,13,15,18,8,10,1,1,0,0,0,0,1,0,1,8,4,4
HALL COUNTY,191,42 Years,31,13,18,19,6,13,4,3,1,0,0,0,1,0,1,7,4,3
HALL COUNTY,191,43 Years,24,10,14,12,6,6,1,0,1,0,0,0,0,0,0,11,4,7
HALL COUNTY,191,44 Years,30,11,19,18,7,11,1,0,1,0,0,0,0,0,0,11,4,7
HALL COUNTY,191,45 Years,25,11,14,14,7,7,1,0,1,0,0,0,0,0,0,10,4,6
HALL COUNTY,191,46 Years,24,12,12,12,6,6,1,0,1,0,0,0,0,0,0,11,6,5
HALL COUNTY,191,47 Years,32,13,19,16,8,8,2,1,1,0,0,0,0,0,0,14,4,10
HALL COUNTY,191,48 Years,32,11,21,18,7,11,1,0,1,0,0,0,0,0,0,13,4,9
HALL COUNTY,191,49 Years,26,12,14,19,8,11,1,1,0,0,0,0,0,0,0,6,3,3
HALL COUNTY,191,50 Years,33,18,15,18,10,8,4,2,2,0,0,0,0,0,0,11,6,5
HALL COUNTY,191,51 Years,29,17,12,15,9,6,5,2,3,0,0,0,0,0,0,9,6,3
HALL COUNTY,191,52 Years,29,16,13,17,11,6,2,1,1,0,0,0,0,0,0,10,4,6
HALL COUNTY,191,53 Years,31,17,14,18,11,7,2,1,1,0,0,0,0,0,0,11,5,6
HALL COUNTY,191,54 Years,34,20,14,21,13,8,1,0,1,0,0,0,0,0,0,12,7,5
HALL COUNTY,191,55 Years,36,21,15,22,11,11,1,1,0,0,0,0,1,0,1,12,9,3
HALL COUNTY,191,56 Years,43,24,19,25,12,13,4,1,3,0,0,0,2,2,0,12,9,3
HALL COUNTY,191,57 Years,43,23,20,26,13,13,3,2,1,0,0,0,1,0,1,13,8,5
HALL COUNTY,191,58 Years,38,20,18,26,14,12,4,2,2,0,0,0,0,0,0,8,4,4
HALL COUNTY,191,59 Years,40,18,22,26,12,14,4,2,2,0,0,0,0,0,0,10,4,6
HALL COUNTY,191,60 Years,50,27,23,27,12,15,4,3,1,0,0,0,0,0,0,19,12,7
HALL COUNTY,191,61 Years,39,21,18,25,11,14,3,2,1,0,0,0,0,0,0,11,8,3
HALL COUNTY,191,62 Years,29,13,16,20,8,12,1,0,1,0,0,0,0,0,0,8,5,3
HALL COUNTY,191,63 Years,46,22,24,32,15,17,2,2,0,0,0,0,0,0,0,12,5,7
HALL COUNTY,191,64 Years,42,20,22,28,14,14,3,2,1,0,0,0,0,0,0,11,4,7
HALL COUNTY,191,65 Years,39,20,19,28,14,14,2,2,0,0,0,0,1,1,0,8,3,5
HALL COUNTY,191,66 Years,30,15,15,22,11,11,1,0,1,0,0,0,1,0,1,6,4,2
HALL COUNTY,191,67 Years,39,13,26,24,10,14,4,1,3,0,0,0,1,0,1,10,2,8
HALL COUNTY,191,68 Years,40,17,23,27,13,14,5,2,3,0,0,0,0,0,0,8,2,6
HALL COUNTY,191,69 Years,36,17,19,30,14,16,1,0,1,0,0,0,0,0,0,5,3,2
HALL COUNTY,191,70 Years,35,15,20,25,9,16,4,3,1,0,0,0,0,0,0,6,3,3
HALL COUNTY,191,71 Years,35,19,16,27,14,13,3,1,2,0,0,0,0,0,0,5,4,1
HALL COUNTY,191,72 Years,43,22,21,31,17,14,3,1,2,0,0,0,0,0,0,9,4,5
HALL COUNTY,191,73 Years,36,20,16,30,16,14,1,1,0,0,0,0,0,0,0,5,3,2
HALL COUNTY,191,74 Years,42,26,16,29,16,13,5,5,0,0,0,0,0,0,0,8,5,3
HALL COUNTY,191,75 Years,33,18,15,27,15,12,3,2,1,0,0,0,0,0,0,3,1,2
HALL COUNTY,191,76 Years,30,15,15,25,14,11,3,1,2,0,0,0,1,0,1,1,0,1
HALL COUNTY,191,77 Years,29,14,15,22,11,11,1,0,1,0,0,0,1,0,1,5,3,2
HALL COUNTY,191,78 Years,28,12,16,22,9,13,3,1,2,0,0,0,1,1,0,2,1,1
HALL COUNTY,191,79 Years,27,17,10,21,12,9,4,4,0,0,0,0,0,0,0,2,1,1
HALL COUNTY,191,80 Years,24,15,9,19,11,8,3,3,0,0,0,0,0,0,0,2,1,1
HALL COUNTY,191,81 Years,21,11,10,16,8,8,1,1,0,0,0,0,0,0,0,4,2,2
HALL COUNTY,191,82 Years,24,14,10,18,11,7,1,1,0,0,0,0,1,0,1,4,2,2
HALL COUNTY,191,83 Years,20,11,9,15,8,7,0,0,0,0,0,0,2,1,1,3,2,1
HALL COUNTY,191,84 Years,18,10,8,14,8,6,0,0,0,0,0,0,1,1,0,3,1,2
HALL COUNTY,191,85 Years,15,7,8,12,6,6,0,0,0,0,0,0,1,0,1,2,1,1
HALL COUNTY,191,86 Years,12,6,6,9,4,5,0,0,0,0,0,0,0,0,0,3,2,1
HALL COUNTY,191,87 Years,10,5,5,8,4,4,2,1,1,0,0,0,0,0,0,0,0,0
HALL COUNTY,191,88 Years,10,6,4,8,4,4,1,1,0,0,0,0,0,0,0,1,1,0
HALL COUNTY,191,89 Years,12,4,8,10,3,7,1,1,0,0,0,0,0,0,0,1,0,1
HALL COUNTY,191,90 Years,9,4,5,6,2,4,0,0,0,0,0,0,0,0,0,3,2,1
HALL COUNTY,191,91 Years,8,2,6,5,2,3,2,0,2,0,0,0,0,0,0,1,0,1
HALL COUNTY,191,92 Years,10,2,8,7,2,5,1,0,1,0,0,0,1,0,1,1,0,1
HALL COUNTY,191,93 Years,8,6,2,4,2,2,1,1,0,0,0,0,0,0,0,3,3,0
HALL COUNTY,191,94 Years,8,3,5,4,1,3,2,1,1,0,0,0,0,0,0,2,1,1
HALL COUNTY,191,95 Years +,14,5,9,7,2,5,1,0,1,0,0,0,0,0,0,6,3,3
HAMILTON COUNTY,193,All Ages,8641,4305,4336,7304,3596,3708,43,31,12,34,18,16,105,54,51,1155,606,549
HAMILTON COUNTY,193,< 1 Year,104,50,54,80,39,41,0,0,0,0,0,0,0,0,0,24,11,13
HAMILTON COUNTY,193,1 Years,108,54,54,82,41,41,0,0,0,0,0,0,1,0,1,25,13,12
HAMILTON COUNTY,193,2 Years,110,55,55,81,42,39,0,0,0,0,0,0,3,1,2,26,12,14
HAMILTON COUNTY,193,3 Years,112,60,52,82,44,38,0,0,0,0,0,0,2,1,1,28,15,13
HAMILTON COUNTY,193,4 Years,106,55,51,77,41,36,0,0,0,0,0,0,2,2,0,27,12,15
HAMILTON COUNTY,193,5 Years,104,55,49,75,42,33,0,0,0,0,0,0,1,1,0,28,12,16
HAMILTON COUNTY,193,6 Years,107,54,53,80,41,39,0,0,0,0,0,0,0,0,0,27,13,14
HAMILTON COUNTY,193,7 Years,112,60,52,81,42,39,0,0,0,0,0,0,1,1,0,30,17,13
HAMILTON COUNTY,193,8 Years,114,59,55,85,42,43,0,0,0,0,0,0,0,0,0,29,17,12
HAMILTON COUNTY,193,9 Years,104,50,54,77,32,45,0,0,0,0,0,0,0,0,0,27,18,9
HAMILTON COUNTY,193,10 Years,113,57,56,89,46,43,2,0,2,0,0,0,2,0,2,20,11,9
HAMILTON COUNTY,193,11 Years,99,55,44,81,43,38,1,0,1,0,0,0,0,0,0,17,12,5
HAMILTON COUNTY,193,12 Years,93,43,50,77,35,42,0,0,0,0,0,0,0,0,0,16,8,8
HAMILTON COUNTY,193,13 Years,102,54,48,81,41,40,0,0,0,0,0,0,1,0,1,20,13,7
HAMILTON COUNTY,193,14 Years,94,46,48,73,34,39,0,0,0,0,0,0,2,2,0,19,10,9
HAMILTON COUNTY,193,15 Years,102,56,46,81,46,35,0,0,0,0,0,0,0,0,0,21,10,11
HAMILTON COUNTY,193,16 Years,104,57,47,84,49,35,0,0,0,1,0,1,1,0,1,18,8,10
HAMILTON COUNTY,193,17 Years,117,56,61,90,42,48,1,1,0,1,0,1,1,0,1,24,13,11
HAMILTON COUNTY,193,18 Years,106,50,56,81,34,47,2,2,0,0,0,0,3,2,1,20,12,8
HAMILTON COUNTY,193,19 Years,101,52,49,80,40,40,1,1,0,0,0,0,3,2,1,17,9,8
HAMILTON COUNTY,193,20 Years,85,47,38,63,38,25,0,0,0,1,0,1,4,2,2,17,7,10
HAMILTON COUNTY,193,21 Years,114,63,51,93,54,39,0,0,0,0,0,0,4,3,1,17,6,11
HAMILTON COUNTY,193,22 Years,112,60,52,86,47,39,1,1,0,0,0,0,5,3,2,20,9,11
HAMILTON COUNTY,193,23 Years,102,52,50,76,39,37,2,2,0,1,0,1,3,2,1,20,9,11
HAMILTON COUNTY,193,24 Years,100,54,46,79,40,39,2,2,0,0,0,0,1,0,1,18,12,6
HAMILTON COUNTY,193,25 Years,112,56,56,86,44,42,2,1,1,1,1,0,1,1,0,22,9,13
HAMILTON COUNTY,193,26 Years,105,56,49,81,44,37,1,0,1,0,0,0,2,0,2,21,12,9
HAMILTON COUNTY,193,27 Years,122,64,58,94,50,44,1,0,1,0,0,0,5,3,2,22,11,11
HAMILTON COUNTY,193,28 Years,84,43,41,64,32,32,1,1,0,0,0,0,2,2,0,17,8,9
HAMILTON COUNTY,193,29 Years,75,33,42,60,25,35,1,1,0,0,0,0,0,0,0,14,7,7
HAMILTON COUNTY,193,30 Years,78,32,46,64,25,39,0,0,0,0,0,0,0,0,0,14,7,7
HAMILTON COUNTY,193,31 Years,100,53,47,80,44,36,1,0,1,0,0,0,0,0,0,19,9,10
HAMILTON COUNTY,193,32 Years,103,58,45,86,50,36,0,0,0,1,1,0,1,1,0,15,6,9
HAMILTON COUNTY,193,33 Years,72,38,34,65,35,30,0,0,0,1,1,0,0,0,0,6,2,4
HAMILTON COUNTY,193,34 Years,89,51,38,68,37,31,2,2,0,1,0,1,0,0,0,18,12,6
HAMILTON COUNTY,193,35 Years,77,37,40,64,31,33,2,1,1,0,0,0,0,0,0,11,5,6
HAMILTON COUNTY,193,36 Years,101,52,49,89,45,44,0,0,0,0,0,0,0,0,0,12,7,5
HAMILTON COUNTY,193,37 Years,92,54,38,77,46,31,2,1,1,0,0,0,0,0,0,13,7,6
HAMILTON COUNTY,193,38 Years,80,44,36,65,36,29,3,2,1,0,0,0,0,0,0,12,6,6
HAMILTON COUNTY,193,39 Years,91,53,38,79,44,35,1,1,0,0,0,0,0,0,0,11,8,3
HAMILTON COUNTY,193,40 Years,79,44,35,68,37,31,0,0,0,0,0,0,0,0,0,11,7,4
HAMILTON COUNTY,193,41 Years,79,47,32,70,41,29,1,1,0,0,0,0,0,0,0,8,5,3
HAMILTON COUNTY,193,42 Years,88,51,37,75,44,31,1,1,0,0,0,0,1,0,1,11,6,5
HAMILTON COUNTY,193,43 Years,86,40,46,72,32,40,1,1,0,0,0,0,1,0,1,12,7,5
HAMILTON COUNTY,193,44 Years,99,48,51,81,39,42,0,0,0,0,0,0,5,2,3,13,7,6
HAMILTON COUNTY,193,45 Years,80,41,39,69,37,32,1,0,1,0,0,0,3,2,1,7,2,5
HAMILTON COUNTY,193,46 Years,83,39,44,67,28,39,0,0,0,1,1,0,1,1,0,14,9,5
HAMILTON COUNTY,193,47 Years,108,54,54,91,45,46,0,0,0,1,1,0,2,1,1,14,7,7
HAMILTON COUNTY,193,48 Years,96,51,45,80,42,38,1,0,1,2,1,1,1,1,0,12,7,5
HAMILTON COUNTY,193,49 Years,101,52,49,85,43,42,1,1,0,1,0,1,2,2,0,12,6,6
HAMILTON COUNTY,193,50 Years,101,53,48,90,46,44,0,0,0,0,0,0,3,1,2,8,6,2
HAMILTON COUNTY,193,51 Years,91,48,43,83,43,40,0,0,0,0,0,0,1,0,1,7,5,2
HAMILTON COUNTY,193,52 Years,88,44,44,73,38,35,0,0,0,0,0,0,1,1,0,14,5,9
HAMILTON COUNTY,193,53 Years,94,46,48,78,39,39,0,0,0,0,0,0,4,2,2,12,5,7
HAMILTON COUNTY,193,54 Years,100,50,50,82,38,44,0,0,0,0,0,0,2,1,1,16,11,5
HAMILTON COUNTY,193,55 Years,113,56,57,98,49,49,0,0,0,0,0,0,1,0,1,14,7,7
HAMILTON COUNTY,193,56 Years,122,58,64,110,54,56,1,1,0,2,0,2,0,0,0,9,3,6
HAMILTON COUNTY,193,57 Years,115,58,57,101,49,52,2,2,0,0,0,0,2,1,1,10,6,4
HAMILTON COUNTY,193,58 Years,121,59,62,100,48,52,1,1,0,2,2,0,1,1,0,17,7,10
HAMILTON COUNTY,193,59 Years,124,66,58,106,55,51,0,0,0,3,1,2,0,0,0,15,10,5
HAMILTON COUNTY,193,60 Years,105,51,54,97,46,51,0,0,0,0,0,0,1,0,1,7,5,2
HAMILTON COUNTY,193,61 Years,112,55,57,99,48,51,0,0,0,1,1,0,0,0,0,12,6,6
HAMILTON COUNTY,193,62 Years,108,53,55,93,46,47,1,1,0,0,0,0,1,0,1,13,6,7
HAMILTON COUNTY,193,63 Years,95,45,50,84,38,46,0,0,0,0,0,0,1,1,0,10,6,4
HAMILTON COUNTY,193,64 Years,97,39,58,86,33,53,0,0,0,1,0,1,1,0,1,9,6,3
HAMILTON COUNTY,193,65 Years,115,54,61,101,48,53,0,0,0,1,0,1,2,0,2,11,6,5
HAMILTON COUNTY,193,66 Years,94,47,47,84,41,43,1,1,0,0,0,0,2,1,1,7,4,3
HAMILTON COUNTY,193,67 Years,115,46,69,107,41,66,0,0,0,1,1,0,2,1,1,5,3,2
HAMILTON COUNTY,193,68 Years,96,36,60,93,34,59,0,0,0,1,1,0,0,0,0,2,1,1
HAMILTON COUNTY,193,69 Years,92,48,44,86,45,41,0,0,0,0,0,0,1,1,0,5,2,3
HAMILTON COUNTY,193,70 Years,111,63,48,103,58,45,1,1,0,0,0,0,1,0,1,6,4,2
HAMILTON COUNTY,193,71 Years,101,47,54,95,44,51,1,1,0,0,0,0,0,0,0,5,2,3
HAMILTON COUNTY,193,72 Years,110,54,56,102,50,52,0,0,0,1,1,0,1,0,1,6,3,3
HAMILTON COUNTY,193,73 Years,83,32,51,79,30,49,0,0,0,1,1,0,0,0,0,3,1,2
HAMILTON COUNTY,193,74 Years,96,43,53,92,40,52,0,0,0,0,0,0,0,0,0,4,3,1
HAMILTON COUNTY,193,75 Years,98,42,56,93,39,54,0,0,0,0,0,0,1,0,1,4,3,1
HAMILTON COUNTY,193,76 Years,102,49,53,99,47,52,0,0,0,1,1,0,0,0,0,2,1,1
HAMILTON COUNTY,193,77 Years,97,45,52,94,43,51,0,0,0,0,0,0,1,1,0,2,1,1
HAMILTON COUNTY,193,78 Years,91,43,48,88,40,48,0,0,0,0,0,0,1,1,0,2,2,0
HAMILTON COUNTY,193,79 Years,81,35,46,76,34,42,0,0,0,0,0,0,3,1,2,2,0,2
HAMILTON COUNTY,193,80 Years,82,42,40,76,38,38,0,0,0,2,2,0,1,1,0,3,1,2
HAMILTON COUNTY,193,81 Years,73,33,40,69,30,39,0,0,0,1,1,0,0,0,0,3,2,1
HAMILTON COUNTY,193,82 Years,57,24,33,56,23,33,0,0,0,0,0,0,0,0,0,1,1,0
HAMILTON COUNTY,193,83 Years,66,29,37,64,28,36,0,0,0,0,0,0,1,1,0,1,0,1
HAMILTON COUNTY,193,84 Years,69,29,40,66,28,38,0,0,0,0,0,0,0,0,0,3,1,2
HAMILTON COUNTY,193,85 Years,46,19,27,45,19,26,0,0,0,0,0,0,0,0,0,1,0,1
HAMILTON COUNTY,193,86 Years,42,20,22,42,20,22,0,0,0,0,0,0,0,0,0,0,0,0
HAMILTON COUNTY,193,87 Years,37,20,17,37,20,17,0,0,0,0,0,0,0,0,0,0,0,0
HAMILTON COUNTY,193,88 Years,34,16,18,31,16,15,0,0,0,1,0,1,0,0,0,2,0,2
HAMILTON COUNTY,193,89 Years,34,16,18,33,15,18,0,0,0,0,0,0,0,0,0,1,1,0
HAMILTON COUNTY,193,90 Years,26,13,13,26,13,13,0,0,0,0,0,0,0,0,0,0,0,0
HAMILTON COUNTY,193,91 Years,18,8,10,18,8,10,0,0,0,0,0,0,0,0,0,0,0,0
HAMILTON COUNTY,193,92 Years,16,7,9,15,7,8,0,0,0,0,0,0,1,0,1,0,0,0
HAMILTON COUNTY,193,93 Years,19,7,12,15,6,9,0,0,0,1,0,1,1,0,1,2,1,1
HAMILTON COUNTY,193,94 Years,15,4,11,13,4,9,0,0,0,1,0,1,0,0,0,1,0,1
HAMILTON COUNTY,193,95 Years +,34,8,26,32,7,25,0,0,0,0,0,0,0,0,0,2,1,1
HANSFORD COUNTY,195,All Ages,5327,2669,2658,2611,1254,1357,31,14,17,19,7,12,68,36,32,2598,1358,1240
HANSFORD COUNTY,195,< 1 Year,72,40,32,28,12,16,0,0,0,0,0,0,0,0,0,44,28,16
HANSFORD COUNTY,195,1 Years,78,44,34,29,14,15,0,0,0,0,0,0,4,3,1,45,27,18
HANSFORD COUNTY,195,2 Years,72,38,34,26,12,14,0,0,0,0,0,0,4,3,1,42,23,19
HANSFORD COUNTY,195,3 Years,74,42,32,24,14,10,0,0,0,0,0,0,6,5,1,44,23,21
HANSFORD COUNTY,195,4 Years,79,42,37,26,14,12,0,0,0,0,0,0,5,4,1,48,24,24
HANSFORD COUNTY,195,5 Years,86,47,39,31,17,14,0,0,0,0,0,0,5,3,2,50,27,23
HANSFORD COUNTY,195,6 Years,85,43,42,31,16,15,0,0,0,0,0,0,0,0,0,54,27,27
HANSFORD COUNTY,195,7 Years,81,42,39,29,15,14,0,0,0,0,0,0,0,0,0,52,27,25
HANSFORD COUNTY,195,8 Years,81,41,40,28,14,14,0,0,0,0,0,0,0,0,0,53,27,26
HANSFORD COUNTY,195,9 Years,89,49,40,35,16,19,0,0,0,1,1,0,1,1,0,52,31,21
HANSFORD COUNTY,195,10 Years,83,38,45,32,14,18,0,0,0,2,1,1,0,0,0,49,23,26
HANSFORD COUNTY,195,11 Years,87,38,49,38,14,24,1,0,1,0,0,0,1,1,0,47,23,24
HANSFORD COUNTY,195,12 Years,88,51,37,31,18,13,3,3,0,0,0,0,1,1,0,53,29,24
HANSFORD COUNTY,195,13 Years,86,49,37,35,19,16,2,2,0,0,0,0,1,1,0,48,27,21
HANSFORD COUNTY,195,14 Years,99,48,51,42,19,23,0,0,0,0,0,0,1,1,0,56,28,28
HANSFORD COUNTY,195,15 Years,95,49,46,37,18,19,0,0,0,0,0,0,0,0,0,58,31,27
HANSFORD COUNTY,195,16 Years,88,42,46,35,18,17,2,0,2,0,0,0,0,0,0,51,24,27
HANSFORD COUNTY,195,17 Years,82,44,38,36,21,15,0,0,0,0,0,0,0,0,0,46,23,23
HANSFORD COUNTY,195,18 Years,89,44,45,32,17,15,0,0,0,0,0,0,1,1,0,56,26,30
HANSFORD COUNTY,195,19 Years,77,40,37,27,15,12,0,0,0,0,0,0,1,1,0,49,24,25
HANSFORD COUNTY,195,20 Years,67,31,36,23,13,10,0,0,0,0,0,0,1,0,1,43,18,25
HANSFORD COUNTY,195,21 Years,58,29,29,21,12,9,0,0,0,0,0,0,1,0,1,36,17,19
HANSFORD COUNTY,195,22 Years,67,36,31,25,13,12,0,0,0,1,0,1,3,2,1,38,21,17
HANSFORD COUNTY,195,23 Years,72,40,32,28,14,14,0,0,0,1,0,1,1,0,1,42,26,16
HANSFORD COUNTY,195,24 Years,77,38,39,31,14,17,0,0,0,1,0,1,1,0,1,44,24,20
HANSFORD COUNTY,195,25 Years,79,38,41,32,15,17,0,0,0,1,0,1,0,0,0,46,23,23
HANSFORD COUNTY,195,26 Years,91,51,40,36,19,17,0,0,0,0,0,0,1,0,1,54,32,22
HANSFORD COUNTY,195,27 Years,92,44,48,29,12,17,1,1,0,0,0,0,1,0,1,61,31,30
HANSFORD COUNTY,195,28 Years,60,31,29,19,10,9,2,1,1,0,0,0,0,0,0,39,20,19
HANSFORD COUNTY,195,29 Years,53,28,25,19,9,10,0,0,0,0,0,0,0,0,0,34,19,15
HANSFORD COUNTY,195,30 Years,42,19,23,20,9,11,1,0,1,0,0,0,0,0,0,21,10,11
HANSFORD COUNTY,195,31 Years,45,23,22,21,9,12,0,0,0,0,0,0,0,0,0,24,14,10
HANSFORD COUNTY,195,32 Years,54,30,24,23,13,10,0,0,0,0,0,0,1,0,1,30,17,13
HANSFORD COUNTY,195,33 Years,58,30,28,23,15,8,0,0,0,2,1,1,0,0,0,33,14,19
HANSFORD COUNTY,195,34 Years,46,26,20,19,12,7,0,0,0,1,1,0,0,0,0,26,13,13
HANSFORD COUNTY,195,35 Years,50,30,20,19,12,7,1,1,0,0,0,0,1,1,0,29,16,13
HANSFORD COUNTY,195,36 Years,70,36,34,33,19,14,1,0,1,0,0,0,1,1,0,35,16,19
HANSFORD COUNTY,195,37 Years,57,24,33,26,10,16,0,0,0,1,1,0,1,0,1,29,13,16
HANSFORD COUNTY,195,38 Years,56,23,33,26,9,17,1,1,0,1,0,1,1,0,1,27,13,14
HANSFORD COUNTY,195,39 Years,53,27,26,26,12,14,0,0,0,0,0,0,0,0,0,27,15,12
HANSFORD COUNTY,195,40 Years,54,27,27,27,12,15,0,0,0,1,0,1,0,0,0,26,15,11
HANSFORD COUNTY,195,41 Years,54,27,27,29,14,15,0,0,0,1,0,1,1,1,0,23,12,11
HANSFORD COUNTY,195,42 Years,58,32,26,31,17,14,0,0,0,1,1,0,0,0,0,26,14,12
HANSFORD COUNTY,195,43 Years,59,29,30,28,14,14,1,1,0,0,0,0,0,0,0,30,14,16
HANSFORD COUNTY,195,44 Years,57,30,27,28,15,13,0,0,0,1,1,0,1,0,1,27,14,13
HANSFORD COUNTY,195,45 Years,59,31,28,32,16,16,1,0,1,0,0,0,0,0,0,26,15,11
HANSFORD COUNTY,195,46 Years,67,36,31,29,15,14,0,0,0,0,0,0,0,0,0,38,21,17
HANSFORD COUNTY,195,47 Years,53,26,27,26,12,14,0,0,0,0,0,0,0,0,0,27,14,13
HANSFORD COUNTY,195,48 Years,64,32,32,32,15,17,0,0,0,0,0,0,0,0,0,32,17,15
HANSFORD COUNTY,195,49 Years,66,30,36,31,12,19,0,0,0,0,0,0,0,0,0,35,18,17
HANSFORD COUNTY,195,50 Years,57,27,30,29,16,13,0,0,0,0,0,0,0,0,0,28,11,17
HANSFORD COUNTY,195,51 Years,63,32,31,36,20,16,1,0,1,0,0,0,1,1,0,25,11,14
HANSFORD COUNTY,195,52 Years,56,28,28,30,15,15,1,0,1,0,0,0,0,0,0,25,13,12
HANSFORD COUNTY,195,53 Years,68,38,30,32,15,17,0,0,0,1,0,1,0,0,0,35,23,12
HANSFORD COUNTY,195,54 Years,65,35,30,34,16,18,0,0,0,1,0,1,1,1,0,29,18,11
HANSFORD COUNTY,195,55 Years,67,34,33,35,17,18,0,0,0,1,0,1,1,1,0,30,16,14
HANSFORD COUNTY,195,56 Years,72,39,33,37,20,17,0,0,0,0,0,0,0,0,0,35,19,16
HANSFORD COUNTY,195,57 Years,63,35,28,37,19,18,1,0,1,0,0,0,1,0,1,24,16,8
HANSFORD COUNTY,195,58 Years,62,33,29,35,17,18,3,2,1,0,0,0,0,0,0,24,14,10
HANSFORD COUNTY,195,59 Years,66,32,34,35,17,18,2,1,1,0,0,0,0,0,0,29,14,15
HANSFORD COUNTY,195,60 Years,60,35,25,41,23,18,0,0,0,0,0,0,0,0,0,19,12,7
HANSFORD COUNTY,195,61 Years,62,30,32,42,21,21,0,0,0,0,0,0,1,0,1,19,9,10
HANSFORD COUNTY,195,62 Years,59,28,31,37,18,19,0,0,0,0,0,0,1,0,1,21,10,11
HANSFORD COUNTY,195,63 Years,63,33,30,40,20,20,0,0,0,0,0,0,2,0,2,21,13,8
HANSFORD COUNTY,195,64 Years,61,28,33,38,18,20,0,0,0,0,0,0,0,0,0,23,10,13
HANSFORD COUNTY,195,65 Years,61,29,32,42,21,21,0,0,0,0,0,0,0,0,0,19,8,11
HANSFORD COUNTY,195,66 Years,53,24,29,42,19,23,0,0,0,0,0,0,0,0,0,11,5,6
HANSFORD COUNTY,195,67 Years,47,20,27,30,14,16,0,0,0,0,0,0,0,0,0,17,6,11
HANSFORD COUNTY,195,68 Years,52,26,26,37,20,17,0,0,0,0,0,0,0,0,0,15,6,9
HANSFORD COUNTY,195,69 Years,46,25,21,31,17,14,0,0,0,0,0,0,0,0,0,15,8,7
HANSFORD COUNTY,195,70 Years,47,19,28,36,12,24,0,0,0,0,0,0,1,0,1,10,7,3
HANSFORD COUNTY,195,71 Years,39,14,25,31,11,20,0,0,0,0,0,0,1,0,1,7,3,4
HANSFORD COUNTY,195,72 Years,51,25,26,35,15,20,0,0,0,0,0,0,2,0,2,14,10,4
HANSFORD COUNTY,195,73 Years,41,18,23,29,11,18,0,0,0,0,0,0,1,0,1,11,7,4
HANSFORD COUNTY,195,74 Years,37,19,18,24,10,14,1,1,0,0,0,0,0,0,0,12,8,4
HANSFORD COUNTY,195,75 Years,33,18,15,23,11,12,0,0,0,0,0,0,0,0,0,10,7,3
HANSFORD COUNTY,195,76 Years,42,19,23,33,16,17,1,0,1,0,0,0,0,0,0,8,3,5
HANSFORD COUNTY,195,77 Years,35,15,20,26,12,14,1,0,1,0,0,0,0,0,0,8,3,5
HANSFORD COUNTY,195,78 Years,26,10,16,22,9,13,0,0,0,0,0,0,1,0,1,3,1,2
HANSFORD COUNTY,195,79 Years,22,11,11,17,8,9,0,0,0,0,0,0,0,0,0,5,3,2
HANSFORD COUNTY,195,80 Years,25,13,12,18,8,10,0,0,0,0,0,0,0,0,0,7,5,2
HANSFORD COUNTY,195,81 Years,25,7,18,20,5,15,1,0,1,0,0,0,0,0,0,4,2,2
HANSFORD COUNTY,195,82 Years,21,6,15,16,5,11,0,0,0,0,0,0,1,0,1,4,1,3
HANSFORD COUNTY,195,83 Years,20,10,10,17,9,8,0,0,0,0,0,0,1,0,1,2,1,1
HANSFORD COUNTY,195,84 Years,15,8,7,14,8,6,0,0,0,0,0,0,0,0,0,1,0,1
HANSFORD COUNTY,195,85 Years,19,6,13,16,5,11,0,0,0,0,0,0,1,1,0,2,0,2
HANSFORD COUNTY,195,86 Years,20,7,13,16,4,12,0,0,0,0,0,0,1,1,0,3,2,1
HANSFORD COUNTY,195,87 Years,15,4,11,12,3,9,0,0,0,0,0,0,0,0,0,3,1,2
HANSFORD COUNTY,195,88 Years,14,3,11,12,3,9,0,0,0,0,0,0,0,0,0,2,0,2
HANSFORD COUNTY,195,89 Years,14,5,9,11,3,8,0,0,0,0,0,0,2,1,1,1,1,0
HANSFORD COUNTY,195,90 Years,12,4,8,8,2,6,0,0,0,0,0,0,0,0,0,4,2,2
HANSFORD COUNTY,195,91 Years,11,4,7,8,3,5,0,0,0,0,0,0,0,0,0,3,1,2
HANSFORD COUNTY,195,92 Years,7,3,4,6,3,3,1,0,1,0,0,0,0,0,0,0,0,0
HANSFORD COUNTY,195,93 Years,6,2,4,4,2,2,1,0,1,0,0,0,0,0,0,1,0,1
HANSFORD COUNTY,195,94 Years,4,1,3,3,1,2,0,0,0,0,0,0,1,0,1,0,0,0
HANSFORD COUNTY,195,95 Years +,14,2,12,10,2,8,0,0,0,0,0,0,0,0,0,4,0,4
HARDEMAN COUNTY,197,All Ages,3856,1963,1893,2403,1202,1201,243,124,119,14,8,6,113,58,55,1083,571,512
HARDEMAN COUNTY,197,< 1 Year,49,29,20,25,15,10,4,1,3,0,0,0,0,0,0,20,13,7
HARDEMAN COUNTY,197,1 Years,45,26,19,21,11,10,5,2,3,0,0,0,0,0,0,19,13,6
HARDEMAN COUNTY,197,2 Years,46,25,21,20,10,10,4,2,2,0,0,0,4,2,2,18,11,7
HARDEMAN COUNTY,197,3 Years,52,26,26,20,9,11,3,1,2,0,0,0,8,4,4,21,12,9
HARDEMAN COUNTY,197,4 Years,58,31,27,24,13,11,3,1,2,0,0,0,6,2,4,25,15,10
HARDEMAN COUNTY,197,5 Years,57,34,23,27,17,10,3,2,1,0,0,0,3,1,2,24,14,10
HARDEMAN COUNTY,197,6 Years,53,29,24,27,14,13,3,2,1,0,0,0,0,0,0,23,13,10
HARDEMAN COUNTY,197,7 Years,52,26,26,25,13,12,3,2,1,0,0,0,5,1,4,19,10,9
HARDEMAN COUNTY,197,8 Years,56,25,31,23,12,11,4,1,3,0,0,0,5,1,4,24,11,13
HARDEMAN COUNTY,197,9 Years,71,38,33,32,15,17,4,2,2,0,0,0,7,5,2,28,16,12
HARDEMAN COUNTY,197,10 Years,57,33,24,21,13,8,5,2,3,0,0,0,3,2,1,28,16,12
HARDEMAN COUNTY,197,11 Years,50,26,24,22,11,11,4,3,1,0,0,0,1,1,0,23,11,12
HARDEMAN COUNTY,197,12 Years,48,23,25,21,10,11,2,1,1,0,0,0,4,3,1,21,9,12
HARDEMAN COUNTY,197,13 Years,47,26,21,22,10,12,2,1,1,1,1,0,2,2,0,20,12,8
HARDEMAN COUNTY,197,14 Years,47,30,17,22,12,10,1,1,0,1,1,0,3,3,0,20,13,7
HARDEMAN COUNTY,197,15 Years,51,30,21,21,11,10,4,3,1,0,0,0,1,1,0,25,15,10
HARDEMAN COUNTY,197,16 Years,46,25,21,19,9,10,1,1,0,0,0,0,2,2,0,24,13,11
HARDEMAN COUNTY,197,17 Years,45,21,24,20,9,11,2,2,0,0,0,0,1,0,1,22,10,12
HARDEMAN COUNTY,197,18 Years,47,22,25,22,10,12,3,2,1,0,0,0,0,0,0,22,10,12
HARDEMAN COUNTY,197,19 Years,36,18,18,14,7,7,3,2,1,0,0,0,1,0,1,18,9,9
HARDEMAN COUNTY,197,20 Years,44,20,24,20,8,12,2,1,1,0,0,0,2,1,1,20,10,10
HARDEMAN COUNTY,197,21 Years,43,25,18,20,11,9,2,1,1,0,0,0,0,0,0,21,13,8
HARDEMAN COUNTY,197,22 Years,38,24,14,19,10,9,3,3,0,0,0,0,0,0,0,16,11,5
HARDEMAN COUNTY,197,23 Years,47,26,21,25,14,11,4,3,1,0,0,0,1,1,0,17,8,9
HARDEMAN COUNTY,197,24 Years,44,20,24,19,8,11,6,2,4,0,0,0,2,1,1,17,9,8
HARDEMAN COUNTY,197,25 Years,46,21,25,21,11,10,6,2,4,0,0,0,2,1,1,17,7,10
HARDEMAN COUNTY,197,26 Years,52,24,28,26,11,15,3,1,2,0,0,0,2,1,1,21,11,10
HARDEMAN COUNTY,197,27 Years,49,23,26,27,14,13,2,1,1,0,0,0,0,0,0,20,8,12
HARDEMAN COUNTY,197,28 Years,43,23,20,25,13,12,2,2,0,0,0,0,1,0,1,15,8,7
HARDEMAN COUNTY,197,29 Years,31,20,11,21,13,8,0,0,0,0,0,0,1,0,1,9,7,2
HARDEMAN COUNTY,197,30 Years,29,14,15,18,9,9,2,1,1,0,0,0,1,0,1,8,4,4
HARDEMAN COUNTY,197,31 Years,36,11,25,21,8,13,3,2,1,0,0,0,1,0,1,11,1,10
HARDEMAN COUNTY,197,32 Years,39,17,22,30,13,17,3,2,1,0,0,0,1,1,0,5,1,4
HARDEMAN COUNTY,197,33 Years,45,23,22,29,14,15,3,2,1,0,0,0,2,2,0,11,5,6
HARDEMAN COUNTY,197,34 Years,43,23,20,28,15,13,2,1,1,0,0,0,3,2,1,10,5,5
HARDEMAN COUNTY,197,35 Years,51,29,22,37,21,16,3,2,1,0,0,0,1,1,0,10,5,5
HARDEMAN COUNTY,197,36 Years,47,26,21,28,16,12,2,0,2,0,0,0,0,0,0,17,10,7
HARDEMAN COUNTY,197,37 Years,42,23,19,24,13,11,1,0,1,0,0,0,0,0,0,17,10,7
HARDEMAN COUNTY,197,38 Years,39,21,18,24,13,11,4,3,1,0,0,0,0,0,0,11,5,6
HARDEMAN COUNTY,197,39 Years,43,17,26,27,12,15,2,1,1,0,0,0,1,0,1,13,4,9
HARDEMAN COUNTY,197,40 Years,33,16,17,19,10,9,3,2,1,0,0,0,0,0,0,11,4,7
HARDEMAN COUNTY,197,41 Years,49,24,25,30,12,18,1,1,0,1,0,1,0,0,0,17,11,6
HARDEMAN COUNTY,197,42 Years,48,21,27,32,13,19,1,0,1,1,0,1,0,0,0,14,8,6
HARDEMAN COUNTY,197,43 Years,42,21,21,26,12,14,2,2,0,1,0,1,0,0,0,13,7,6
HARDEMAN COUNTY,197,44 Years,39,23,16,27,16,11,5,3,2,0,0,0,0,0,0,7,4,3
HARDEMAN COUNTY,197,45 Years,46,24,22,34,16,18,3,3,0,0,0,0,1,0,1,8,5,3
HARDEMAN COUNTY,197,46 Years,37,15,22,26,9,17,2,2,0,0,0,0,2,1,1,7,3,4
HARDEMAN COUNTY,197,47 Years,51,29,22,36,20,16,5,3,2,1,1,0,1,1,0,8,4,4
HARDEMAN COUNTY,197,48 Years,49,21,28,39,18,21,4,1,3,0,0,0,0,0,0,6,2,4
HARDEMAN COUNTY,197,49 Years,49,25,24,40,19,21,0,0,0,0,0,0,0,0,0,9,6,3
HARDEMAN COUNTY,197,50 Years,47,22,25,37,17,20,3,0,3,0,0,0,1,1,0,6,4,2
HARDEMAN COUNTY,197,51 Years,44,19,25,33,16,17,2,0,2,0,0,0,1,0,1,8,3,5
HARDEMAN COUNTY,197,52 Years,39,13,26,32,13,19,1,0,1,0,0,0,1,0,1,5,0,5
HARDEMAN COUNTY,197,53 Years,50,26,24,34,19,15,4,2,2,0,0,0,1,1,0,11,4,7
HARDEMAN COUNTY,197,54 Years,59,31,28,36,19,17,5,2,3,0,0,0,2,0,2,16,10,6
HARDEMAN COUNTY,197,55 Years,56,28,28,38,17,21,2,1,1,0,0,0,2,1,1,14,9,5
HARDEMAN COUNTY,197,56 Years,46,21,25,34,15,19,3,2,1,0,0,0,1,0,1,8,4,4
HARDEMAN COUNTY,197,57 Years,47,24,23,34,15,19,4,3,1,0,0,0,2,1,1,7,5,2
HARDEMAN COUNTY,197,58 Years,53,25,28,39,19,20,3,1,2,0,0,0,1,1,0,10,4,6
HARDEMAN COUNTY,197,59 Years,44,25,19,37,21,16,2,1,1,0,0,0,0,0,0,5,3,2
HARDEMAN COUNTY,197,60 Years,52,27,25,40,19,21,4,2,2,0,0,0,1,1,0,7,5,2
HARDEMAN COUNTY,197,61 Years,66,31,35,47,19,28,5,3,2,2,2,0,1,1,0,11,6,5
HARDEMAN COUNTY,197,62 Years,55,30,25,44,23,21,2,1,1,1,1,0,1,1,0,7,4,3
HARDEMAN COUNTY,197,63 Years,58,33,25,39,21,18,4,3,1,0,0,0,1,0,1,14,9,5
HARDEMAN COUNTY,197,64 Years,64,36,28,44,26,18,3,3,0,0,0,0,0,0,0,17,7,10
HARDEMAN COUNTY,197,65 Years,57,30,27,45,22,23,2,1,1,0,0,0,1,1,0,9,6,3
HARDEMAN COUNTY,197,66 Years,45,21,24,38,19,19,1,0,1,1,0,1,0,0,0,5,2,3
HARDEMAN COUNTY,197,67 Years,45,21,24,35,16,19,1,1,0,1,1,0,0,0,0,8,3,5
HARDEMAN COUNTY,197,68 Years,46,26,20,36,21,15,2,1,1,1,0,1,1,1,0,6,3,3
HARDEMAN COUNTY,197,69 Years,39,27,12,32,23,9,3,1,2,0,0,0,1,0,1,3,3,0
HARDEMAN COUNTY,197,70 Years,41,23,18,32,20,12,2,0,2,1,0,1,1,1,0,5,2,3
HARDEMAN COUNTY,197,71 Years,39,20,19,29,14,15,2,2,0,0,0,0,2,2,0,6,2,4
HARDEMAN COUNTY,197,72 Years,35,16,19,25,12,13,2,1,1,0,0,0,1,1,0,7,2,5
HARDEMAN COUNTY,197,73 Years,40,15,25,25,11,14,4,2,2,0,0,0,2,0,2,9,2,7
HARDEMAN COUNTY,197,74 Years,35,16,19,26,13,13,2,1,1,0,0,0,1,0,1,6,2,4
HARDEMAN COUNTY,197,75 Years,34,14,20,26,11,15,4,1,3,0,0,0,0,0,0,4,2,2
HARDEMAN COUNTY,197,76 Years,31,16,15,24,11,13,1,0,1,0,0,0,1,0,1,5,5,0
HARDEMAN COUNTY,197,77 Years,34,21,13,23,14,9,1,1,0,0,0,0,2,1,1,8,5,3
HARDEMAN COUNTY,197,78 Years,30,15,15,24,13,11,2,1,1,0,0,0,0,0,0,4,1,3
HARDEMAN COUNTY,197,79 Years,25,12,13,20,9,11,2,0,2,0,0,0,0,0,0,3,3,0
HARDEMAN COUNTY,197,80 Years,23,14,9,18,11,7,4,2,2,0,0,0,0,0,0,1,1,0
HARDEMAN COUNTY,197,81 Years,15,10,5,13,8,5,1,1,0,0,0,0,0,0,0,1,1,0
HARDEMAN COUNTY,197,82 Years,22,9,13,17,7,10,1,0,1,0,0,0,0,0,0,4,2,2
HARDEMAN COUNTY,197,83 Years,21,7,14,17,5,12,2,1,1,0,0,0,0,0,0,2,1,1
HARDEMAN COUNTY,197,84 Years,15,8,7,14,8,6,0,0,0,0,0,0,0,0,0,1,0,1
HARDEMAN COUNTY,197,85 Years,11,5,6,10,5,5,0,0,0,0,0,0,0,0,0,1,0,1
HARDEMAN COUNTY,197,86 Years,7,3,4,6,3,3,0,0,0,0,0,0,0,0,0,1,0,1
HARDEMAN COUNTY,197,87 Years,8,3,5,5,3,2,1,0,1,0,0,0,1,0,1,1,0,1
HARDEMAN COUNTY,197,88 Years,12,7,5,8,5,3,1,0,1,0,0,0,1,0,1,2,2,0
HARDEMAN COUNTY,197,89 Years,12,7,5,8,5,3,3,1,2,0,0,0,0,0,0,1,1,0
HARDEMAN COUNTY,197,90 Years,12,4,8,8,3,5,3,1,2,0,0,0,1,0,1,0,0,0
HARDEMAN COUNTY,197,91 Years,8,1,7,6,1,5,1,0,1,0,0,0,0,0,0,1,0,1
HARDEMAN COUNTY,197,92 Years,6,2,4,5,2,3,0,0,0,0,0,0,0,0,0,1,0,1
HARDEMAN COUNTY,197,93 Years,6,1,5,4,1,3,2,0,2,0,0,0,0,0,0,0,0,0
HARDEMAN COUNTY,197,94 Years,3,1,2,3,1,2,0,0,0,0,0,0,0,0,0,0,0,0
HARDEMAN COUNTY,197,95 Years +,12,5,7,7,3,4,2,0,2,1,1,0,0,0,0,2,1,1
HARDIN COUNTY,199,All Ages,59178,29419,29759,51507,25414,26093,3058,1496,1562,313,135,178,966,506,460,3334,1868,1466
HARDIN COUNTY,199,< 1 Year,641,333,308,530,269,261,25,14,11,3,1,2,26,13,13,57,36,21
HARDIN COUNTY,199,1 Years,650,333,317,537,274,263,27,13,14,3,1,2,24,12,12,59,33,26
HARDIN COUNTY,199,2 Years,655,333,322,539,271,268,30,16,14,3,1,2,22,10,12,61,35,26
HARDIN COUNTY,199,3 Years,664,338,326,545,276,269,31,17,14,2,1,1,23,12,11,63,32,31
HARDIN COUNTY,199,4 Years,665,343,322,547,277,270,28,16,12,3,2,1,25,15,10,62,33,29
HARDIN COUNTY,199,5 Years,670,348,322,553,284,269,29,15,14,2,2,0,23,12,11,63,35,28
HARDIN COUNTY,199,6 Years,671,358,313,558,294,264,31,15,16,3,2,1,25,14,11,54,33,21
HARDIN COUNTY,199,7 Years,665,357,308,543,287,256,35,17,18,2,2,0,26,14,12,59,37,22
HARDIN COUNTY,199,8 Years,666,354,312,544,285,259,36,19,17,2,2,0,26,15,11,58,33,25
HARDIN COUNTY,199,9 Years,714,360,354,574,284,290,40,23,17,2,1,1,25,13,12,73,39,34
HARDIN COUNTY,199,10 Years,785,417,368,659,355,304,57,28,29,2,0,2,17,10,7,50,24,26
HARDIN COUNTY,199,11 Years,779,405,374,639,331,308,57,27,30,2,0,2,23,12,11,58,35,23
HARDIN COUNTY,199,12 Years,816,436,380,669,350,319,55,31,24,4,2,2,24,12,12,64,41,23
HARDIN COUNTY,199,13 Years,795,431,364,660,353,307,53,29,24,3,2,1,22,10,12,57,37,20
HARDIN COUNTY,199,14 Years,868,450,418,715,365,350,45,28,17,6,2,4,21,10,11,81,45,36
HARDIN COUNTY,199,15 Years,834,439,395,698,363,335,46,27,19,5,2,3,16,6,10,69,41,28
HARDIN COUNTY,199,16 Years,839,435,404,711,367,344,46,25,21,5,1,4,15,6,9,62,36,26
HARDIN COUNTY,199,17 Years,876,468,408,743,400,343,46,28,18,3,1,2,11,5,6,73,34,39
HARDIN COUNTY,199,18 Years,877,467,410,741,388,353,41,21,20,5,2,3,16,11,5,74,45,29
HARDIN COUNTY,199,19 Years,818,451,367,683,369,314,51,28,23,2,2,0,14,8,6,68,44,24
HARDIN COUNTY,199,20 Years,783,423,360,662,353,309,38,17,21,3,3,0,17,12,5,63,38,25
HARDIN COUNTY,199,21 Years,774,407,367,650,346,304,36,16,20,3,1,2,13,7,6,72,37,35
HARDIN COUNTY,199,22 Years,762,407,355,635,338,297,43,17,26,3,1,2,13,8,5,68,43,25
HARDIN COUNTY,199,23 Years,762,416,346,648,347,301,42,20,22,4,2,2,11,7,4,57,40,17
HARDIN COUNTY,199,24 Years,745,379,366,637,312,325,44,24,20,4,2,2,9,4,5,51,37,14
HARDIN COUNTY,199,25 Years,742,380,362,627,301,326,44,29,15,6,4,2,9,6,3,56,40,16
HARDIN COUNTY,199,26 Years,801,418,383,661,340,321,55,33,22,7,4,3,10,7,3,68,34,34
HARDIN COUNTY,199,27 Years,790,406,384,667,340,327,48,27,21,7,3,4,8,4,4,60,32,28
HARDIN COUNTY,199,28 Years,762,405,357,638,341,297,40,14,26,7,5,2,14,9,5,63,36,27
HARDIN COUNTY,199,29 Years,773,403,370,637,332,305,59,28,31,3,2,1,16,8,8,58,33,25
HARDIN COUNTY,199,30 Years,701,354,347,597,302,295,48,25,23,2,1,1,13,5,8,41,21,20
HARDIN COUNTY,199,31 Years,728,366,362,647,325,322,38,19,19,2,1,1,10,4,6,31,17,14
HARDIN COUNTY,199,32 Years,703,361,342,625,326,299,39,17,22,3,3,0,5,2,3,31,13,18
HARDIN COUNTY,199,33 Years,745,379,366,639,314,325,52,27,25,3,3,0,8,5,3,43,30,13
HARDIN COUNTY,199,34 Years,686,335,351,592,283,309,49,27,22,3,3,0,10,3,7,32,19,13
HARDIN COUNTY,199,35 Years,665,311,354,586,270,316,40,19,21,2,2,0,6,2,4,31,18,13
HARDIN COUNTY,199,36 Years,720,364,356,632,315,317,34,17,17,1,1,0,3,2,1,50,29,21
HARDIN COUNTY,199,37 Years,720,357,363,638,318,320,37,17,20,4,1,3,5,4,1,36,17,19
HARDIN COUNTY,199,38 Years,737,361,376,641,314,327,33,16,17,5,1,4,8,4,4,50,26,24
HARDIN COUNTY,199,39 Years,764,377,387,669,331,338,32,16,16,6,2,4,11,6,5,46,22,24
HARDIN COUNTY,199,40 Years,736,357,379,657,317,340,32,15,17,7,3,4,6,3,3,34,19,15
HARDIN COUNTY,199,41 Years,730,346,384,646,306,340,34,16,18,5,2,3,5,2,3,40,20,20
HARDIN COUNTY,199,42 Years,693,325,368,616,288,328,32,16,16,4,1,3,4,2,2,37,18,19
HARDIN COUNTY,199,43 Years,671,326,345,604,290,314,29,15,14,4,1,3,8,3,5,26,17,9
HARDIN COUNTY,199,44 Years,657,334,323,589,303,286,28,14,14,3,0,3,6,2,4,31,15,16
HARDIN COUNTY,199,45 Years,636,301,335,569,270,299,23,9,14,4,3,1,7,3,4,33,16,17
HARDIN COUNTY,199,46 Years,687,321,366,607,288,319,35,12,23,3,1,2,9,5,4,33,15,18
HARDIN COUNTY,199,47 Years,698,327,371,621,299,322,33,14,19,9,1,8,10,6,4,25,7,18
HARDIN COUNTY,199,48 Years,765,376,389,692,339,353,28,14,14,8,3,5,7,6,1,30,14,16
HARDIN COUNTY,199,49 Years,804,420,384,724,368,356,28,16,12,2,1,1,10,5,5,40,30,10
HARDIN COUNTY,199,50 Years,703,345,358,615,297,318,28,15,13,4,2,2,14,9,5,42,22,20
HARDIN COUNTY,199,51 Years,710,348,362,634,315,319,28,14,14,5,2,3,7,4,3,36,13,23
HARDIN COUNTY,199,52 Years,731,360,371,651,316,335,34,17,17,5,3,2,13,9,4,28,15,13
HARDIN COUNTY,199,53 Years,743,367,376,646,313,333,40,17,23,7,4,3,10,5,5,40,28,12
HARDIN COUNTY,199,54 Years,779,381,398,668,320,348,47,20,27,7,4,3,9,4,5,48,33,15
HARDIN COUNTY,199,55 Years,769,373,396,675,325,350,45,20,25,6,3,3,9,6,3,34,19,15
HARDIN COUNTY,199,56 Years,808,412,396,726,375,351,39,17,22,8,1,7,9,6,3,26,13,13
HARDIN COUNTY,199,57 Years,820,384,436,732,351,381,35,12,23,5,1,4,14,7,7,34,13,21
HARDIN COUNTY,199,58 Years,849,417,432,762,380,382,39,16,23,5,3,2,13,8,5,30,10,20
HARDIN COUNTY,199,59 Years,834,409,425,747,367,380,43,19,24,6,4,2,10,5,5,28,14,14
HARDIN COUNTY,199,60 Years,821,391,430,748,359,389,38,15,23,7,3,4,8,3,5,20,11,9
HARDIN COUNTY,199,61 Years,816,381,435,738,344,394,40,18,22,4,2,2,10,4,6,24,13,11
HARDIN COUNTY,199,62 Years,805,389,416,729,350,379,40,18,22,3,1,2,10,6,4,23,14,9
HARDIN COUNTY,199,63 Years,810,399,411,734,358,376,38,23,15,6,0,6,10,5,5,22,13,9
HARDIN COUNTY,199,64 Years,771,392,379,685,346,339,47,24,23,5,2,3,10,6,4,24,14,10
HARDIN COUNTY,199,65 Years,749,380,369,666,334,332,46,24,22,4,1,3,8,4,4,25,17,8
HARDIN COUNTY,199,66 Years,692,314,378,624,283,341,41,16,25,3,0,3,7,3,4,17,12,5
HARDIN COUNTY,199,67 Years,629,281,348,569,253,316,34,14,20,2,0,2,6,2,4,18,12,6
HARDIN COUNTY,199,68 Years,666,324,342,592,288,304,38,16,22,1,1,0,9,3,6,26,16,10
HARDIN COUNTY,199,69 Years,624,307,317,563,275,288,29,14,15,1,1,0,9,6,3,22,11,11
HARDIN COUNTY,199,70 Years,596,281,315,550,258,292,25,15,10,3,1,2,6,3,3,12,4,8
HARDIN COUNTY,199,71 Years,607,286,321,563,265,298,24,11,13,2,1,1,9,4,5,9,5,4
HARDIN COUNTY,199,72 Years,580,281,299,534,255,279,26,15,11,1,0,1,6,3,3,13,8,5
HARDIN COUNTY,199,73 Years,456,223,233,416,203,213,20,10,10,4,2,2,4,2,2,12,6,6
HARDIN COUNTY,199,74 Years,470,222,248,429,205,224,20,11,9,3,2,1,6,1,5,12,3,9
HARDIN COUNTY,199,75 Years,441,198,243,404,182,222,22,10,12,1,0,1,4,2,2,10,4,6
HARDIN COUNTY,199,76 Years,440,200,240,406,185,221,19,7,12,1,0,1,4,4,0,10,4,6
HARDIN COUNTY,199,77 Years,419,194,225,387,177,210,18,8,10,0,0,0,6,3,3,8,6,2
HARDIN COUNTY,199,78 Years,367,162,205,338,153,185,13,4,9,2,0,2,6,2,4,8,3,5
HARDIN COUNTY,199,79 Years,331,145,186,307,137,170,12,5,7,1,0,1,4,2,2,7,1,6
HARDIN COUNTY,199,80 Years,297,126,171,278,117,161,12,6,6,0,0,0,2,1,1,5,2,3
HARDIN COUNTY,199,81 Years,276,121,155,255,113,142,10,5,5,1,0,1,2,1,1,8,2,6
HARDIN COUNTY,199,82 Years,250,107,143,230,101,129,11,4,7,1,0,1,0,0,0,8,2,6
HARDIN COUNTY,199,83 Years,233,94,139,215,84,131,10,4,6,0,0,0,2,2,0,6,4,2
HARDIN COUNTY,199,84 Years,215,90,125,202,86,116,8,2,6,2,0,2,2,1,1,1,1,0
HARDIN COUNTY,199,85 Years,187,77,110,170,69,101,7,3,4,1,0,1,1,1,0,8,4,4
HARDIN COUNTY,199,86 Years,171,75,96,154,69,85,8,3,5,1,0,1,2,0,2,6,3,3
HARDIN COUNTY,199,87 Years,146,58,88,134,54,80,8,3,5,0,0,0,1,0,1,3,1,2
HARDIN COUNTY,199,88 Years,122,50,72,113,46,67,7,2,5,1,1,0,0,0,0,1,1,0
HARDIN COUNTY,199,89 Years,117,36,81,104,31,73,6,2,4,2,0,2,2,1,1,3,2,1
HARDIN COUNTY,199,90 Years,101,33,68,86,28,58,9,2,7,1,0,1,3,2,1,2,1,1
HARDIN COUNTY,199,91 Years,85,27,58,77,26,51,6,1,5,0,0,0,1,0,1,1,0,1
HARDIN COUNTY,199,92 Years,67,23,44,60,21,39,4,1,3,0,0,0,1,0,1,2,1,1
HARDIN COUNTY,199,93 Years,53,18,35,44,13,31,6,3,3,0,0,0,1,0,1,2,2,0
HARDIN COUNTY,199,94 Years,41,14,27,33,10,23,4,2,2,1,0,1,0,0,0,3,2,1
HARDIN COUNTY,199,95 Years +,93,26,67,73,19,54,12,5,7,1,0,1,1,0,1,6,2,4
HARRIS COUNTY,201,All Ages,4698655,2337687,2360968,1370210,685048,685162,872433,410318,462115,351866,173998,177868,100503,50222,50281,2003643,1018101,985542
HARRIS COUNTY,201,< 1 Year,66734,33983,32751,13254,6800,6454,12186,6193,5993,3169,1643,1526,2400,1234,1166,35725,18113,17612
HARRIS COUNTY,201,1 Years,67373,34362,33011,13537,6919,6618,12259,6241,6018,3297,1685,1612,2474,1266,1208,35806,18251,17555
HARRIS COUNTY,201,2 Years,70123,35733,34390,14227,7297,6930,12774,6485,6289,3552,1815,1737,2677,1362,1315,36893,18774,18119
HARRIS COUNTY,201,3 Years,73205,37266,35939,15191,7732,7459,13236,6738,6498,4007,2031,1976,2773,1409,1364,37998,19356,18642
HARRIS COUNTY,201,4 Years,75247,38317,36930,15940,8151,7789,13535,6873,6662,4448,2253,2195,2810,1427,1383,38514,19613,18901
HARRIS COUNTY,201,5 Years,74689,37989,36700,16102,8209,7893,13440,6821,6619,4609,2334,2275,2716,1379,1337,37822,19246,18576
HARRIS COUNTY,201,6 Years,73120,37249,35871,15855,8122,7733,13145,6661,6484,4534,2318,2216,2640,1348,1292,36946,18800,18146
HARRIS COUNTY,201,7 Years,71489,36340,35149,15447,7908,7539,12795,6473,6322,4259,2195,2064,2469,1268,1201,36519,18496,18023
HARRIS COUNTY,201,8 Years,71814,36426,35388,15379,7854,7525,12818,6479,6339,4173,2144,2029,2399,1230,1169,37045,18719,18326
HARRIS COUNTY,201,9 Years,69774,35328,34446,14593,7522,7071,12455,6261,6194,3875,1921,1954,2212,1111,1101,36639,18513,18126
HARRIS COUNTY,201,10 Years,69889,35434,34455,14545,7454,7091,12600,6313,6287,3833,1960,1873,2152,1121,1031,36759,18586,18173
HARRIS COUNTY,201,11 Years,69819,35560,34259,14336,7408,6928,12586,6312,6274,3846,2056,1790,2117,1117,1000,36934,18667,18267
HARRIS COUNTY,201,12 Years,69465,35403,34062,14118,7300,6818,12725,6480,6245,3872,1981,1891,2036,1065,971,36714,18577,18137
HARRIS COUNTY,201,13 Years,68007,34597,33410,13833,7157,6676,12533,6234,6299,3927,2015,1912,1871,985,886,35843,18206,17637
HARRIS COUNTY,201,14 Years,67365,34352,33013,13669,6998,6671,12375,6150,6225,3961,2089,1872,1765,907,858,35595,18208,17387
HARRIS COUNTY,201,15 Years,66758,34072,32686,13654,7030,6624,12209,6131,6078,4019,2099,1920,1701,879,822,35175,17933,17242
HARRIS COUNTY,201,16 Years,66825,34199,32626,14003,7274,6729,12025,6060,5965,4253,2253,2000,1710,866,844,34834,17746,17088
HARRIS COUNTY,201,17 Years,66510,34297,32213,13887,7233,6654,12167,6224,5943,4342,2302,2040,1631,816,815,34483,17722,16761
HARRIS COUNTY,201,18 Years,65545,33838,31707,13540,7144,6396,11787,5940,5847,4614,2474,2140,1552,810,742,34052,17470,16582
HARRIS COUNTY,201,19 Years,62513,32190,30323,12652,6592,6060,11407,5784,5623,4391,2320,2071,1516,762,754,32547,16732,15815
HARRIS COUNTY,201,20 Years,60558,31020,29538,12384,6403,5981,11327,5809,5518,4144,2134,2010,1482,738,744,31221,15936,15285
HARRIS COUNTY,201,21 Years,61746,31484,30262,13005,6775,6230,11871,5889,5982,4463,2297,2166,1523,740,783,30884,15783,15101
HARRIS COUNTY,201,22 Years,63650,32123,31527,14376,7395,6981,12442,6045,6397,4941,2455,2486,1615,804,811,30276,15424,14852
HARRIS COUNTY,201,23 Years,66148,33352,32796,16086,8270,7816,12996,6395,6601,5272,2651,2621,1677,822,855,30117,15214,14903
HARRIS COUNTY,201,24 Years,69564,34934,34630,17861,9111,8750,13994,6869,7125,5462,2739,2723,1783,850,933,30464,15365,15099
HARRIS COUNTY,201,25 Years,72353,36366,35987,19336,9896,9440,14969,7335,7634,5605,2801,2804,1853,862,991,30590,15472,15118
HARRIS COUNTY,201,26 Years,74599,37722,36877,20406,10600,9806,16017,7873,8144,5681,2820,2861,1939,932,1007,30556,15497,15059
HARRIS COUNTY,201,27 Years,75272,38369,36903,20300,10680,9620,16547,8130,8417,5746,2935,2811,1827,899,928,30852,15725,15127
HARRIS COUNTY,201,28 Years,75214,38161,37053,19454,10260,9194,16800,8005,8795,5934,2982,2952,1736,876,860,31290,16038,15252
HARRIS COUNTY,201,29 Years,74710,37932,36778,19159,10078,9081,16971,8038,8933,6109,3020,3089,1739,901,838,30732,15895,14837
HARRIS COUNTY,201,30 Years,73090,36702,36388,18909,9659,9250,16163,7509,8654,6545,3211,3334,1606,826,780,29867,15497,14370
HARRIS COUNTY,201,31 Years,73581,37139,36442,19849,10067,9782,15225,6987,8238,6862,3509,3353,1528,751,777,30117,15825,14292
HARRIS COUNTY,201,32 Years,74308,37476,36832,21182,10618,10564,14690,6786,7904,6527,3318,3209,1494,693,801,30415,16061,14354
HARRIS COUNTY,201,33 Years,75282,38241,37041,22099,11195,10904,14690,6892,7798,6685,3369,3316,1450,716,734,30358,16069,14289
HARRIS COUNTY,201,34 Years,74262,37815,36447,21698,11082,10616,14114,6616,7498,6538,3336,3202,1413,708,705,30499,16073,14426
HARRIS COUNTY,201,35 Years,73172,37156,36016,21102,10858,10244,13651,6385,7266,6698,3335,3363,1391,705,686,30330,15873,14457
HARRIS COUNTY,201,36 Years,73634,37594,36040,20961,10771,10190,13675,6461,7214,6764,3333,3431,1387,676,711,30847,16353,14494
HARRIS COUNTY,201,37 Years,72442,36880,35562,20343,10482,9861,13410,6301,7109,6380,3112,3268,1337,648,689,30972,16337,14635
HARRIS COUNTY,201,38 Years,71687,36204,35483,19760,10186,9574,13425,6269,7156,5993,2888,3105,1282,642,640,31227,16219,15008
HARRIS COUNTY,201,39 Years,71507,36268,35239,19562,10056,9506,13392,6221,7171,5846,2865,2981,1205,619,586,31502,16507,14995
HARRIS COUNTY,201,40 Years,66948,33841,33107,18087,9371,8716,12641,5906,6735,5542,2664,2878,1108,565,543,29570,15335,14235
HARRIS COUNTY,201,41 Years,65134,32815,32319,17383,8972,8411,11810,5445,6365,5269,2580,2689,1081,537,544,29591,15281,14310
HARRIS COUNTY,201,42 Years,63558,32119,31439,16964,8737,8227,11239,5216,6023,4934,2382,2552,1034,511,523,29387,15273,14114
HARRIS COUNTY,201,43 Years,62712,31497,31215,16440,8434,8006,10867,4955,5912,5220,2489,2731,996,487,509,29189,15132,14057
HARRIS COUNTY,201,44 Years,62725,31339,31386,16597,8481,8116,10649,4920,5729,5341,2587,2754,922,464,458,29216,14887,14329
HARRIS COUNTY,201,45 Years,61015,30314,30701,16094,8205,7889,10540,4832,5708,5283,2522,2761,932,458,474,28166,14297,13869
HARRIS COUNTY,201,46 Years,60775,30075,30700,16193,8352,7841,10916,4891,6025,5428,2593,2835,928,445,483,27310,13794,13516
HARRIS COUNTY,201,47 Years,61338,30396,30942,17448,8966,8482,10985,4980,6005,5300,2525,2775,965,450,515,26640,13475,13165
HARRIS COUNTY,201,48 Years,62030,30833,31197,18659,9475,9184,11055,5120,5935,5325,2509,2816,975,451,524,26016,13278,12738
HARRIS COUNTY,201,49 Years,61012,30347,30665,18857,9658,9199,10472,4803,5669,5297,2514,2783,905,405,500,25481,12967,12514
HARRIS COUNTY,201,50 Years,56923,28519,28404,17766,9152,8614,9576,4371,5205,5073,2466,2607,804,374,430,23704,12156,11548
HARRIS COUNTY,201,51 Years,54768,27444,27324,17155,8792,8363,9310,4308,5002,4760,2327,2433,759,359,400,22784,11658,11126
HARRIS COUNTY,201,52 Years,53451,26560,26891,16982,8588,8394,9402,4299,5103,4382,2135,2247,749,340,409,21936,11198,10738
HARRIS COUNTY,201,53 Years,52712,26206,26506,16849,8527,8322,9448,4305,5143,4363,2138,2225,677,326,351,21375,10910,10465
HARRIS COUNTY,201,54 Years,53740,26626,27114,18058,9063,8995,9747,4372,5375,4295,2103,2192,668,328,340,20972,10760,10212
HARRIS COUNTY,201,55 Years,53484,26444,27040,18828,9470,9358,9530,4282,5248,4365,2152,2213,738,367,371,20023,10173,9850
HARRIS COUNTY,201,56 Years,52896,25985,26911,19233,9577,9656,9320,4163,5157,4313,2138,2175,767,377,390,19263,9730,9533
HARRIS COUNTY,201,57 Years,51758,25428,26330,19591,9697,9894,9276,4150,5126,3944,1956,1988,713,336,377,18234,9289,8945
HARRIS COUNTY,201,58 Years,51740,25231,26509,19983,9891,10092,9507,4220,5287,3856,1853,2003,717,345,372,17677,8922,8755
HARRIS COUNTY,201,59 Years,51942,25322,26620,20516,10156,10360,9457,4190,5267,3864,1855,2009,720,366,354,17385,8755,8630
HARRIS COUNTY,201,60 Years,50039,24205,25834,20479,10147,10332,9241,4036,5205,3803,1807,1996,659,325,334,15857,7890,7967
HARRIS COUNTY,201,61 Years,49121,23753,25368,20770,10312,10458,9020,3982,5038,3666,1718,1948,674,337,337,14991,7404,7587
HARRIS COUNTY,201,62 Years,46821,22654,24167,20035,9949,10086,8633,3824,4809,3533,1666,1867,627,320,307,13993,6895,7098
HARRIS COUNTY,201,63 Years,44961,21573,23388,19405,9439,9966,8233,3647,4586,3555,1666,1889,611,324,287,13157,6497,6660
HARRIS COUNTY,201,64 Years,43199,20812,22387,18942,9349,9593,7896,3481,4415,3490,1656,1834,579,294,285,12292,6032,6260
HARRIS COUNTY,201,65 Years,40523,19424,21099,18167,8876,9291,7303,3174,4129,3347,1615,1732,510,272,238,11196,5487,5709
HARRIS COUNTY,201,66 Years,38456,18200,20256,17559,8533,9026,6986,3021,3965,3191,1477,1714,498,275,223,10222,4894,5328
HARRIS COUNTY,201,67 Years,35813,16798,19015,16711,8090,8621,6659,2821,3838,2919,1335,1584,433,238,195,9091,4314,4777
HARRIS COUNTY,201,68 Years,33571,15638,17933,15468,7362,8106,6369,2694,3675,2758,1246,1512,405,214,191,8571,4122,4449
HARRIS COUNTY,201,69 Years,31900,14751,17149,14941,7067,7874,5997,2485,3512,2725,1241,1484,369,192,177,7868,3766,4102
HARRIS COUNTY,201,70 Years,29780,13755,16025,14382,6828,7554,5560,2304,3256,2517,1157,1360,356,183,173,6965,3283,3682
HARRIS COUNTY,201,71 Years,28875,13345,15530,14575,6860,7715,5088,2138,2950,2292,1082,1210,362,189,173,6558,3076,3482
HARRIS COUNTY,201,72 Years,27589,12615,14974,14604,6856,7748,4666,1906,2760,2020,933,1087,341,170,171,5958,2750,3208
HARRIS COUNTY,201,73 Years,22730,10326,12404,11529,5400,6129,3914,1569,2345,1734,833,901,275,122,153,5278,2402,2876
HARRIS COUNTY,201,74 Years,20948,9417,11531,10647,4909,5738,3668,1453,2215,1647,801,846,234,103,131,4752,2151,2601
HARRIS COUNTY,201,75 Years,19707,8687,11020,10438,4722,5716,3338,1300,2038,1443,698,745,202,91,111,4286,1876,2410
HARRIS COUNTY,201,76 Years,18613,8173,10440,10011,4530,5481,3150,1216,1934,1413,687,726,178,82,96,3861,1658,2203
HARRIS COUNTY,201,77 Years,16343,7164,9179,8739,3960,4779,2776,1057,1719,1306,647,659,163,73,90,3359,1427,1932
HARRIS COUNTY,201,78 Years,14630,6300,8330,7661,3392,4269,2545,943,1602,1173,587,586,143,62,81,3108,1316,1792
HARRIS COUNTY,201,79 Years,13210,5642,7568,6882,3008,3874,2293,844,1449,1049,506,543,132,49,83,2854,1235,1619
HARRIS COUNTY,201,80 Years,11801,4989,6812,6285,2715,3570,1983,729,1254,914,425,489,107,44,63,2512,1076,1436
HARRIS COUNTY,201,81 Years,11033,4488,6545,5856,2421,3435,1829,635,1194,879,418,461,88,35,53,2381,979,1402
HARRIS COUNTY,201,82 Years,9810,3981,5829,5137,2154,2983,1655,560,1095,799,381,418,79,31,48,2140,855,1285
HARRIS COUNTY,201,83 Years,9052,3572,5480,4847,1995,2852,1537,504,1033,666,308,358,77,28,49,1925,737,1188
HARRIS COUNTY,201,84 Years,8402,3323,5079,4620,1854,2766,1412,462,950,565,291,274,57,21,36,1748,695,1053
HARRIS COUNTY,201,85 Years,7336,2854,4482,4035,1613,2422,1213,402,811,515,236,279,51,19,32,1522,584,938
HARRIS COUNTY,201,86 Years,6531,2497,4034,3688,1460,2228,1088,361,727,442,199,243,41,12,29,1272,465,807
HARRIS COUNTY,201,87 Years,5909,2198,3711,3444,1308,2136,908,285,623,375,169,206,41,13,28,1141,423,718
HARRIS COUNTY,201,88 Years,5330,1957,3373,3160,1206,1954,778,233,545,348,149,199,39,11,28,1005,358,647
HARRIS COUNTY,201,89 Years,4781,1683,3098,2853,1049,1804,725,201,524,317,133,184,34,9,25,852,291,561
HARRIS COUNTY,201,90 Years,3976,1362,2614,2406,860,1546,594,155,439,247,107,140,23,7,16,706,233,473
HARRIS COUNTY,201,91 Years,3270,1103,2167,2010,701,1309,475,118,357,195,86,109,16,5,11,574,193,381
HARRIS COUNTY,201,92 Years,2733,901,1832,1697,578,1119,403,100,303,166,65,101,14,3,11,453,155,298
HARRIS COUNTY,201,93 Years,2197,688,1509,1347,434,913,340,77,263,144,54,90,13,3,10,353,120,233
HARRIS COUNTY,201,94 Years,1758,507,1251,1096,329,767,265,56,209,104,34,70,8,1,7,285,87,198
HARRIS COUNTY,201,95 Years +,4203,1138,3065,2507,672,1835,720,149,571,279,99,180,18,4,14,679,214,465
HARRISON COUNTY,203,All Ages,68559,33221,35338,42947,20955,21992,14302,6545,7757,366,177,189,1400,706,694,9544,4838,4706
HARRISON COUNTY,203,< 1 Year,834,427,407,421,216,205,181,93,88,2,1,1,30,19,11,200,98,102
HARRISON COUNTY,203,1 Years,854,444,410,436,231,205,178,93,85,3,2,1,33,19,14,204,99,105
HARRISON COUNTY,203,2 Years,905,459,446,466,244,222,186,93,93,3,2,1,37,18,19,213,102,111
HARRISON COUNTY,203,3 Years,956,475,481,487,251,236,194,92,102,3,2,1,38,18,20,234,112,122
HARRISON COUNTY,203,4 Years,999,488,511,498,248,250,203,91,112,4,3,1,38,19,19,256,127,129
HARRISON COUNTY,203,5 Years,1000,491,509,492,251,241,205,91,114,4,1,3,33,16,17,266,132,134
HARRISON COUNTY,203,6 Years,1003,505,498,494,259,235,209,99,110,4,1,3,31,14,17,265,132,133
HARRISON COUNTY,203,7 Years,1018,524,494,501,277,224,212,99,113,2,1,1,32,15,17,271,132,139
HARRISON COUNTY,203,8 Years,1032,533,499,513,278,235,209,101,108,3,2,1,34,17,17,273,135,138
HARRISON COUNTY,203,9 Years,1131,570,561,561,300,261,235,111,124,4,4,0,33,22,11,298,133,165
HARRISON COUNTY,203,10 Years,933,489,444,477,267,210,192,85,107,4,2,2,39,26,13,221,109,112
HARRISON COUNTY,203,11 Years,941,495,446,475,269,206,208,103,105,4,2,2,27,12,15,227,109,118
HARRISON COUNTY,203,12 Years,1004,500,504,511,252,259,209,102,107,5,2,3,37,20,17,242,124,118
HARRISON COUNTY,203,13 Years,1000,499,501,522,273,249,209,95,114,5,2,3,38,21,17,226,108,118
HARRISON COUNTY,203,14 Years,962,516,446,508,276,232,206,101,105,7,5,2,31,20,11,210,114,96
HARRISON COUNTY,203,15 Years,972,491,481,511,269,242,216,96,120,10,4,6,28,16,12,207,106,101
HARRISON COUNTY,203,16 Years,940,453,487,481,236,245,214,95,119,10,6,4,28,14,14,207,102,105
HARRISON COUNTY,203,17 Years,923,458,465,487,235,252,215,106,109,6,3,3,29,13,16,186,101,85
HARRISON COUNTY,203,18 Years,857,438,419,473,240,233,179,86,93,5,2,3,23,13,10,177,97,80
HARRISON COUNTY,203,19 Years,808,430,378,430,232,198,188,93,95,4,3,1,25,12,13,161,90,71
HARRISON COUNTY,203,20 Years,763,363,400,395,194,201,206,94,112,3,2,1,19,9,10,140,64,76
HARRISON COUNTY,203,21 Years,769,389,380,412,209,203,192,99,93,4,3,1,21,11,10,140,67,73
HARRISON COUNTY,203,22 Years,775,390,385,433,219,214,186,98,88,2,1,1,21,9,12,133,63,70
HARRISON COUNTY,203,23 Years,779,384,395,449,226,223,176,86,90,7,3,4,21,11,10,126,58,68
HARRISON COUNTY,203,24 Years,805,383,422,468,231,237,197,79,118,4,3,1,15,9,6,121,61,60
HARRISON COUNTY,203,25 Years,856,423,433,517,251,266,205,103,102,4,2,2,19,10,9,111,57,54
HARRISON COUNTY,203,26 Years,876,436,440,540,275,265,201,102,99,5,3,2,18,10,8,112,46,66
HARRISON COUNTY,203,27 Years,960,468,492,551,275,276,273,127,146,6,4,2,14,8,6,116,54,62
HARRISON COUNTY,203,28 Years,967,463,504,527,252,275,297,141,156,9,5,4,10,6,4,124,59,65
HARRISON COUNTY,203,29 Years,1007,456,551,553,259,294,308,135,173,4,3,1,12,4,8,130,55,75
HARRISON COUNTY,203,30 Years,980,462,518,572,285,287,275,121,154,2,2,0,16,5,11,115,49,66
HARRISON COUNTY,203,31 Years,956,439,517,581,277,304,230,91,139,2,2,0,18,8,10,125,61,64
HARRISON COUNTY,203,32 Years,853,406,447,516,246,270,202,96,106,3,2,1,10,3,7,122,59,63
HARRISON COUNTY,203,33 Years,866,422,444,527,264,263,183,90,93,6,4,2,14,7,7,136,57,79
HARRISON COUNTY,203,34 Years,879,415,464,569,273,296,170,80,90,4,1,3,13,5,8,123,56,67
HARRISON COUNTY,203,35 Years,820,389,431,521,244,277,166,77,89,3,0,3,12,5,7,118,63,55
HARRISON COUNTY,203,36 Years,828,400,428,539,257,282,160,76,84,4,1,3,8,5,3,117,61,56
HARRISON COUNTY,203,37 Years,828,414,414,533,266,267,156,75,81,3,1,2,10,6,4,126,66,60
HARRISON COUNTY,203,38 Years,894,434,460,599,295,304,169,76,93,7,3,4,9,4,5,110,56,54
HARRISON COUNTY,203,39 Years,880,407,473,583,272,311,168,70,98,4,1,3,9,3,6,116,61,55
HARRISON COUNTY,203,40 Years,779,375,404,501,234,267,146,68,78,5,2,3,18,10,8,109,61,48
HARRISON COUNTY,203,41 Years,820,390,430,550,254,296,142,69,73,3,0,3,12,7,5,113,60,53
HARRISON COUNTY,203,42 Years,794,377,417,510,245,265,149,68,81,4,1,3,9,5,4,122,58,64
HARRISON COUNTY,203,43 Years,757,380,377,488,256,232,146,65,81,7,3,4,7,3,4,109,53,56
HARRISON COUNTY,203,44 Years,763,404,359,500,270,230,139,67,72,5,3,2,6,2,4,113,62,51
HARRISON COUNTY,203,45 Years,717,368,349,471,236,235,119,63,56,3,1,2,13,3,10,111,65,46
HARRISON COUNTY,203,46 Years,765,368,397,516,246,270,125,60,65,9,6,3,13,6,7,102,50,52
HARRISON COUNTY,203,47 Years,812,410,402,539,265,274,136,70,66,10,4,6,16,7,9,111,64,47
HARRISON COUNTY,203,48 Years,857,417,440,574,287,287,155,63,92,6,3,3,16,6,10,106,58,48
HARRISON COUNTY,203,49 Years,873,433,440,589,293,296,153,70,83,10,3,7,9,5,4,112,62,50
HARRISON COUNTY,203,50 Years,769,371,398,514,254,260,139,55,84,10,5,5,7,4,3,99,53,46
HARRISON COUNTY,203,51 Years,703,347,356,482,240,242,129,52,77,5,4,1,12,7,5,75,44,31
HARRISON COUNTY,203,52 Years,702,340,362,476,230,246,127,58,69,4,1,3,9,4,5,86,47,39
HARRISON COUNTY,203,53 Years,714,329,385,478,218,260,144,62,82,4,0,4,5,3,2,83,46,37
HARRISON COUNTY,203,54 Years,845,394,451,579,267,312,167,69,98,2,1,1,6,2,4,91,55,36
HARRISON COUNTY,203,55 Years,860,391,469,592,265,327,167,69,98,3,1,2,10,3,7,88,53,35
HARRISON COUNTY,203,56 Years,919,442,477,637,306,331,189,86,103,5,3,2,10,5,5,78,42,36
HARRISON COUNTY,203,57 Years,891,451,440,627,318,309,172,78,94,4,3,1,15,8,7,73,44,29
HARRISON COUNTY,203,58 Years,899,466,433,644,335,309,182,89,93,3,0,3,11,5,6,59,37,22
HARRISON COUNTY,203,59 Years,875,438,437,625,314,311,179,80,99,3,1,2,10,7,3,58,36,22
HARRISON COUNTY,203,60 Years,875,435,440,647,317,330,165,80,85,0,0,0,11,4,7,52,34,18
HARRISON COUNTY,203,61 Years,933,474,459,654,319,335,183,97,86,5,1,4,15,8,7,76,49,27
HARRISON COUNTY,203,62 Years,899,449,450,658,325,333,166,83,83,6,2,4,18,7,11,51,32,19
HARRISON COUNTY,203,63 Years,846,406,440,614,292,322,164,75,89,6,5,1,14,8,6,48,26,22
HARRISON COUNTY,203,64 Years,832,399,433,608,283,325,156,74,82,7,4,3,17,7,10,44,31,13
HARRISON COUNTY,203,65 Years,784,356,428,581,255,326,145,70,75,6,3,3,13,7,6,39,21,18
HARRISON COUNTY,203,66 Years,762,336,426,557,239,318,153,69,84,2,1,1,13,5,8,37,22,15
HARRISON COUNTY,203,67 Years,730,329,401,533,245,288,149,62,87,4,1,3,17,7,10,27,14,13
HARRISON COUNTY,203,68 Years,695,312,383,504,222,282,152,72,80,3,1,2,12,7,5,24,10,14
HARRISON COUNTY,203,69 Years,699,328,371,510,236,274,152,76,76,2,1,1,11,7,4,24,8,16
HARRISON COUNTY,203,70 Years,701,314,387,526,240,286,137,58,79,3,1,2,14,7,7,21,8,13
HARRISON COUNTY,203,71 Years,715,341,374,538,264,274,140,60,80,3,0,3,12,8,4,22,9,13
HARRISON COUNTY,203,72 Years,690,321,369,525,247,278,121,53,68,5,2,3,16,9,7,23,10,13
HARRISON COUNTY,203,73 Years,584,279,305,446,219,227,106,43,63,3,2,1,9,5,4,20,10,10
HARRISON COUNTY,203,74 Years,528,238,290,395,180,215,108,44,64,1,1,0,8,4,4,16,9,7
HARRISON COUNTY,203,75 Years,479,221,258,367,174,193,92,37,55,1,0,1,6,2,4,13,8,5
HARRISON COUNTY,203,76 Years,479,234,245,364,181,183,93,39,54,2,1,1,5,4,1,15,9,6
HARRISON COUNTY,203,77 Years,428,193,235,327,152,175,81,32,49,4,1,3,6,3,3,10,5,5
HARRISON COUNTY,203,78 Years,374,167,207,289,128,161,72,31,41,2,1,1,3,1,2,8,6,2
HARRISON COUNTY,203,79 Years,356,161,195,276,125,151,69,31,38,1,0,1,4,2,2,6,3,3
HARRISON COUNTY,203,80 Years,327,144,183,252,117,135,62,20,42,2,0,2,5,2,3,6,5,1
HARRISON COUNTY,203,81 Years,294,126,168,232,101,131,50,18,32,2,1,1,3,2,1,7,4,3
HARRISON COUNTY,203,82 Years,266,106,160,203,82,121,50,18,32,2,1,1,3,2,1,8,3,5
HARRISON COUNTY,203,83 Years,255,99,156,199,80,119,46,15,31,1,0,1,1,0,1,8,4,4
HARRISON COUNTY,203,84 Years,219,91,128,169,74,95,41,14,27,2,1,1,1,0,1,6,2,4
HARRISON COUNTY,203,85 Years,192,73,119,154,60,94,33,10,23,2,2,0,1,0,1,2,1,1
HARRISON COUNTY,203,86 Years,185,67,118,144,58,86,35,8,27,0,0,0,2,1,1,4,0,4
HARRISON COUNTY,203,87 Years,157,59,98,122,47,75,28,8,20,1,1,0,2,1,1,4,2,2
HARRISON COUNTY,203,88 Years,149,54,95,113,44,69,31,8,23,1,1,0,1,0,1,3,1,2
HARRISON COUNTY,203,89 Years,130,48,82,98,38,60,27,7,20,0,0,0,3,1,2,2,2,0
HARRISON COUNTY,203,90 Years,105,38,67,81,30,51,20,6,14,0,0,0,3,1,2,1,1,0
HARRISON COUNTY,203,91 Years,87,27,60,62,22,40,21,5,16,1,0,1,1,0,1,2,0,2
HARRISON COUNTY,203,92 Years,67,22,45,46,15,31,16,5,11,1,0,1,0,0,0,4,2,2
HARRISON COUNTY,203,93 Years,56,19,37,36,13,23,16,4,12,0,0,0,1,0,1,3,2,1
HARRISON COUNTY,203,94 Years,43,11,32,30,9,21,11,2,9,0,0,0,1,0,1,1,0,1
HARRISON COUNTY,203,95 Years +,111,25,86,66,15,51,38,9,29,2,1,1,1,0,1,4,0,4
HARTLEY COUNTY,205,All Ages,5861,3603,2258,3733,2060,1673,411,405,6,31,15,16,66,33,33,1620,1090,530
HARTLEY COUNTY,205,< 1 Year,69,34,35,37,17,20,0,0,0,0,0,0,1,1,0,31,16,15
HARTLEY COUNTY,205,1 Years,67,33,34,33,16,17,0,0,0,2,1,1,2,1,1,30,15,15
HARTLEY COUNTY,205,2 Years,65,36,29,36,20,16,0,0,0,1,0,1,1,1,0,27,15,12
HARTLEY COUNTY,205,3 Years,57,31,26,32,18,14,0,0,0,0,0,0,1,0,1,24,13,11
HARTLEY COUNTY,205,4 Years,54,32,22,34,20,14,0,0,0,0,0,0,0,0,0,20,12,8
HARTLEY COUNTY,205,5 Years,57,29,28,32,16,16,0,0,0,0,0,0,1,0,1,24,13,11
HARTLEY COUNTY,205,6 Years,61,29,32,37,17,20,0,0,0,0,0,0,1,0,1,23,12,11
HARTLEY COUNTY,205,7 Years,57,29,28,35,17,18,0,0,0,0,0,0,1,1,0,21,11,10
HARTLEY COUNTY,205,8 Years,54,28,26,34,16,18,0,0,0,2,1,1,1,1,0,17,10,7
HARTLEY COUNTY,205,9 Years,54,33,21,33,20,13,1,0,1,1,1,0,1,1,0,18,11,7
HARTLEY COUNTY,205,10 Years,60,34,26,37,22,15,0,0,0,0,0,0,1,1,0,22,11,11
HARTLEY COUNTY,205,11 Years,63,37,26,45,25,20,0,0,0,0,0,0,1,1,0,17,11,6
HARTLEY COUNTY,205,12 Years,70,36,34,49,26,23,0,0,0,0,0,0,1,0,1,20,10,10
HARTLEY COUNTY,205,13 Years,73,33,40,49,23,26,1,1,0,0,0,0,0,0,0,23,9,14
HARTLEY COUNTY,205,14 Years,76,36,40,46,24,22,0,0,0,0,0,0,2,0,2,28,12,16
HARTLEY COUNTY,205,15 Years,74,36,38,47,23,24,0,0,0,0,0,0,1,0,1,26,13,13
HARTLEY COUNTY,205,16 Years,74,41,33,44,24,20,0,0,0,0,0,0,1,1,0,29,16,13
HARTLEY COUNTY,205,17 Years,72,34,38,44,24,20,0,0,0,1,0,1,1,1,0,26,9,17
HARTLEY COUNTY,205,18 Years,62,31,31,37,23,14,0,0,0,1,0,1,1,0,1,23,8,15
HARTLEY COUNTY,205,19 Years,55,27,28,36,18,18,0,0,0,0,0,0,1,1,0,18,8,10
HARTLEY COUNTY,205,20 Years,60,29,31,34,15,19,1,0,1,1,1,0,1,0,1,23,13,10
HARTLEY COUNTY,205,21 Years,53,28,25,30,16,14,1,0,1,1,0,1,1,1,0,20,11,9
HARTLEY COUNTY,205,22 Years,50,28,22,30,15,15,1,1,0,0,0,0,2,2,0,17,10,7
HARTLEY COUNTY,205,23 Years,61,27,34,37,16,21,2,1,1,0,0,0,2,1,1,20,9,11
HARTLEY COUNTY,205,24 Years,51,21,30,32,12,20,1,1,0,1,1,0,1,0,1,16,7,9
HARTLEY COUNTY,205,25 Years,80,36,44,55,22,33,2,2,0,0,0,0,2,1,1,21,11,10
HARTLEY COUNTY,205,26 Years,99,55,44,58,22,36,9,9,0,0,0,0,1,0,1,31,24,7
HARTLEY COUNTY,205,27 Years,96,69,27,49,27,22,13,13,0,1,1,0,1,1,0,32,27,5
HARTLEY COUNTY,205,28 Years,77,58,19,42,28,14,7,7,0,1,1,0,1,1,0,26,21,5
HARTLEY COUNTY,205,29 Years,88,73,15,35,28,7,20,20,0,0,0,0,3,1,2,30,24,6
HARTLEY COUNTY,205,30 Years,80,64,16,37,26,11,12,12,0,2,2,0,2,1,1,27,23,4
HARTLEY COUNTY,205,31 Years,73,55,18,34,23,11,14,14,0,0,0,0,1,1,0,24,17,7
HARTLEY COUNTY,205,32 Years,83,64,19,41,31,10,14,14,0,1,0,1,0,0,0,27,19,8
HARTLEY COUNTY,205,33 Years,88,69,19,41,29,12,14,14,0,1,0,1,2,1,1,30,25,5
HARTLEY COUNTY,205,34 Years,83,61,22,42,28,14,11,11,0,0,0,0,2,1,1,28,21,7
HARTLEY COUNTY,205,35 Years,94,72,22,45,29,16,14,14,0,1,0,1,0,0,0,34,29,5
HARTLEY COUNTY,205,36 Years,91,74,17,43,30,13,14,14,0,3,1,2,1,1,0,30,28,2
HARTLEY COUNTY,205,37 Years,84,69,15,48,37,11,9,9,0,1,0,1,0,0,0,26,23,3
HARTLEY COUNTY,205,38 Years,101,77,24,51,37,14,15,15,0,0,0,0,0,0,0,35,25,10
HARTLEY COUNTY,205,39 Years,101,78,23,42,28,14,23,23,0,1,1,0,0,0,0,35,26,9
HARTLEY COUNTY,205,40 Years,90,67,23,41,26,15,13,13,0,1,1,0,2,1,1,33,26,7
HARTLEY COUNTY,205,41 Years,99,69,30,52,29,23,16,15,1,1,1,0,0,0,0,30,24,6
HARTLEY COUNTY,205,42 Years,103,75,28,50,31,19,16,16,0,0,0,0,1,0,1,36,28,8
HARTLEY COUNTY,205,43 Years,91,65,26,44,28,16,14,14,0,0,0,0,2,0,2,31,23,8
HARTLEY COUNTY,205,44 Years,104,82,22,50,35,15,18,18,0,0,0,0,1,0,1,35,29,6
HARTLEY COUNTY,205,45 Years,111,81,30,54,35,19,15,15,0,0,0,0,0,0,0,42,31,11
HARTLEY COUNTY,205,46 Years,116,80,36,61,36,25,13,13,0,0,0,0,0,0,0,42,31,11
HARTLEY COUNTY,205,47 Years,110,73,37,64,36,28,9,9,0,0,0,0,0,0,0,37,28,9
HARTLEY COUNTY,205,48 Years,103,72,31,60,35,25,13,13,0,0,0,0,1,0,1,29,24,5
HARTLEY COUNTY,205,49 Years,100,68,32,62,38,24,11,11,0,0,0,0,1,0,1,26,19,7
HARTLEY COUNTY,205,50 Years,96,69,27,59,39,20,8,8,0,0,0,0,0,0,0,29,22,7
HARTLEY COUNTY,205,51 Years,95,69,26,59,38,21,10,10,0,1,1,0,0,0,0,25,20,5
HARTLEY COUNTY,205,52 Years,94,68,26,58,34,24,12,12,0,0,0,0,0,0,0,24,22,2
HARTLEY COUNTY,205,53 Years,83,56,27,52,29,23,15,15,0,2,0,2,1,1,0,13,11,2
HARTLEY COUNTY,205,54 Years,83,56,27,53,33,20,2,2,0,2,1,1,1,1,0,25,19,6
HARTLEY COUNTY,205,55 Years,75,49,26,53,31,22,6,6,0,0,0,0,1,0,1,15,12,3
HARTLEY COUNTY,205,56 Years,74,47,27,53,31,22,0,0,0,0,0,0,1,0,1,20,16,4
HARTLEY COUNTY,205,57 Years,78,49,29,56,31,25,6,6,0,0,0,0,1,0,1,15,12,3
HARTLEY COUNTY,205,58 Years,74,41,33,62,32,30,2,2,0,0,0,0,0,0,0,10,7,3
HARTLEY COUNTY,205,59 Years,70,45,25,57,34,23,4,4,0,0,0,0,0,0,0,9,7,2
HARTLEY COUNTY,205,60 Years,54,29,25,47,25,22,1,1,0,0,0,0,0,0,0,6,3,3
HARTLEY COUNTY,205,61 Years,56,29,27,46,24,22,2,2,0,0,0,0,0,0,0,8,3,5
HARTLEY COUNTY,205,62 Years,46,24,22,42,22,20,0,0,0,0,0,0,0,0,0,4,2,2
HARTLEY COUNTY,205,63 Years,45,26,19,42,23,19,1,1,0,0,0,0,0,0,0,2,2,0
HARTLEY COUNTY,205,64 Years,45,26,19,40,21,19,0,0,0,0,0,0,0,0,0,5,5,0
HARTLEY COUNTY,205,65 Years,43,18,25,38,16,22,0,0,0,1,0,1,0,0,0,4,2,2
HARTLEY COUNTY,205,66 Years,38,17,21,31,14,17,0,0,0,0,0,0,1,1,0,6,2,4
HARTLEY COUNTY,205,67 Years,43,23,20,38,21,17,1,0,1,0,0,0,1,1,0,3,1,2
HARTLEY COUNTY,205,68 Years,36,17,19,33,15,18,0,0,0,0,0,0,1,1,0,2,1,1
HARTLEY COUNTY,205,69 Years,38,20,18,36,19,17,0,0,0,0,0,0,0,0,0,2,1,1
HARTLEY COUNTY,205,70 Years,38,21,17,34,19,15,0,0,0,0,0,0,1,0,1,3,2,1
HARTLEY COUNTY,205,71 Years,48,23,25,42,20,22,0,0,0,0,0,0,1,1,0,5,2,3
HARTLEY COUNTY,205,72 Years,53,25,28,48,23,25,0,0,0,0,0,0,1,1,0,4,1,3
HARTLEY COUNTY,205,73 Years,37,17,20,34,15,19,0,0,0,0,0,0,0,0,0,3,2,1
HARTLEY COUNTY,205,74 Years,35,18,17,32,15,17,1,1,0,0,0,0,0,0,0,2,2,0
HARTLEY COUNTY,205,75 Years,37,17,20,34,15,19,1,1,0,0,0,0,0,0,0,2,1,1
HARTLEY COUNTY,205,76 Years,39,17,22,36,15,21,1,1,0,0,0,0,1,0,1,1,1,0
HARTLEY COUNTY,205,77 Years,51,27,24,48,25,23,0,0,0,0,0,0,1,0,1,2,2,0
HARTLEY COUNTY,205,78 Years,52,22,30,48,19,29,0,0,0,0,0,0,0,0,0,4,3,1
HARTLEY COUNTY,205,79 Years,43,21,22,40,19,21,0,0,0,0,0,0,0,0,0,3,2,1
HARTLEY COUNTY,205,80 Years,31,15,16,27,13,14,0,0,0,0,0,0,0,0,0,4,2,2
HARTLEY COUNTY,205,81 Years,31,14,17,30,14,16,0,0,0,0,0,0,0,0,0,1,0,1
HARTLEY COUNTY,205,82 Years,30,12,18,27,11,16,0,0,0,0,0,0,0,0,0,3,1,2
HARTLEY COUNTY,205,83 Years,25,11,14,23,10,13,0,0,0,0,0,0,0,0,0,2,1,1
HARTLEY COUNTY,205,84 Years,21,10,11,20,9,11,1,1,0,0,0,0,0,0,0,0,0,0
HARTLEY COUNTY,205,85 Years,20,9,11,19,8,11,0,0,0,0,0,0,0,0,0,1,1,0
HARTLEY COUNTY,205,86 Years,15,6,9,14,6,8,0,0,0,0,0,0,0,0,0,1,0,1
HARTLEY COUNTY,205,87 Years,15,8,7,13,7,6,0,0,0,0,0,0,0,0,0,2,1,1
HARTLEY COUNTY,205,88 Years,12,7,5,11,6,5,0,0,0,0,0,0,0,0,0,1,1,0
HARTLEY COUNTY,205,89 Years,15,5,10,13,4,9,0,0,0,0,0,0,1,0,1,1,1,0
HARTLEY COUNTY,205,90 Years,9,4,5,8,3,5,0,0,0,0,0,0,1,1,0,0,0,0
HARTLEY COUNTY,205,91 Years,8,3,5,7,3,4,0,0,0,0,0,0,0,0,0,1,0,1
HARTLEY COUNTY,205,92 Years,7,2,5,6,2,4,0,0,0,0,0,0,0,0,0,1,0,1
HARTLEY COUNTY,205,93 Years,6,3,3,4,2,2,0,0,0,0,0,0,0,0,0,2,1,1
HARTLEY COUNTY,205,94 Years,4,2,2,4,2,2,0,0,0,0,0,0,0,0,0,0,0,0
HARTLEY COUNTY,205,95 Years +,19,8,11,15,6,9,0,0,0,0,0,0,0,0,0,4,2,2
HASKELL COUNTY,207,All Ages,5628,3053,2575,3567,1862,1705,215,135,80,32,21,11,106,66,40,1708,969,739
HASKELL COUNTY,207,< 1 Year,57,33,24,35,18,17,4,3,1,0,0,0,0,0,0,18,12,6
HASKELL COUNTY,207,1 Years,59,34,25,30,16,14,4,2,2,0,0,0,0,0,0,25,16,9
HASKELL COUNTY,207,2 Years,55,31,24,26,13,13,0,0,0,0,0,0,4,3,1,25,15,10
HASKELL COUNTY,207,3 Years,65,35,30,28,15,13,3,1,2,0,0,0,3,3,0,31,16,15
HASKELL COUNTY,207,4 Years,65,31,34,31,15,16,0,0,0,0,0,0,1,1,0,33,15,18
HASKELL COUNTY,207,5 Years,68,32,36,31,14,17,4,2,2,0,0,0,2,1,1,31,15,16
HASKELL COUNTY,207,6 Years,61,26,35,26,11,15,4,2,2,0,0,0,0,0,0,31,13,18
HASKELL COUNTY,207,7 Years,62,30,32,28,15,13,4,2,2,0,0,0,1,0,1,29,13,16
HASKELL COUNTY,207,8 Years,65,32,33,27,15,12,2,1,1,0,0,0,3,1,2,33,15,18
HASKELL COUNTY,207,9 Years,88,39,49,42,17,25,3,0,3,0,0,0,1,0,1,42,22,20
HASKELL COUNTY,207,10 Years,60,30,30,27,11,16,3,2,1,0,0,0,2,2,0,28,15,13
HASKELL COUNTY,207,11 Years,60,30,30,30,15,15,2,1,1,0,0,0,4,3,1,24,11,13
HASKELL COUNTY,207,12 Years,56,27,29,28,13,15,0,0,0,0,0,0,2,2,0,26,12,14
HASKELL COUNTY,207,13 Years,50,30,20,21,11,10,1,1,0,0,0,0,3,3,0,25,15,10
HASKELL COUNTY,207,14 Years,62,34,28,33,17,16,2,2,0,0,0,0,1,1,0,26,14,12
HASKELL COUNTY,207,15 Years,60,31,29,29,15,14,2,1,1,0,0,0,1,0,1,28,15,13
HASKELL COUNTY,207,16 Years,65,30,35,39,21,18,1,1,0,1,0,1,2,0,2,22,8,14
HASKELL COUNTY,207,17 Years,73,39,34,33,14,19,5,3,2,0,0,0,2,1,1,33,21,12
HASKELL COUNTY,207,18 Years,68,44,24,27,17,10,3,1,2,1,1,0,1,1,0,36,24,12
HASKELL COUNTY,207,19 Years,67,42,25,33,19,14,5,3,2,1,1,0,4,4,0,24,15,9
HASKELL COUNTY,207,20 Years,77,48,29,35,20,15,4,3,1,0,0,0,1,1,0,37,24,13
HASKELL COUNTY,207,21 Years,69,47,22,32,20,12,4,3,1,0,0,0,2,2,0,31,22,9
HASKELL COUNTY,207,22 Years,70,45,25,35,20,15,3,2,1,0,0,0,2,1,1,30,22,8
HASKELL COUNTY,207,23 Years,81,50,31,41,25,16,6,3,3,2,2,0,1,1,0,31,19,12
HASKELL COUNTY,207,24 Years,87,51,36,48,26,22,4,2,2,0,0,0,4,3,1,31,20,11
HASKELL COUNTY,207,25 Years,85,44,41,54,27,27,2,2,0,0,0,0,6,3,3,23,12,11
HASKELL COUNTY,207,26 Years,96,46,50,69,36,33,1,1,0,2,1,1,3,0,3,21,8,13
HASKELL COUNTY,207,27 Years,97,55,42,58,32,26,4,4,0,0,0,0,2,0,2,33,19,14
HASKELL COUNTY,207,28 Years,94,59,35,54,31,23,2,2,0,0,0,0,0,0,0,38,26,12
HASKELL COUNTY,207,29 Years,91,61,30,58,36,22,3,3,0,0,0,0,1,1,0,29,21,8
HASKELL COUNTY,207,30 Years,72,50,22,52,36,16,2,2,0,0,0,0,1,1,0,17,11,6
HASKELL COUNTY,207,31 Years,76,55,21,46,32,14,3,3,0,0,0,0,2,1,1,25,19,6
HASKELL COUNTY,207,32 Years,68,47,21,36,24,12,3,1,2,1,1,0,2,0,2,26,21,5
HASKELL COUNTY,207,33 Years,66,45,21,42,28,14,2,2,0,2,2,0,1,0,1,19,13,6
HASKELL COUNTY,207,34 Years,59,37,22,38,22,16,2,2,0,1,1,0,1,1,0,17,11,6
HASKELL COUNTY,207,35 Years,64,35,29,43,22,21,2,2,0,0,0,0,1,1,0,18,10,8
HASKELL COUNTY,207,36 Years,59,38,21,37,21,16,4,4,0,0,0,0,1,1,0,17,12,5
HASKELL COUNTY,207,37 Years,65,42,23,37,21,16,3,2,1,0,0,0,2,2,0,23,17,6
HASKELL COUNTY,207,38 Years,59,39,20,35,19,16,4,3,1,1,1,0,1,1,0,18,15,3
HASKELL COUNTY,207,39 Years,70,42,28,47,27,20,1,0,1,2,2,0,1,1,0,19,12,7
HASKELL COUNTY,207,40 Years,68,41,27,48,27,21,2,2,0,0,0,0,1,0,1,17,12,5
HASKELL COUNTY,207,41 Years,58,37,21,38,21,17,3,2,1,1,1,0,0,0,0,16,13,3
HASKELL COUNTY,207,42 Years,59,39,20,35,22,13,2,2,0,1,1,0,0,0,0,21,14,7
HASKELL COUNTY,207,43 Years,64,37,27,39,21,18,3,3,0,1,0,1,0,0,0,21,13,8
HASKELL COUNTY,207,44 Years,65,37,28,40,23,17,3,2,1,1,1,0,1,0,1,20,11,9
HASKELL COUNTY,207,45 Years,50,26,24,33,18,15,3,2,1,0,0,0,1,0,1,13,6,7
HASKELL COUNTY,207,46 Years,50,29,21,39,23,16,3,2,1,0,0,0,0,0,0,8,4,4
HASKELL COUNTY,207,47 Years,49,27,22,32,18,14,3,2,1,1,1,0,1,1,0,12,5,7
HASKELL COUNTY,207,48 Years,48,24,24,32,19,13,2,1,1,1,1,0,0,0,0,13,3,10
HASKELL COUNTY,207,49 Years,61,31,30,41,21,20,3,2,1,0,0,0,1,1,0,16,7,9
HASKELL COUNTY,207,50 Years,51,28,23,32,20,12,3,1,2,0,0,0,0,0,0,16,7,9
HASKELL COUNTY,207,51 Years,54,28,26,32,15,17,3,1,2,0,0,0,1,1,0,18,11,7
HASKELL COUNTY,207,52 Years,53,28,25,30,16,14,4,2,2,1,0,1,1,1,0,17,9,8
HASKELL COUNTY,207,53 Years,59,29,30,38,21,17,4,2,2,1,0,1,0,0,0,16,6,10
HASKELL COUNTY,207,54 Years,59,29,30,42,22,20,1,0,1,0,0,0,0,0,0,16,7,9
HASKELL COUNTY,207,55 Years,67,34,33,50,23,27,2,2,0,0,0,0,0,0,0,15,9,6
HASKELL COUNTY,207,56 Years,76,38,38,54,28,26,4,1,3,1,0,1,0,0,0,17,9,8
HASKELL COUNTY,207,57 Years,83,40,43,60,30,30,2,1,1,1,0,1,1,0,1,19,9,10
HASKELL COUNTY,207,58 Years,79,37,42,57,25,32,3,2,1,0,0,0,1,0,1,18,10,8
HASKELL COUNTY,207,59 Years,85,37,48,65,26,39,2,1,1,0,0,0,1,0,1,17,10,7
HASKELL COUNTY,207,60 Years,74,38,36,52,28,24,2,1,1,1,1,0,0,0,0,19,8,11
HASKELL COUNTY,207,61 Years,66,39,27,45,27,18,3,2,1,1,1,0,1,0,1,16,9,7
HASKELL COUNTY,207,62 Years,73,41,32,55,30,25,1,1,0,1,1,0,1,1,0,15,8,7
HASKELL COUNTY,207,63 Years,79,35,44,58,22,36,2,1,1,1,0,1,3,2,1,15,10,5
HASKELL COUNTY,207,64 Years,85,42,43,64,26,38,2,2,0,1,1,0,2,2,0,16,11,5
HASKELL COUNTY,207,65 Years,66,37,29,50,25,25,3,2,1,0,0,0,1,1,0,12,9,3
HASKELL COUNTY,207,66 Years,75,44,31,58,34,24,1,1,0,0,0,0,1,0,1,15,9,6
HASKELL COUNTY,207,67 Years,71,42,29,58,34,24,1,1,0,0,0,0,0,0,0,12,7,5
HASKELL COUNTY,207,68 Years,75,40,35,58,31,27,1,1,0,0,0,0,1,0,1,15,8,7
HASKELL COUNTY,207,69 Years,72,36,36,56,28,28,3,2,1,0,0,0,1,0,1,12,6,6
HASKELL COUNTY,207,70 Years,63,32,31,44,22,22,2,1,1,1,0,1,1,1,0,15,8,7
HASKELL COUNTY,207,71 Years,61,28,33,46,21,25,2,1,1,0,0,0,1,1,0,12,5,7
HASKELL COUNTY,207,72 Years,60,26,34,42,17,25,3,2,1,0,0,0,2,1,1,13,6,7
HASKELL COUNTY,207,73 Years,44,23,21,31,15,16,1,1,0,1,0,1,1,1,0,10,6,4
HASKELL COUNTY,207,74 Years,50,28,22,39,21,18,0,0,0,0,0,0,1,1,0,10,6,4
HASKELL COUNTY,207,75 Years,52,25,27,44,20,24,2,1,1,0,0,0,1,1,0,5,3,2
HASKELL COUNTY,207,76 Years,48,19,29,38,15,23,2,1,1,0,0,0,1,0,1,7,3,4
HASKELL COUNTY,207,77 Years,49,24,25,37,21,16,2,1,1,0,0,0,1,0,1,9,2,7
HASKELL COUNTY,207,78 Years,38,20,18,28,17,11,2,0,2,0,0,0,0,0,0,8,3,5
HASKELL COUNTY,207,79 Years,42,20,22,34,16,18,1,0,1,0,0,0,1,1,0,6,3,3
HASKELL COUNTY,207,80 Years,30,17,13,24,13,11,0,0,0,0,0,0,1,1,0,5,3,2
HASKELL COUNTY,207,81 Years,31,18,13,25,15,10,1,1,0,0,0,0,0,0,0,5,2,3
HASKELL COUNTY,207,82 Years,28,11,17,23,9,14,0,0,0,0,0,0,0,0,0,5,2,3
HASKELL COUNTY,207,83 Years,36,16,20,30,12,18,1,1,0,0,0,0,0,0,0,5,3,2
HASKELL COUNTY,207,84 Years,35,14,21,26,11,15,1,1,0,1,0,1,0,0,0,7,2,5
HASKELL COUNTY,207,85 Years,29,11,18,24,10,14,0,0,0,0,0,0,0,0,0,5,1,4
HASKELL COUNTY,207,86 Years,27,13,14,22,9,13,1,1,0,0,0,0,1,1,0,3,2,1
HASKELL COUNTY,207,87 Years,23,9,14,17,5,12,1,1,0,0,0,0,0,0,0,5,3,2
HASKELL COUNTY,207,88 Years,21,7,14,16,6,10,1,0,1,0,0,0,0,0,0,4,1,3
HASKELL COUNTY,207,89 Years,21,9,12,17,8,9,0,0,0,0,0,0,0,0,0,4,1,3
HASKELL COUNTY,207,90 Years,17,6,11,14,6,8,0,0,0,0,0,0,0,0,0,3,0,3
HASKELL COUNTY,207,91 Years,17,8,9,13,6,7,0,0,0,0,0,0,0,0,0,4,2,2
HASKELL COUNTY,207,92 Years,14,6,8,11,5,6,0,0,0,0,0,0,0,0,0,3,1,2
HASKELL COUNTY,207,93 Years,12,4,8,9,3,6,0,0,0,0,0,0,1,0,1,2,1,1
HASKELL COUNTY,207,94 Years,11,4,7,7,3,4,2,0,2,0,0,0,0,0,0,2,1,1
HASKELL COUNTY,207,95 Years +,24,9,15,14,5,9,5,1,4,0,0,0,0,0,0,5,3,2
HAYS COUNTY,209,All Ages,228364,113566,114798,122810,60513,62297,5928,3199,2729,3624,1681,1943,5477,2786,2691,90525,45387,45138
HAYS COUNTY,209,< 1 Year,2462,1262,1200,976,496,480,64,29,35,26,13,13,128,72,56,1268,652,616
HAYS COUNTY,209,1 Years,2549,1298,1251,993,498,495,62,29,33,29,16,13,131,70,61,1334,685,649
HAYS COUNTY,209,2 Years,2626,1338,1288,1044,529,515,58,24,34,28,15,13,126,69,57,1370,701,669
HAYS COUNTY,209,3 Years,2688,1368,1320,1072,546,526,55,24,31,32,17,15,123,62,61,1406,719,687
HAYS COUNTY,209,4 Years,2723,1408,1315,1115,584,531,52,23,29,34,18,16,120,65,55,1402,718,684
HAYS COUNTY,209,5 Years,2683,1401,1282,1098,573,525,49,26,23,35,18,17,120,63,57,1381,721,660
HAYS COUNTY,209,6 Years,2620,1363,1257,1079,558,521,45,24,21,37,21,16,116,67,49,1343,693,650
HAYS COUNTY,209,7 Years,2599,1327,1272,1063,542,521,43,22,21,35,20,15,112,61,51,1346,682,664
HAYS COUNTY,209,8 Years,2686,1350,1336,1103,556,547,44,23,21,36,22,14,104,54,50,1399,695,704
HAYS COUNTY,209,9 Years,2694,1370,1324,1079,539,540,41,28,13,36,23,13,99,48,51,1439,732,707
HAYS COUNTY,209,10 Years,2992,1514,1478,1208,610,598,52,27,25,44,19,25,91,40,51,1597,818,779
HAYS COUNTY,209,11 Years,3036,1509,1527,1221,611,610,71,28,43,28,17,11,86,50,36,1630,803,827
HAYS COUNTY,209,12 Years,3093,1574,1519,1249,659,590,55,31,24,30,16,14,100,54,46,1659,814,845
HAYS COUNTY,209,13 Years,3135,1628,1507,1307,694,613,62,33,29,33,6,27,124,69,55,1609,826,783
HAYS COUNTY,209,14 Years,3180,1636,1544,1350,689,661,66,37,29,36,16,20,93,42,51,1635,852,783
HAYS COUNTY,209,15 Years,3211,1586,1625,1410,686,724,57,35,22,28,8,20,103,54,49,1613,803,810
HAYS COUNTY,209,16 Years,3280,1695,1585,1378,732,646,67,32,35,37,14,23,112,56,56,1686,861,825
HAYS COUNTY,209,17 Years,3288,1686,1602,1395,719,676,68,38,30,67,29,38,112,53,59,1646,847,799
HAYS COUNTY,209,18 Years,5138,2416,2722,2482,1162,1320,174,78,96,88,45,43,159,69,90,2235,1062,1173
HAYS COUNTY,209,19 Years,6353,2982,3371,2861,1345,1516,227,95,132,63,36,27,150,57,93,3052,1449,1603
HAYS COUNTY,209,20 Years,6372,2963,3409,2911,1345,1566,217,112,105,55,28,27,151,75,76,3038,1403,1635
HAYS COUNTY,209,21 Years,6170,3010,3160,2881,1386,1495,226,120,106,72,46,26,177,89,88,2814,1369,1445
HAYS COUNTY,209,22 Years,5466,2897,2569,2713,1377,1336,184,95,89,82,51,31,175,84,91,2312,1290,1022
HAYS COUNTY,209,23 Years,5207,2756,2451,2555,1302,1253,183,93,90,65,38,27,119,63,56,2285,1260,1025
HAYS COUNTY,209,24 Years,4361,2319,2042,2262,1125,1137,148,87,61,69,40,29,117,62,55,1765,1005,760
HAYS COUNTY,209,25 Years,3115,1636,1479,1164,587,577,91,50,41,80,39,41,110,57,53,1670,903,767
HAYS COUNTY,209,26 Years,3029,1562,1467,1198,622,576,117,67,50,63,35,28,78,44,34,1573,794,779
HAYS COUNTY,209,27 Years,2735,1412,1323,1037,507,530,93,51,42,53,22,31,89,50,39,1463,782,681
HAYS COUNTY,209,28 Years,2882,1428,1454,1612,754,858,116,57,59,53,26,27,83,45,38,1018,546,472
HAYS COUNTY,209,29 Years,2884,1428,1456,1909,877,1032,120,63,57,47,20,27,92,48,44,716,420,296
HAYS COUNTY,209,30 Years,3010,1521,1489,1998,993,1005,126,74,52,60,30,30,94,39,55,732,385,347
HAYS COUNTY,209,31 Years,2997,1550,1447,1891,1028,863,102,59,43,90,46,44,62,42,20,852,375,477
HAYS COUNTY,209,32 Years,2652,1369,1283,1572,898,674,85,49,36,68,29,39,79,49,30,848,344,504
HAYS COUNTY,209,33 Years,2441,1258,1183,1229,702,527,60,42,18,58,27,31,64,43,21,1030,444,586
HAYS COUNTY,209,34 Years,3094,1610,1484,1848,973,875,96,61,35,46,22,24,38,19,19,1066,535,531
HAYS COUNTY,209,35 Years,3019,1633,1386,1792,968,824,92,60,32,39,17,22,55,28,27,1041,560,481
HAYS COUNTY,209,36 Years,2779,1504,1275,1622,870,752,86,55,31,51,27,24,53,25,28,967,527,440
HAYS COUNTY,209,37 Years,2727,1447,1280,1565,821,744,76,44,32,60,31,29,58,31,27,968,520,448
HAYS COUNTY,209,38 Years,2689,1424,1265,1528,819,709,78,48,30,87,40,47,49,24,25,947,493,454
HAYS COUNTY,209,39 Years,2864,1484,1380,1548,808,740,79,48,31,80,43,37,49,26,23,1108,559,549
HAYS COUNTY,209,40 Years,2657,1354,1303,1423,726,697,63,31,32,72,38,34,34,14,20,1065,545,520
HAYS COUNTY,209,41 Years,2609,1326,1283,1379,697,682,76,51,25,61,30,31,42,13,29,1051,535,516
HAYS COUNTY,209,42 Years,2650,1337,1313,1386,697,689,81,54,27,56,25,31,40,22,18,1087,539,548
HAYS COUNTY,209,43 Years,2655,1315,1340,1334,676,658,67,36,31,63,28,35,48,22,26,1143,553,590
HAYS COUNTY,209,44 Years,2737,1312,1425,1369,660,709,62,34,28,59,23,36,34,11,23,1213,584,629
HAYS COUNTY,209,45 Years,2674,1306,1368,1349,650,699,63,33,30,55,25,30,35,7,28,1172,591,581
HAYS COUNTY,209,46 Years,2698,1371,1327,1391,692,699,71,43,28,71,37,34,43,17,26,1122,582,540
HAYS COUNTY,209,47 Years,2761,1339,1422,1480,685,795,70,38,32,71,35,36,45,22,23,1095,559,536
HAYS COUNTY,209,48 Years,2941,1422,1519,1637,787,850,75,44,31,78,35,43,57,30,27,1094,526,568
HAYS COUNTY,209,49 Years,2823,1416,1407,1557,771,786,65,40,25,67,36,31,68,28,40,1066,541,525
HAYS COUNTY,209,50 Years,2646,1324,1322,1428,729,699,61,34,27,62,33,29,56,25,31,1039,503,536
HAYS COUNTY,209,51 Years,2575,1326,1249,1412,715,697,65,45,20,54,22,32,29,12,17,1015,532,483
HAYS COUNTY,209,52 Years,2511,1260,1251,1406,698,708,59,39,20,35,7,28,33,10,23,978,506,472
HAYS COUNTY,209,53 Years,2540,1262,1278,1353,659,694,59,43,16,51,23,28,45,18,27,1032,519,513
HAYS COUNTY,209,54 Years,2694,1319,1375,1549,757,792,58,30,28,61,21,40,36,23,13,990,488,502
HAYS COUNTY,209,55 Years,2647,1262,1385,1569,730,839,60,25,35,44,16,28,30,24,6,944,467,477
HAYS COUNTY,209,56 Years,2612,1268,1344,1586,738,848,51,28,23,44,25,19,46,26,20,885,451,434
HAYS COUNTY,209,57 Years,2682,1289,1393,1696,787,909,67,40,27,40,23,17,33,14,19,846,425,421
HAYS COUNTY,209,58 Years,2636,1236,1400,1735,774,961,60,33,27,40,20,20,30,18,12,771,391,380
HAYS COUNTY,209,59 Years,2623,1307,1316,1735,850,885,75,39,36,27,8,19,42,20,22,744,390,354
HAYS COUNTY,209,60 Years,2512,1255,1257,1664,835,829,68,41,27,27,4,23,45,23,22,708,352,356
HAYS COUNTY,209,61 Years,2496,1184,1312,1695,809,886,57,33,24,34,3,31,43,20,23,667,319,348
HAYS COUNTY,209,62 Years,2406,1131,1275,1649,772,877,48,28,20,32,4,28,42,21,21,635,306,329
HAYS COUNTY,209,63 Years,2356,1086,1270,1624,743,881,60,34,26,34,14,20,24,12,12,614,283,331
HAYS COUNTY,209,64 Years,2413,1126,1287,1697,790,907,57,28,29,31,8,23,36,20,16,592,280,312
HAYS COUNTY,209,65 Years,2241,1052,1189,1596,751,845,48,25,23,23,2,21,36,24,12,538,250,288
HAYS COUNTY,209,66 Years,2240,1048,1192,1596,760,836,44,24,20,21,2,19,44,25,19,535,237,298
HAYS COUNTY,209,67 Years,2116,1022,1094,1511,727,784,38,24,14,34,12,22,27,14,13,506,245,261
HAYS COUNTY,209,68 Years,2014,956,1058,1448,689,759,40,20,20,33,15,18,29,10,19,464,222,242
HAYS COUNTY,209,69 Years,1932,941,991,1400,693,707,33,18,15,22,6,16,33,22,11,444,202,242
HAYS COUNTY,209,70 Years,1768,865,903,1267,623,644,35,19,16,18,3,15,29,23,6,419,197,222
HAYS COUNTY,209,71 Years,1784,852,932,1292,629,663,19,11,8,19,2,17,22,12,10,432,198,234
HAYS COUNTY,209,72 Years,1810,886,924,1343,664,679,15,7,8,10,3,7,24,18,6,418,194,224
HAYS COUNTY,209,73 Years,1454,712,742,1065,532,533,26,9,17,16,4,12,16,7,9,331,160,171
HAYS COUNTY,209,74 Years,1331,629,702,968,468,500,26,10,16,10,4,6,11,5,6,316,142,174
HAYS COUNTY,209,75 Years,1225,556,669,903,417,486,19,7,12,7,3,4,12,5,7,284,124,160
HAYS COUNTY,209,76 Years,1131,519,612,857,413,444,17,8,9,6,3,3,10,4,6,241,91,150
HAYS COUNTY,209,77 Years,990,449,541,738,344,394,19,7,12,14,11,3,8,3,5,211,84,127
HAYS COUNTY,209,78 Years,852,388,464,629,287,342,15,8,7,8,5,3,4,2,2,196,86,110
HAYS COUNTY,209,79 Years,781,343,438,588,256,332,15,9,6,5,2,3,8,3,5,165,73,92
HAYS COUNTY,209,80 Years,760,345,415,572,263,309,18,6,12,5,2,3,6,3,3,159,71,88
HAYS COUNTY,209,81 Years,702,326,376,526,248,278,16,4,12,5,2,3,5,2,3,150,70,80
HAYS COUNTY,209,82 Years,596,258,338,433,192,241,14,5,9,6,4,2,7,4,3,136,53,83
HAYS COUNTY,209,83 Years,542,225,317,392,166,226,12,6,6,5,1,4,7,4,3,126,48,78
HAYS COUNTY,209,84 Years,476,201,275,355,147,208,9,4,5,3,0,3,4,2,2,105,48,57
HAYS COUNTY,209,85 Years,417,170,247,317,132,185,8,3,5,3,1,2,4,1,3,85,33,52
HAYS COUNTY,209,86 Years,357,146,211,264,116,148,9,3,6,4,1,3,3,1,2,77,25,52
HAYS COUNTY,209,87 Years,320,129,191,240,96,144,10,4,6,4,2,2,3,1,2,63,26,37
HAYS COUNTY,209,88 Years,280,112,168,222,89,133,9,4,5,2,0,2,3,1,2,44,18,26
HAYS COUNTY,209,89 Years,247,92,155,190,75,115,6,2,4,2,0,2,2,0,2,47,15,32
HAYS COUNTY,209,90 Years,207,74,133,159,61,98,3,1,2,1,0,1,1,0,1,43,12,31
HAYS COUNTY,209,91 Years,172,60,112,132,45,87,4,2,2,1,0,1,0,0,0,35,13,22
HAYS COUNTY,209,92 Years,132,44,88,99,32,67,4,1,3,0,0,0,0,0,0,29,11,18
HAYS COUNTY,209,93 Years,99,30,69,70,23,47,4,2,2,2,0,2,1,0,1,22,5,17
HAYS COUNTY,209,94 Years,80,25,55,61,20,41,2,1,1,2,1,1,0,0,0,15,3,12
HAYS COUNTY,209,95 Years +,225,56,169,156,38,118,6,0,6,4,1,3,1,0,1,58,17,41
HEMPHILL COUNTY,211,All Ages,3838,1918,1920,2383,1174,1209,4,3,1,13,7,6,40,12,28,1398,722,676
HEMPHILL COUNTY,211,< 1 Year,33,19,14,18,12,6,0,0,0,0,0,0,0,0,0,15,7,8
HEMPHILL COUNTY,211,1 Years,37,22,15,17,12,5,0,0,0,0,0,0,0,0,0,20,10,10
HEMPHILL COUNTY,211,2 Years,46,28,18,22,14,8,0,0,0,0,0,0,0,0,0,24,14,10
HEMPHILL COUNTY,211,3 Years,59,33,26,26,15,11,0,0,0,0,0,0,0,0,0,33,18,15
HEMPHILL COUNTY,211,4 Years,65,34,31,31,18,13,0,0,0,0,0,0,1,0,1,33,16,17
HEMPHILL COUNTY,211,5 Years,74,41,33,33,20,13,0,0,0,0,0,0,1,0,1,40,21,19
HEMPHILL COUNTY,211,6 Years,71,41,30,31,18,13,0,0,0,0,0,0,0,0,0,40,23,17
HEMPHILL COUNTY,211,7 Years,72,42,30,30,18,12,0,0,0,0,0,0,0,0,0,42,24,18
HEMPHILL COUNTY,211,8 Years,77,45,32,32,20,12,0,0,0,0,0,0,0,0,0,45,25,20
HEMPHILL COUNTY,211,9 Years,63,34,29,25,16,9,0,0,0,0,0,0,0,0,0,38,18,20
HEMPHILL COUNTY,211,10 Years,77,49,28,31,22,9,0,0,0,0,0,0,1,1,0,45,26,19
HEMPHILL COUNTY,211,11 Years,81,40,41,42,26,16,0,0,0,1,1,0,1,0,1,37,13,24
HEMPHILL COUNTY,211,12 Years,89,38,51,45,22,23,0,0,0,0,0,0,1,0,1,43,16,27
HEMPHILL COUNTY,211,13 Years,71,28,43,35,11,24,0,0,0,0,0,0,2,0,2,34,17,17
HEMPHILL COUNTY,211,14 Years,69,32,37,43,20,23,0,0,0,0,0,0,1,0,1,25,12,13
HEMPHILL COUNTY,211,15 Years,66,37,29,35,22,13,0,0,0,0,0,0,1,0,1,30,15,15
HEMPHILL COUNTY,211,16 Years,83,35,48,37,16,21,0,0,0,0,0,0,0,0,0,46,19,27
HEMPHILL COUNTY,211,17 Years,62,25,37,31,13,18,0,0,0,0,0,0,0,0,0,31,12,19
HEMPHILL COUNTY,211,18 Years,53,23,30,26,9,17,0,0,0,0,0,0,1,1,0,26,13,13
HEMPHILL COUNTY,211,19 Years,55,25,30,27,11,16,0,0,0,0,0,0,1,1,0,27,13,14
HEMPHILL COUNTY,211,20 Years,43,19,24,22,10,12,0,0,0,0,0,0,0,0,0,21,9,12
HEMPHILL COUNTY,211,21 Years,45,18,27,21,8,13,0,0,0,0,0,0,0,0,0,24,10,14
HEMPHILL COUNTY,211,22 Years,39,18,21,24,10,14,0,0,0,0,0,0,0,0,0,15,8,7
HEMPHILL COUNTY,211,23 Years,34,20,14,18,11,7,0,0,0,0,0,0,2,1,1,14,8,6
HEMPHILL COUNTY,211,24 Years,58,32,26,30,14,16,0,0,0,0,0,0,1,0,1,27,18,9
HEMPHILL COUNTY,211,25 Years,60,27,33,36,14,22,1,1,0,0,0,0,1,0,1,22,12,10
HEMPHILL COUNTY,211,26 Years,58,24,34,37,15,22,0,0,0,0,0,0,0,0,0,21,9,12
HEMPHILL COUNTY,211,27 Years,52,19,33,31,15,16,0,0,0,0,0,0,0,0,0,21,4,17
HEMPHILL COUNTY,211,28 Years,47,24,23,34,17,17,0,0,0,0,0,0,0,0,0,13,7,6
HEMPHILL COUNTY,211,29 Years,38,23,15,22,10,12,0,0,0,0,0,0,0,0,0,16,13,3
HEMPHILL COUNTY,211,30 Years,39,20,19,26,12,14,0,0,0,0,0,0,0,0,0,13,8,5
HEMPHILL COUNTY,211,31 Years,31,16,15,16,8,8,0,0,0,1,0,1,0,0,0,14,8,6
HEMPHILL COUNTY,211,32 Years,40,21,19,24,11,13,0,0,0,0,0,0,1,1,0,15,9,6
HEMPHILL COUNTY,211,33 Years,51,18,33,39,13,26,0,0,0,0,0,0,1,0,1,11,5,6
HEMPHILL COUNTY,211,34 Years,52,29,23,40,22,18,0,0,0,0,0,0,0,0,0,12,7,5
HEMPHILL COUNTY,211,35 Years,60,35,25,38,27,11,0,0,0,0,0,0,0,0,0,22,8,14
HEMPHILL COUNTY,211,36 Years,56,25,31,30,16,14,0,0,0,1,1,0,0,0,0,25,8,17
HEMPHILL COUNTY,211,37 Years,52,31,21,32,21,11,0,0,0,0,0,0,0,0,0,20,10,10
HEMPHILL COUNTY,211,38 Years,37,23,14,18,13,5,0,0,0,1,0,1,0,0,0,18,10,8
HEMPHILL COUNTY,211,39 Years,50,17,33,25,8,17,0,0,0,1,0,1,1,0,1,23,9,14
HEMPHILL COUNTY,211,40 Years,50,19,31,28,8,20,0,0,0,2,1,1,0,0,0,20,10,10
HEMPHILL COUNTY,211,41 Years,50,22,28,32,10,22,0,0,0,2,2,0,0,0,0,16,10,6
HEMPHILL COUNTY,211,42 Years,50,25,25,35,16,19,0,0,0,0,0,0,1,0,1,14,9,5
HEMPHILL COUNTY,211,43 Years,43,17,26,30,13,17,0,0,0,0,0,0,1,0,1,12,4,8
HEMPHILL COUNTY,211,44 Years,42,21,21,27,15,12,0,0,0,0,0,0,0,0,0,15,6,9
HEMPHILL COUNTY,211,45 Years,46,23,23,35,17,18,0,0,0,0,0,0,0,0,0,11,6,5
HEMPHILL COUNTY,211,46 Years,48,23,25,29,12,17,0,0,0,0,0,0,1,0,1,18,11,7
HEMPHILL COUNTY,211,47 Years,46,26,20,29,13,16,0,0,0,0,0,0,0,0,0,17,13,4
HEMPHILL COUNTY,211,48 Years,48,21,27,32,15,17,1,1,0,0,0,0,0,0,0,15,5,10
HEMPHILL COUNTY,211,49 Years,35,18,17,23,11,12,1,1,0,0,0,0,0,0,0,11,6,5
HEMPHILL COUNTY,211,50 Years,35,19,16,24,13,11,0,0,0,0,0,0,0,0,0,11,6,5
HEMPHILL COUNTY,211,51 Years,47,25,22,30,14,16,1,0,1,0,0,0,0,0,0,16,11,5
HEMPHILL COUNTY,211,52 Years,51,32,19,32,17,15,0,0,0,0,0,0,0,0,0,19,15,4
HEMPHILL COUNTY,211,53 Years,43,24,19,30,16,14,0,0,0,0,0,0,0,0,0,13,8,5
HEMPHILL COUNTY,211,54 Years,39,21,18,27,13,14,0,0,0,0,0,0,1,1,0,11,7,4
HEMPHILL COUNTY,211,55 Years,50,30,20,32,15,17,0,0,0,1,1,0,0,0,0,17,14,3
HEMPHILL COUNTY,211,56 Years,47,28,19,31,17,14,0,0,0,1,1,0,0,0,0,15,10,5
HEMPHILL COUNTY,211,57 Years,40,24,16,27,16,11,0,0,0,0,0,0,1,1,0,12,7,5
HEMPHILL COUNTY,211,58 Years,39,20,19,28,15,13,0,0,0,0,0,0,3,2,1,8,3,5
HEMPHILL COUNTY,211,59 Years,36,20,16,27,15,12,0,0,0,0,0,0,2,1,1,7,4,3
HEMPHILL COUNTY,211,60 Years,31,17,14,24,13,11,0,0,0,0,0,0,0,0,0,7,4,3
HEMPHILL COUNTY,211,61 Years,33,16,17,27,14,13,0,0,0,0,0,0,1,0,1,5,2,3
HEMPHILL COUNTY,211,62 Years,32,17,15,26,14,12,0,0,0,0,0,0,0,0,0,6,3,3
HEMPHILL COUNTY,211,63 Years,31,16,15,23,11,12,0,0,0,0,0,0,1,1,0,7,4,3
HEMPHILL COUNTY,211,64 Years,34,20,14,29,17,12,0,0,0,0,0,0,1,0,1,4,3,1
HEMPHILL COUNTY,211,65 Years,37,22,15,32,20,12,0,0,0,0,0,0,1,0,1,4,2,2
HEMPHILL COUNTY,211,66 Years,35,20,15,28,17,11,0,0,0,0,0,0,1,0,1,6,3,3
HEMPHILL COUNTY,211,67 Years,33,16,17,27,14,13,0,0,0,0,0,0,1,0,1,5,2,3
HEMPHILL COUNTY,211,68 Years,29,14,15,25,12,13,0,0,0,1,0,1,0,0,0,3,2,1
HEMPHILL COUNTY,211,69 Years,30,17,13,26,14,12,0,0,0,0,0,0,0,0,0,4,3,1
HEMPHILL COUNTY,211,70 Years,26,14,12,24,12,12,0,0,0,0,0,0,0,0,0,2,2,0
HEMPHILL COUNTY,211,71 Years,26,12,14,22,10,12,0,0,0,0,0,0,1,0,1,3,2,1
HEMPHILL COUNTY,211,72 Years,30,12,18,25,11,14,0,0,0,0,0,0,1,0,1,4,1,3
HEMPHILL COUNTY,211,73 Years,25,11,14,21,8,13,0,0,0,0,0,0,0,0,0,4,3,1
HEMPHILL COUNTY,211,74 Years,20,8,12,19,7,12,0,0,0,0,0,0,0,0,0,1,1,0
HEMPHILL COUNTY,211,75 Years,21,9,12,21,9,12,0,0,0,0,0,0,0,0,0,0,0,0
HEMPHILL COUNTY,211,76 Years,20,9,11,19,8,11,0,0,0,0,0,0,0,0,0,1,1,0
HEMPHILL COUNTY,211,77 Years,16,8,8,15,7,8,0,0,0,0,0,0,1,1,0,0,0,0
HEMPHILL COUNTY,211,78 Years,21,8,13,18,7,11,0,0,0,1,0,1,0,0,0,2,1,1
HEMPHILL COUNTY,211,79 Years,16,8,8,15,7,8,0,0,0,0,0,0,0,0,0,1,1,0
HEMPHILL COUNTY,211,80 Years,13,5,8,12,5,7,0,0,0,0,0,0,0,0,0,1,0,1
HEMPHILL COUNTY,211,81 Years,10,3,7,9,3,6,0,0,0,0,0,0,0,0,0,1,0,1
HEMPHILL COUNTY,211,82 Years,11,6,5,10,5,5,0,0,0,0,0,0,0,0,0,1,1,0
HEMPHILL COUNTY,211,83 Years,13,6,7,11,5,6,0,0,0,0,0,0,0,0,0,2,1,1
HEMPHILL COUNTY,211,84 Years,10,5,5,10,5,5,0,0,0,0,0,0,0,0,0,0,0,0
HEMPHILL COUNTY,211,85 Years,7,3,4,7,3,4,0,0,0,0,0,0,0,0,0,0,0,0
HEMPHILL COUNTY,211,86 Years,11,4,7,9,4,5,0,0,0,0,0,0,1,0,1,1,0,1
HEMPHILL COUNTY,211,87 Years,15,3,12,14,3,11,0,0,0,0,0,0,1,0,1,0,0,0
HEMPHILL COUNTY,211,88 Years,15,3,12,14,3,11,0,0,0,0,0,0,1,0,1,0,0,0
HEMPHILL COUNTY,211,89 Years,11,3,8,10,2,8,0,0,0,0,0,0,0,0,0,1,1,0
HEMPHILL COUNTY,211,90 Years,9,4,5,8,3,5,0,0,0,0,0,0,0,0,0,1,1,0
HEMPHILL COUNTY,211,91 Years,7,2,5,7,2,5,0,0,0,0,0,0,0,0,0,0,0,0
HEMPHILL COUNTY,211,92 Years,7,2,5,7,2,5,0,0,0,0,0,0,0,0,0,0,0,0
HEMPHILL COUNTY,211,93 Years,7,3,4,6,2,4,0,0,0,0,0,0,0,0,0,1,1,0
HEMPHILL COUNTY,211,94 Years,5,2,3,5,2,3,0,0,0,0,0,0,0,0,0,0,0,0
HEMPHILL COUNTY,211,95 Years +,11,2,9,10,2,8,0,0,0,0,0,0,0,0,0,1,0,1
HENDERSON COUNTY,213,All Ages,82989,40465,42524,64355,31060,33295,5538,2813,2725,349,156,193,1927,915,1012,10820,5521,5299
HENDERSON COUNTY,213,< 1 Year,935,487,448,599,318,281,57,31,26,1,0,1,40,16,24,238,122,116
HENDERSON COUNTY,213,1 Years,924,467,457,593,306,287,58,28,30,2,1,1,44,20,24,227,112,115
HENDERSON COUNTY,213,2 Years,912,472,440,591,311,280,60,34,26,2,1,1,36,16,20,223,110,113
HENDERSON COUNTY,213,3 Years,915,466,449,591,308,283,60,32,28,3,2,1,41,20,21,220,104,116
HENDERSON COUNTY,213,4 Years,928,469,459,592,310,282,63,32,31,4,2,2,47,19,28,222,106,116
HENDERSON COUNTY,213,5 Years,931,475,456,582,308,274,69,30,39,3,2,1,55,23,32,222,112,110
HENDERSON COUNTY,213,6 Years,929,470,459,578,294,284,70,33,37,4,2,2,55,21,34,222,120,102
HENDERSON COUNTY,213,7 Years,943,474,469,585,291,294,73,33,40,3,2,1,51,24,27,231,124,107
HENDERSON COUNTY,213,8 Years,966,489,477,596,300,296,81,41,40,3,2,1,46,23,23,240,123,117
HENDERSON COUNTY,213,9 Years,927,458,469,573,284,289,76,44,32,3,2,1,50,22,28,225,106,119
HENDERSON COUNTY,213,10 Years,1001,479,522,641,305,336,88,43,45,2,1,1,47,12,35,223,118,105
HENDERSON COUNTY,213,11 Years,1014,498,516,633,298,335,87,48,39,2,0,2,52,18,34,240,134,106
HENDERSON COUNTY,213,12 Years,984,499,485,626,299,327,93,59,34,2,1,1,35,19,16,228,121,107
HENDERSON COUNTY,213,13 Years,1010,516,494,637,313,324,105,63,42,5,2,3,34,23,11,229,115,114
HENDERSON COUNTY,213,14 Years,1031,531,500,681,359,322,93,45,48,6,2,4,29,14,15,222,111,111
HENDERSON COUNTY,213,15 Years,1025,539,486,655,331,324,106,61,45,4,1,3,43,26,17,217,120,97
HENDERSON COUNTY,213,16 Years,1025,551,474,659,351,308,111,64,47,5,1,4,35,16,19,215,119,96
HENDERSON COUNTY,213,17 Years,961,483,478,657,331,326,94,51,43,6,5,1,25,13,12,179,83,96
HENDERSON COUNTY,213,18 Years,957,501,456,640,330,310,99,58,41,3,1,2,33,19,14,182,93,89
HENDERSON COUNTY,213,19 Years,876,472,404,588,323,265,88,47,41,3,1,2,23,14,9,174,87,87
HENDERSON COUNTY,213,20 Years,835,438,397,558,299,259,87,45,42,3,2,1,37,16,21,150,76,74
HENDERSON COUNTY,213,21 Years,817,434,383,558,294,264,73,39,34,6,5,1,29,17,12,151,79,72
HENDERSON COUNTY,213,22 Years,831,417,414,563,281,282,65,39,26,4,2,2,34,15,19,165,80,85
HENDERSON COUNTY,213,23 Years,862,413,449,603,296,307,53,28,25,7,4,3,35,16,19,164,69,95
HENDERSON COUNTY,213,24 Years,835,414,421,604,307,297,60,28,32,6,2,4,25,16,9,140,61,79
HENDERSON COUNTY,213,25 Years,900,449,451,645,335,310,64,27,37,6,2,4,26,17,9,159,68,91
HENDERSON COUNTY,213,26 Years,939,487,452,713,375,338,68,35,33,5,2,3,23,14,9,130,61,69
HENDERSON COUNTY,213,27 Years,1023,513,510,753,384,369,86,43,43,5,3,2,22,18,4,157,65,92
HENDERSON COUNTY,213,28 Years,1164,567,597,851,416,435,119,69,50,2,1,1,17,9,8,175,72,103
HENDERSON COUNTY,213,29 Years,1103,562,541,821,412,409,107,64,43,2,1,1,16,6,10,157,79,78
HENDERSON COUNTY,213,30 Years,1009,512,497,791,390,401,75,45,30,1,1,0,14,11,3,128,65,63
HENDERSON COUNTY,213,31 Years,960,470,490,748,364,384,63,32,31,5,1,4,12,8,4,132,65,67
HENDERSON COUNTY,213,32 Years,896,435,461,669,314,355,66,35,31,3,1,2,16,7,9,142,78,64
HENDERSON COUNTY,213,33 Years,900,433,467,675,324,351,70,36,34,1,0,1,15,5,10,139,68,71
HENDERSON COUNTY,213,34 Years,920,460,460,698,348,350,74,41,33,6,3,3,12,3,9,130,65,65
HENDERSON COUNTY,213,35 Years,852,418,434,646,316,330,62,32,30,6,4,2,13,5,8,125,61,64
HENDERSON COUNTY,213,36 Years,874,452,422,646,322,324,66,39,27,5,2,3,14,8,6,143,81,62
HENDERSON COUNTY,213,37 Years,843,422,421,610,295,315,71,41,30,4,1,3,16,10,6,142,75,67
HENDERSON COUNTY,213,38 Years,891,429,462,666,321,345,64,30,34,6,2,4,15,4,11,140,72,68
HENDERSON COUNTY,213,39 Years,873,406,467,658,302,356,56,22,34,5,2,3,18,7,11,136,73,63
HENDERSON COUNTY,213,40 Years,874,407,467,653,297,356,55,25,30,8,4,4,15,6,9,143,75,68
HENDERSON COUNTY,213,41 Years,881,430,451,679,323,356,58,28,30,8,2,6,10,5,5,126,72,54
HENDERSON COUNTY,213,42 Years,862,405,457,655,298,357,62,25,37,5,2,3,15,6,9,125,74,51
HENDERSON COUNTY,213,43 Years,887,432,455,689,328,361,51,24,27,4,2,2,13,6,7,130,72,58
HENDERSON COUNTY,213,44 Years,880,431,449,694,340,354,47,18,29,6,4,2,14,8,6,119,61,58
HENDERSON COUNTY,213,45 Years,844,388,456,647,293,354,57,29,28,12,6,6,8,6,2,120,54,66
HENDERSON COUNTY,213,46 Years,889,408,481,685,307,378,73,44,29,5,3,2,10,4,6,116,50,66
HENDERSON COUNTY,213,47 Years,1006,478,528,766,349,417,84,52,32,5,4,1,17,6,11,134,67,67
HENDERSON COUNTY,213,48 Years,1071,509,562,846,386,460,71,38,33,6,5,1,14,7,7,134,73,61
HENDERSON COUNTY,213,49 Years,1006,462,544,790,358,432,76,42,34,6,4,2,9,5,4,125,53,72
HENDERSON COUNTY,213,50 Years,1021,500,521,807,389,418,68,38,30,7,3,4,12,4,8,127,66,61
HENDERSON COUNTY,213,51 Years,1002,499,503,793,393,400,67,37,30,3,1,2,17,6,11,122,62,60
HENDERSON COUNTY,213,52 Years,982,505,477,774,398,376,60,33,27,5,1,4,21,10,11,122,63,59
HENDERSON COUNTY,213,53 Years,1022,530,492,794,406,388,57,26,31,3,1,2,18,11,7,150,86,64
HENDERSON COUNTY,213,54 Years,1041,531,510,828,420,408,63,29,34,3,1,2,14,7,7,133,74,59
HENDERSON COUNTY,213,55 Years,1115,555,560,893,432,461,65,34,31,5,2,3,19,12,7,133,75,58
HENDERSON COUNTY,213,56 Years,1199,581,618,989,483,506,78,36,42,5,2,3,22,8,14,105,52,53
HENDERSON COUNTY,213,57 Years,1225,580,645,1005,477,528,81,40,41,3,1,2,21,11,10,115,51,64
HENDERSON COUNTY,213,58 Years,1279,595,684,1063,483,580,72,37,35,5,2,3,26,11,15,113,62,51
HENDERSON COUNTY,213,59 Years,1280,611,669,1091,515,576,72,31,41,5,3,2,19,7,12,93,55,38
HENDERSON COUNTY,213,60 Years,1246,565,681,1066,477,589,70,27,43,6,3,3,29,13,16,75,45,30
HENDERSON COUNTY,213,61 Years,1270,607,663,1064,499,565,76,38,38,6,1,5,34,14,20,90,55,35
HENDERSON COUNTY,213,62 Years,1266,626,640,1083,523,560,70,33,37,6,3,3,20,10,10,87,57,30
HENDERSON COUNTY,213,63 Years,1179,586,593,1026,505,521,62,26,36,5,3,2,13,8,5,73,44,29
HENDERSON COUNTY,213,64 Years,1199,580,619,1050,510,540,62,28,34,4,2,2,20,7,13,63,33,30
HENDERSON COUNTY,213,65 Years,1176,562,614,1035,497,538,58,23,35,4,2,2,22,12,10,57,28,29
HENDERSON COUNTY,213,66 Years,1154,563,591,1023,503,520,58,23,35,5,2,3,12,7,5,56,28,28
HENDERSON COUNTY,213,67 Years,1110,516,594,979,451,528,59,26,33,3,1,2,13,9,4,56,29,27
HENDERSON COUNTY,213,68 Years,1069,504,565,952,449,503,53,25,28,4,1,3,19,9,10,41,20,21
HENDERSON COUNTY,213,69 Years,1094,533,561,970,467,503,49,25,24,5,1,4,26,15,11,44,25,19
HENDERSON COUNTY,213,70 Years,1063,504,559,949,450,499,51,26,25,5,1,4,21,11,10,37,16,21
HENDERSON COUNTY,213,71 Years,1098,504,594,995,454,541,46,23,23,2,0,2,18,7,11,37,20,17
HENDERSON COUNTY,213,72 Years,1102,498,604,1009,454,555,44,20,24,4,1,3,14,6,8,31,17,14
HENDERSON COUNTY,213,73 Years,891,417,474,811,385,426,36,11,25,3,1,2,10,6,4,31,14,17
HENDERSON COUNTY,213,74 Years,884,411,473,806,377,429,36,12,24,2,0,2,11,5,6,29,17,12
HENDERSON COUNTY,213,75 Years,858,406,452,788,371,417,33,13,20,1,0,1,9,4,5,27,18,9
HENDERSON COUNTY,213,76 Years,851,384,467,781,348,433,32,14,18,3,1,2,11,5,6,24,16,8
HENDERSON COUNTY,213,77 Years,786,356,430,720,324,396,33,15,18,3,1,2,10,4,6,20,12,8
HENDERSON COUNTY,213,78 Years,701,317,384,648,297,351,27,12,15,2,1,1,11,4,7,13,3,10
HENDERSON COUNTY,213,79 Years,641,295,346,593,276,317,24,10,14,0,0,0,8,3,5,16,6,10
HENDERSON COUNTY,213,80 Years,615,304,311,576,284,292,19,10,9,2,1,1,5,3,2,13,6,7
HENDERSON COUNTY,213,81 Years,534,275,259,492,257,235,17,6,11,3,1,2,7,3,4,15,8,7
HENDERSON COUNTY,213,82 Years,447,212,235,412,195,217,13,6,7,2,1,1,5,2,3,15,8,7
HENDERSON COUNTY,213,83 Years,437,208,229,407,193,214,11,5,6,0,0,0,6,2,4,13,8,5
HENDERSON COUNTY,213,84 Years,395,179,216,366,166,200,12,5,7,1,0,1,3,1,2,13,7,6
HENDERSON COUNTY,213,85 Years,337,136,201,314,129,185,10,4,6,0,0,0,2,1,1,11,2,9
HENDERSON COUNTY,213,86 Years,305,127,178,282,118,164,10,4,6,2,2,0,2,1,1,9,2,7
HENDERSON COUNTY,213,87 Years,276,114,162,251,104,147,10,4,6,1,1,0,4,1,3,10,4,6
HENDERSON COUNTY,213,88 Years,234,91,143,211,82,129,9,4,5,0,0,0,4,1,3,10,4,6
HENDERSON COUNTY,213,89 Years,200,81,119,181,74,107,8,3,5,2,0,2,2,1,1,7,3,4
HENDERSON COUNTY,213,90 Years,160,63,97,145,55,90,7,3,4,0,0,0,3,1,2,5,4,1
HENDERSON COUNTY,213,91 Years,128,49,79,115,42,73,7,4,3,0,0,0,3,1,2,3,2,1
HENDERSON COUNTY,213,92 Years,106,36,70,93,30,63,5,2,3,0,0,0,2,1,1,6,3,3
HENDERSON COUNTY,213,93 Years,83,29,54,73,24,49,5,2,3,0,0,0,2,1,1,3,2,1
HENDERSON COUNTY,213,94 Years,67,21,46,58,18,40,5,2,3,0,0,0,1,0,1,3,1,2
HENDERSON COUNTY,213,95 Years +,140,42,98,117,32,85,14,6,8,0,0,0,1,0,1,8,4,4
HIDALGO COUNTY,215,All Ages,886294,432597,453697,55403,28089,27314,3236,2102,1134,9676,4739,4937,2504,1297,1207,815475,396370,419105
HIDALGO COUNTY,215,< 1 Year,13219,6724,6495,447,217,230,39,18,21,55,28,27,29,17,12,12649,6444,6205
HIDALGO COUNTY,215,1 Years,13159,6672,6487,469,235,234,41,22,19,61,31,30,29,16,13,12559,6368,6191
HIDALGO COUNTY,215,2 Years,13573,6865,6708,519,255,264,45,24,21,73,40,33,31,17,14,12905,6529,6376
HIDALGO COUNTY,215,3 Years,14209,7193,7016,605,290,315,43,21,22,80,45,35,34,20,14,13447,6817,6630
HIDALGO COUNTY,215,4 Years,14952,7668,7284,652,317,335,40,19,21,95,52,43,39,21,18,14126,7259,6867
HIDALGO COUNTY,215,5 Years,15336,7840,7496,665,337,328,33,16,17,102,50,52,40,20,20,14496,7417,7079
HIDALGO COUNTY,215,6 Years,15437,7914,7523,655,346,309,36,17,19,116,55,61,43,22,21,14587,7474,7113
HIDALGO COUNTY,215,7 Years,15407,7875,7532,678,345,333,38,18,20,120,61,59,43,22,21,14528,7429,7099
HIDALGO COUNTY,215,8 Years,15550,7926,7624,692,338,354,39,15,24,130,71,59,43,23,20,14646,7479,7167
HIDALGO COUNTY,215,9 Years,13948,6948,7000,612,284,328,28,10,18,120,61,59,37,25,12,13151,6568,6583
HIDALGO COUNTY,215,10 Years,15403,7759,7644,679,340,339,43,22,21,144,73,71,42,22,20,14495,7302,7193
HIDALGO COUNTY,215,11 Years,15452,7737,7715,651,310,341,37,23,14,151,80,71,47,26,21,14566,7298,7268
HIDALGO COUNTY,215,12 Years,15324,7607,7717,608,295,313,48,30,18,143,87,56,52,32,20,14473,7163,7310
HIDALGO COUNTY,215,13 Years,15244,7658,7586,561,269,292,51,29,22,152,92,60,42,23,19,14438,7245,7193
HIDALGO COUNTY,215,14 Years,15321,7795,7526,485,228,257,47,26,21,149,84,65,43,23,20,14597,7434,7163
HIDALGO COUNTY,215,15 Years,14965,7600,7365,475,247,228,37,22,15,135,67,68,36,21,15,14282,7243,7039
HIDALGO COUNTY,215,16 Years,14720,7426,7294,475,243,232,31,20,11,140,77,63,36,20,16,14038,7066,6972
HIDALGO COUNTY,215,17 Years,14579,7348,7231,464,231,233,39,26,13,163,91,72,36,20,16,13877,6980,6897
HIDALGO COUNTY,215,18 Years,14941,7500,7441,425,227,198,69,45,24,164,85,79,38,23,15,14245,7120,7125
HIDALGO COUNTY,215,19 Years,15779,8019,7760,412,230,182,66,49,17,188,101,87,39,22,17,15074,7617,7457
HIDALGO COUNTY,215,20 Years,14665,7415,7250,406,216,190,66,40,26,140,75,65,40,15,25,14013,7069,6944
HIDALGO COUNTY,215,21 Years,14253,7199,7054,449,265,184,69,42,27,142,68,74,50,28,22,13543,6796,6747
HIDALGO COUNTY,215,22 Years,14378,7094,7284,440,238,202,75,50,25,161,76,85,38,23,15,13664,6707,6957
HIDALGO COUNTY,215,23 Years,14358,7062,7296,502,287,215,58,36,22,147,67,80,52,26,26,13599,6646,6953
HIDALGO COUNTY,215,24 Years,14311,7100,7211,566,258,308,73,43,30,145,67,78,49,17,32,13478,6715,6763
HIDALGO COUNTY,215,25 Years,14520,7334,7186,604,332,272,85,52,33,131,70,61,57,22,35,13643,6858,6785
HIDALGO COUNTY,215,26 Years,14586,7360,7226,577,354,223,86,65,21,137,84,53,42,23,19,13744,6834,6910
HIDALGO COUNTY,215,27 Years,14255,7114,7141,618,339,279,59,41,18,141,80,61,39,18,21,13398,6636,6762
HIDALGO COUNTY,215,28 Years,12808,6379,6429,548,295,253,62,48,14,107,43,64,60,24,36,12031,5969,6062
HIDALGO COUNTY,215,29 Years,12157,6175,5982,582,318,264,69,49,20,115,45,70,34,16,18,11357,5747,5610
HIDALGO COUNTY,215,30 Years,11318,5656,5662,531,275,256,67,49,18,117,57,60,32,21,11,10571,5254,5317
HIDALGO COUNTY,215,31 Years,11048,5639,5409,526,280,246,60,45,15,77,38,39,31,16,15,10354,5260,5094
HIDALGO COUNTY,215,32 Years,10935,5598,5337,523,301,222,53,41,12,124,55,69,30,14,16,10205,5187,5018
HIDALGO COUNTY,215,33 Years,10988,5590,5398,527,314,213,49,33,16,153,71,82,41,23,18,10218,5149,5069
HIDALGO COUNTY,215,34 Years,11006,5501,5505,500,298,202,50,31,19,161,80,81,32,13,19,10263,5079,5184
HIDALGO COUNTY,215,35 Years,10969,5435,5534,510,293,217,58,40,18,119,56,63,28,14,14,10254,5032,5222
HIDALGO COUNTY,215,36 Years,11238,5557,5681,466,265,201,62,47,15,102,49,53,29,17,12,10579,5179,5400
HIDALGO COUNTY,215,37 Years,11444,5564,5880,475,246,229,60,48,12,121,46,75,26,18,8,10762,5206,5556
HIDALGO COUNTY,215,38 Years,11673,5646,6027,517,273,244,54,41,13,127,52,75,29,16,13,10946,5264,5682
HIDALGO COUNTY,215,39 Years,11628,5703,5925,508,283,225,59,42,17,141,55,86,23,12,11,10897,5311,5586
HIDALGO COUNTY,215,40 Years,10845,5290,5555,486,280,206,58,45,13,120,49,71,18,13,5,10163,4903,5260
HIDALGO COUNTY,215,41 Years,10888,5211,5677,425,219,206,43,35,8,114,47,67,21,12,9,10285,4898,5387
HIDALGO COUNTY,215,42 Years,11169,5308,5861,422,218,204,49,35,14,152,76,76,25,16,9,10521,4963,5558
HIDALGO COUNTY,215,43 Years,11144,5312,5832,430,228,202,42,28,14,137,68,69,20,12,8,10515,4976,5539
HIDALGO COUNTY,215,44 Years,11281,5403,5878,438,225,213,47,31,16,169,80,89,18,7,11,10609,5060,5549
HIDALGO COUNTY,215,45 Years,11001,5310,5691,404,208,196,44,34,10,187,98,89,31,12,19,10335,4958,5377
HIDALGO COUNTY,215,46 Years,10960,5242,5718,415,221,194,47,36,11,219,104,115,20,11,9,10259,4870,5389
HIDALGO COUNTY,215,47 Years,10846,5090,5756,465,257,208,58,42,16,218,111,107,21,7,14,10084,4673,5411
HIDALGO COUNTY,215,48 Years,10675,5068,5607,475,248,227,51,35,16,214,136,78,29,17,12,9906,4632,5274
HIDALGO COUNTY,215,49 Years,10674,5070,5604,494,271,223,54,42,12,217,110,107,28,15,13,9881,4632,5249
HIDALGO COUNTY,215,50 Years,9891,4666,5225,485,266,219,15,11,4,185,89,96,19,12,7,9187,4288,4899
HIDALGO COUNTY,215,51 Years,9547,4452,5095,464,250,214,18,11,7,172,82,90,21,11,10,8872,4098,4774
HIDALGO COUNTY,215,52 Years,9258,4326,4932,483,234,249,17,10,7,148,65,83,17,8,9,8593,4009,4584
HIDALGO COUNTY,215,53 Years,9135,4319,4816,493,271,222,17,9,8,139,58,81,20,8,12,8466,3973,4493
HIDALGO COUNTY,215,54 Years,8925,4214,4711,538,276,262,15,9,6,127,68,59,24,10,14,8221,3851,4370
HIDALGO COUNTY,215,55 Years,8566,4072,4494,562,272,290,16,10,6,117,62,55,24,12,12,7847,3716,4131
HIDALGO COUNTY,215,56 Years,8488,4098,4390,568,293,275,21,12,9,96,54,42,23,13,10,7780,3726,4054
HIDALGO COUNTY,215,57 Years,8362,4007,4355,604,318,286,18,10,8,110,57,53,30,16,14,7600,3606,3994
HIDALGO COUNTY,215,58 Years,8143,3810,4333,652,331,321,18,11,7,122,51,71,25,14,11,7326,3403,3923
HIDALGO COUNTY,215,59 Years,8064,3773,4291,680,336,344,30,20,10,100,45,55,23,12,11,7231,3360,3871
HIDALGO COUNTY,215,60 Years,7670,3574,4096,688,340,348,34,25,9,112,49,63,25,18,7,6811,3142,3669
HIDALGO COUNTY,215,61 Years,7583,3486,4097,715,354,361,32,20,12,121,48,73,25,12,13,6690,3052,3638
HIDALGO COUNTY,215,62 Years,7436,3426,4010,752,368,384,34,24,10,116,53,63,28,14,14,6506,2967,3539
HIDALGO COUNTY,215,63 Years,7198,3282,3916,741,352,389,33,21,12,114,46,68,28,15,13,6282,2848,3434
HIDALGO COUNTY,215,64 Years,7142,3225,3917,844,400,444,26,18,8,102,42,60,24,11,13,6146,2754,3392
HIDALGO COUNTY,215,65 Years,6731,3055,3676,906,432,474,14,10,4,93,43,50,18,7,11,5700,2563,3137
HIDALGO COUNTY,215,66 Years,6715,3049,3666,938,441,497,22,14,8,81,40,41,26,12,14,5648,2542,3106
HIDALGO COUNTY,215,67 Years,6386,2882,3504,967,451,516,20,13,7,79,37,42,28,15,13,5292,2366,2926
HIDALGO COUNTY,215,68 Years,6379,2873,3506,936,444,492,19,13,6,63,29,34,22,9,13,5339,2378,2961
HIDALGO COUNTY,215,69 Years,6396,2864,3532,975,466,509,23,15,8,67,32,35,24,13,11,5307,2338,2969
HIDALGO COUNTY,215,70 Years,6067,2760,3307,1024,486,538,18,11,7,54,27,27,19,12,7,4952,2224,2728
HIDALGO COUNTY,215,71 Years,5856,2687,3169,1115,559,556,12,7,5,60,29,31,17,11,6,4652,2081,2571
HIDALGO COUNTY,215,72 Years,5659,2588,3071,1103,538,565,19,13,6,48,21,27,24,12,12,4465,2004,2461
HIDALGO COUNTY,215,73 Years,4958,2266,2692,926,466,460,12,7,5,30,14,16,14,7,7,3976,1772,2204
HIDALGO COUNTY,215,74 Years,4673,2083,2590,966,472,494,12,9,3,31,13,18,14,8,6,3650,1581,2069
HIDALGO COUNTY,215,75 Years,4430,2000,2430,1016,500,516,11,7,4,20,9,11,15,8,7,3368,1476,1892
HIDALGO COUNTY,215,76 Years,4094,1837,2257,1043,520,523,8,3,5,22,11,11,14,8,6,3007,1295,1712
HIDALGO COUNTY,215,77 Years,3668,1646,2022,893,455,438,8,5,3,36,15,21,14,5,9,2717,1166,1551
HIDALGO COUNTY,215,78 Years,3393,1501,1892,848,431,417,7,4,3,31,16,15,12,4,8,2495,1046,1449
HIDALGO COUNTY,215,79 Years,3265,1455,1810,810,397,413,6,3,3,30,13,17,9,3,6,2410,1039,1371
HIDALGO COUNTY,215,80 Years,2919,1295,1624,761,364,397,6,4,2,25,10,15,9,3,6,2118,914,1204
HIDALGO COUNTY,215,81 Years,2695,1149,1546,661,313,348,7,4,3,24,9,15,10,5,5,1993,818,1175
HIDALGO COUNTY,215,82 Years,2491,1057,1434,616,299,317,5,3,2,21,6,15,15,6,9,1834,743,1091
HIDALGO COUNTY,215,83 Years,2266,949,1317,557,276,281,8,1,7,23,8,15,12,6,6,1666,658,1008
HIDALGO COUNTY,215,84 Years,2096,877,1219,490,247,243,4,0,4,21,7,14,10,5,5,1571,618,953
HIDALGO COUNTY,215,85 Years,1794,766,1028,425,214,211,2,0,2,17,6,11,11,4,7,1339,542,797
HIDALGO COUNTY,215,86 Years,1538,641,897,383,184,199,4,3,1,16,6,10,9,3,6,1126,445,681
HIDALGO COUNTY,215,87 Years,1379,572,807,351,163,188,4,3,1,10,4,6,6,2,4,1008,400,608
HIDALGO COUNTY,215,88 Years,1266,514,752,302,139,163,5,3,2,10,3,7,4,1,3,945,368,577
HIDALGO COUNTY,215,89 Years,1105,448,657,253,123,130,2,2,0,10,3,7,4,1,3,836,319,517
HIDALGO COUNTY,215,90 Years,907,354,553,204,94,110,5,2,3,8,3,5,2,2,0,688,253,435
HIDALGO COUNTY,215,91 Years,765,290,475,157,71,86,3,2,1,6,2,4,2,1,1,597,214,383
HIDALGO COUNTY,215,92 Years,621,235,386,129,57,72,1,0,1,7,3,4,3,1,2,481,174,307
HIDALGO COUNTY,215,93 Years,503,184,319,100,43,57,2,1,1,5,1,4,3,1,2,393,138,255
HIDALGO COUNTY,215,94 Years,380,137,243,70,31,39,1,0,1,3,2,1,2,1,1,304,103,201
HIDALGO COUNTY,215,95 Years +,952,354,598,151,63,88,5,1,4,8,4,4,4,2,2,784,284,500
HILL COUNTY,217,All Ages,37069,18404,18665,25580,12567,13013,2323,1121,1202,127,51,76,866,441,425,8173,4224,3949
HILL COUNTY,217,< 1 Year,500,250,250,293,145,148,19,7,12,0,0,0,30,25,5,158,73,85
HILL COUNTY,217,1 Years,486,254,232,270,141,129,20,8,12,2,2,0,37,27,10,157,76,81
HILL COUNTY,217,2 Years,483,251,232,267,147,120,22,10,12,2,1,1,33,21,12,159,72,87
HILL COUNTY,217,3 Years,476,258,218,249,143,106,24,12,12,2,1,1,36,21,15,165,81,84
HILL COUNTY,217,4 Years,489,260,229,256,146,110,23,10,13,4,1,3,28,14,14,178,89,89
HILL COUNTY,217,5 Years,480,255,225,248,138,110,23,12,11,4,1,3,33,17,16,172,87,85
HILL COUNTY,217,6 Years,489,260,229,254,139,115,24,12,12,4,1,3,34,16,18,173,92,81
HILL COUNTY,217,7 Years,498,267,231,260,139,121,23,15,8,1,0,1,31,17,14,183,96,87
HILL COUNTY,217,8 Years,518,270,248,275,144,131,25,14,11,1,0,1,25,11,14,192,101,91
HILL COUNTY,217,9 Years,539,283,256,289,140,149,25,17,8,0,0,0,21,9,12,204,117,87
HILL COUNTY,217,10 Years,465,213,252,249,112,137,32,17,15,0,0,0,19,8,11,165,76,89
HILL COUNTY,217,11 Years,487,230,257,268,133,135,27,14,13,0,0,0,15,5,10,177,78,99
HILL COUNTY,217,12 Years,492,239,253,278,132,146,30,16,14,0,0,0,12,8,4,172,83,89
HILL COUNTY,217,13 Years,481,237,244,282,145,137,32,15,17,0,0,0,14,7,7,153,70,83
HILL COUNTY,217,14 Years,488,265,223,269,146,123,39,21,18,0,0,0,17,10,7,163,88,75
HILL COUNTY,217,15 Years,477,256,221,265,140,125,24,8,16,1,1,0,16,12,4,171,95,76
HILL COUNTY,217,16 Years,456,228,228,253,128,125,25,9,16,0,0,0,12,6,6,166,85,81
HILL COUNTY,217,17 Years,493,253,240,266,128,138,37,18,19,0,0,0,17,9,8,173,98,75
HILL COUNTY,217,18 Years,465,245,220,242,127,115,46,20,26,1,0,1,12,6,6,164,92,72
HILL COUNTY,217,19 Years,406,221,185,218,118,100,35,22,13,2,1,1,9,5,4,142,75,67
HILL COUNTY,217,20 Years,379,210,169,214,117,97,32,21,11,2,1,1,11,5,6,120,66,54
HILL COUNTY,217,21 Years,378,192,186,217,110,107,29,15,14,1,1,0,12,8,4,119,58,61
HILL COUNTY,217,22 Years,407,203,204,237,123,114,44,19,25,1,1,0,13,7,6,112,53,59
HILL COUNTY,217,23 Years,410,216,194,234,125,109,50,23,27,1,1,0,13,6,7,112,61,51
HILL COUNTY,217,24 Years,378,195,183,220,113,107,36,18,18,2,2,0,8,4,4,112,58,54
HILL COUNTY,217,25 Years,382,204,178,228,128,100,32,16,16,2,1,1,9,4,5,111,55,56
HILL COUNTY,217,26 Years,400,196,204,243,125,118,44,18,26,0,0,0,10,5,5,103,48,55
HILL COUNTY,217,27 Years,436,236,200,269,146,123,50,29,21,3,2,1,5,2,3,109,57,52
HILL COUNTY,217,28 Years,512,245,267,322,153,169,48,23,25,3,1,2,7,5,2,132,63,69
HILL COUNTY,217,29 Years,485,200,285,308,132,176,51,18,33,3,2,1,7,3,4,116,45,71
HILL COUNTY,217,30 Years,422,204,218,272,128,144,35,19,16,2,2,0,11,5,6,102,50,52
HILL COUNTY,217,31 Years,441,207,234,277,129,148,40,23,17,2,1,1,11,4,7,111,50,61
HILL COUNTY,217,32 Years,432,215,217,277,135,142,36,20,16,2,1,1,5,3,2,112,56,56
HILL COUNTY,217,33 Years,446,222,224,301,140,161,27,15,12,1,1,0,9,7,2,108,59,49
HILL COUNTY,217,34 Years,405,201,204,278,136,142,20,9,11,0,0,0,5,2,3,102,54,48
HILL COUNTY,217,35 Years,397,187,210,259,121,138,26,10,16,0,0,0,3,1,2,109,55,54
HILL COUNTY,217,36 Years,397,190,207,264,118,146,25,12,13,2,1,1,5,4,1,101,55,46
HILL COUNTY,217,37 Years,382,190,192,258,124,134,19,13,6,2,1,1,5,1,4,98,51,47
HILL COUNTY,217,38 Years,425,216,209,282,139,143,23,11,12,1,0,1,7,3,4,112,63,49
HILL COUNTY,217,39 Years,417,205,212,266,133,133,33,11,22,2,1,1,6,2,4,110,58,52
HILL COUNTY,217,40 Years,368,182,186,248,120,128,27,16,11,2,1,1,6,3,3,85,42,43
HILL COUNTY,217,41 Years,365,184,181,235,125,110,24,11,13,1,0,1,5,1,4,100,47,53
HILL COUNTY,217,42 Years,375,191,184,254,137,117,23,9,14,3,1,2,4,2,2,91,42,49
HILL COUNTY,217,43 Years,357,163,194,247,112,135,20,7,13,1,0,1,5,0,5,84,44,40
HILL COUNTY,217,44 Years,370,173,197,271,129,142,24,9,15,1,0,1,5,3,2,69,32,37
HILL COUNTY,217,45 Years,364,176,188,233,110,123,25,12,13,2,0,2,8,3,5,96,51,45
HILL COUNTY,217,46 Years,370,177,193,247,118,129,23,11,12,3,1,2,5,2,3,92,45,47
HILL COUNTY,217,47 Years,404,188,216,276,127,149,22,11,11,3,0,3,2,1,1,101,49,52
HILL COUNTY,217,48 Years,425,219,206,288,140,148,30,16,14,4,2,2,5,3,2,98,58,40
HILL COUNTY,217,49 Years,445,221,224,314,153,161,27,12,15,2,0,2,10,6,4,92,50,42
HILL COUNTY,217,50 Years,440,217,223,318,149,169,30,15,15,1,0,1,4,2,2,87,51,36
HILL COUNTY,217,51 Years,447,231,216,316,163,153,38,15,23,2,1,1,8,4,4,83,48,35
HILL COUNTY,217,52 Years,403,215,188,285,146,139,31,14,17,1,1,0,7,4,3,79,50,29
HILL COUNTY,217,53 Years,453,232,221,333,175,158,28,12,16,1,0,1,4,1,3,87,44,43
HILL COUNTY,217,54 Years,466,229,237,338,164,174,34,18,16,1,1,0,6,3,3,87,43,44
HILL COUNTY,217,55 Years,466,237,229,350,171,179,33,18,15,1,1,0,5,1,4,77,46,31
HILL COUNTY,217,56 Years,498,253,245,383,190,193,30,12,18,1,1,0,3,1,2,81,49,32
HILL COUNTY,217,57 Years,514,249,265,403,188,215,26,9,17,2,1,1,2,0,2,81,51,30
HILL COUNTY,217,58 Years,529,240,289,409,183,226,31,12,19,2,1,1,9,3,6,78,41,37
HILL COUNTY,217,59 Years,539,276,263,424,223,201,37,15,22,2,1,1,5,1,4,71,36,35
HILL COUNTY,217,60 Years,486,232,254,390,187,203,31,9,22,2,1,1,7,2,5,56,33,23
HILL COUNTY,217,61 Years,496,243,253,402,195,207,32,15,17,0,0,0,6,2,4,56,31,25
HILL COUNTY,217,62 Years,505,250,255,408,201,207,27,13,14,2,1,1,9,3,6,59,32,27
HILL COUNTY,217,63 Years,469,220,249,387,174,213,23,10,13,2,1,1,6,3,3,51,32,19
HILL COUNTY,217,64 Years,513,252,261,433,209,224,28,15,13,0,0,0,7,2,5,45,26,19
HILL COUNTY,217,65 Years,505,252,253,431,217,214,25,12,13,1,0,1,5,2,3,43,21,22
HILL COUNTY,217,66 Years,458,234,224,395,203,192,18,9,9,2,1,1,8,2,6,35,19,16
HILL COUNTY,217,67 Years,453,220,233,393,192,201,24,11,13,4,0,4,6,1,5,26,16,10
HILL COUNTY,217,68 Years,451,212,239,373,176,197,28,12,16,2,0,2,3,0,3,45,24,21
HILL COUNTY,217,69 Years,497,240,257,419,200,219,27,13,14,3,1,2,3,2,1,45,24,21
HILL COUNTY,217,70 Years,464,210,254,395,173,222,19,11,8,2,0,2,4,2,2,44,24,20
HILL COUNTY,217,71 Years,454,218,236,397,188,209,16,9,7,1,0,1,7,3,4,33,18,15
HILL COUNTY,217,72 Years,478,230,248,419,195,224,13,7,6,1,1,0,10,6,4,35,21,14
HILL COUNTY,217,73 Years,369,192,177,318,163,155,14,8,6,1,0,1,5,3,2,31,18,13
HILL COUNTY,217,74 Years,370,178,192,321,153,168,15,8,7,1,0,1,5,3,2,28,14,14
HILL COUNTY,217,75 Years,372,192,180,330,169,161,12,6,6,1,0,1,6,3,3,23,14,9
HILL COUNTY,217,76 Years,351,181,170,318,163,155,11,6,5,0,0,0,5,2,3,17,10,7
HILL COUNTY,217,77 Years,300,162,138,263,143,120,13,7,6,3,1,2,5,3,2,16,8,8
HILL COUNTY,217,78 Years,278,148,130,243,129,114,13,8,5,2,1,1,3,2,1,17,8,9
HILL COUNTY,217,79 Years,265,132,133,228,113,115,12,8,4,1,0,1,5,3,2,19,8,11
HILL COUNTY,217,80 Years,231,117,114,202,105,97,8,3,5,1,0,1,6,3,3,14,6,8
HILL COUNTY,217,81 Years,223,114,109,198,101,97,8,4,4,2,1,1,2,1,1,13,7,6
HILL COUNTY,217,82 Years,192,93,99,170,82,88,8,4,4,0,0,0,3,2,1,11,5,6
HILL COUNTY,217,83 Years,154,73,81,132,61,71,8,4,4,0,0,0,5,2,3,9,6,3
HILL COUNTY,217,84 Years,159,69,90,138,58,80,9,5,4,0,0,0,3,0,3,9,6,3
HILL COUNTY,217,85 Years,157,63,94,136,52,84,8,5,3,0,0,0,2,2,0,11,4,7
HILL COUNTY,217,86 Years,128,51,77,113,45,68,5,2,3,0,0,0,1,1,0,9,3,6
HILL COUNTY,217,87 Years,117,44,73,101,35,66,7,4,3,0,0,0,2,1,1,7,4,3
HILL COUNTY,217,88 Years,106,40,66,93,35,58,7,3,4,0,0,0,1,0,1,5,2,3
HILL COUNTY,217,89 Years,97,40,57,80,31,49,7,4,3,0,0,0,1,0,1,9,5,4
HILL COUNTY,217,90 Years,85,34,51,69,25,44,6,4,2,0,0,0,2,1,1,8,4,4
HILL COUNTY,217,91 Years,67,23,44,54,17,37,5,2,3,0,0,0,0,0,0,8,4,4
HILL COUNTY,217,92 Years,58,18,40,46,15,31,5,2,3,1,0,1,0,0,0,6,1,5
HILL COUNTY,217,93 Years,42,13,29,35,10,25,2,1,1,0,0,0,1,0,1,4,2,2
HILL COUNTY,217,94 Years,34,12,22,28,8,20,4,2,2,0,0,0,0,0,0,2,2,0
HILL COUNTY,217,95 Years +,88,20,68,73,15,58,7,1,6,0,0,0,1,0,1,7,4,3
HOCKLEY COUNTY,219,All Ages,22862,11352,11510,10169,4933,5236,898,445,453,69,33,36,349,179,170,11377,5762,5615
HOCKLEY COUNTY,219,< 1 Year,331,169,162,102,58,44,15,9,6,0,0,0,10,3,7,204,99,105
HOCKLEY COUNTY,219,1 Years,330,171,159,102,57,45,16,10,6,2,1,1,11,5,6,199,98,101
HOCKLEY COUNTY,219,2 Years,326,172,154,99,50,49,15,10,5,1,1,0,9,4,5,202,107,95
HOCKLEY COUNTY,219,3 Years,338,173,165,104,50,54,14,9,5,1,1,0,6,3,3,213,110,103
HOCKLEY COUNTY,219,4 Years,338,174,164,105,50,55,16,4,12,2,1,1,6,2,4,209,117,92
HOCKLEY COUNTY,219,5 Years,355,185,170,114,62,52,16,5,11,3,1,2,10,4,6,212,113,99
HOCKLEY COUNTY,219,6 Years,363,195,168,112,63,49,21,8,13,2,1,1,10,4,6,218,119,99
HOCKLEY COUNTY,219,7 Years,362,198,164,110,62,48,21,12,9,0,0,0,9,6,3,222,118,104
HOCKLEY COUNTY,219,8 Years,371,195,176,109,61,48,22,10,12,0,0,0,9,7,2,231,117,114
HOCKLEY COUNTY,219,9 Years,347,178,169,104,61,43,20,9,11,1,1,0,12,6,6,210,101,109
HOCKLEY COUNTY,219,10 Years,311,156,155,107,60,47,11,5,6,1,1,0,5,3,2,187,87,100
HOCKLEY COUNTY,219,11 Years,332,160,172,120,56,64,10,3,7,1,1,0,7,5,2,194,95,99
HOCKLEY COUNTY,219,12 Years,320,159,161,107,53,54,13,5,8,0,0,0,8,4,4,192,97,95
HOCKLEY COUNTY,219,13 Years,324,163,161,111,61,50,8,2,6,0,0,0,7,3,4,198,97,101
HOCKLEY COUNTY,219,14 Years,318,160,158,115,58,57,9,3,6,1,1,0,5,3,2,188,95,93
HOCKLEY COUNTY,219,15 Years,314,149,165,101,46,55,13,8,5,1,0,1,3,2,1,196,93,103
HOCKLEY COUNTY,219,16 Years,328,160,168,109,45,64,11,5,6,0,0,0,3,0,3,205,110,95
HOCKLEY COUNTY,219,17 Years,323,161,162,122,52,70,9,4,5,0,0,0,6,4,2,186,101,85
HOCKLEY COUNTY,219,18 Years,467,246,221,188,104,84,34,13,21,0,0,0,4,2,2,241,127,114
HOCKLEY COUNTY,219,19 Years,471,239,232,165,91,74,52,25,27,0,0,0,4,3,1,250,120,130
HOCKLEY COUNTY,219,20 Years,455,249,206,162,91,71,40,23,17,1,0,1,6,3,3,246,132,114
HOCKLEY COUNTY,219,21 Years,376,208,168,135,74,61,27,17,10,1,0,1,4,2,2,209,115,94
HOCKLEY COUNTY,219,22 Years,282,136,146,96,45,51,9,6,3,0,0,0,6,3,3,171,82,89
HOCKLEY COUNTY,219,23 Years,276,134,142,91,45,46,7,4,3,0,0,0,7,2,5,171,83,88
HOCKLEY COUNTY,219,24 Years,322,170,152,104,50,54,13,8,5,3,3,0,3,1,2,199,108,91
HOCKLEY COUNTY,219,25 Years,307,170,137,120,66,54,10,6,4,1,1,0,4,3,1,172,94,78
HOCKLEY COUNTY,219,26 Years,342,187,155,132,72,60,8,6,2,0,0,0,5,3,2,197,106,91
HOCKLEY COUNTY,219,27 Years,341,180,161,132,68,64,7,4,3,1,0,1,5,2,3,196,106,90
HOCKLEY COUNTY,219,28 Years,379,189,190,149,73,76,13,7,6,1,0,1,6,3,3,210,106,104
HOCKLEY COUNTY,219,29 Years,371,184,187,153,75,78,11,8,3,2,2,0,8,4,4,197,95,102
HOCKLEY COUNTY,219,30 Years,282,147,135,118,59,59,6,4,2,1,1,0,5,3,2,152,80,72
HOCKLEY COUNTY,219,31 Years,285,140,145,115,54,61,11,6,5,0,0,0,3,2,1,156,78,78
HOCKLEY COUNTY,219,32 Years,301,148,153,134,61,73,11,8,3,1,1,0,4,3,1,151,75,76
HOCKLEY COUNTY,219,33 Years,320,161,159,127,61,66,10,7,3,1,1,0,3,1,2,179,91,88
HOCKLEY COUNTY,219,34 Years,292,147,145,121,65,56,6,3,3,3,0,3,0,0,0,162,79,83
HOCKLEY COUNTY,219,35 Years,306,155,151,115,56,59,12,5,7,1,0,1,2,2,0,176,92,84
HOCKLEY COUNTY,219,36 Years,299,155,144,114,54,60,14,9,5,1,0,1,2,1,1,168,91,77
HOCKLEY COUNTY,219,37 Years,287,148,139,117,57,60,6,4,2,1,0,1,2,1,1,161,86,75
HOCKLEY COUNTY,219,38 Years,276,141,135,120,59,61,6,4,2,1,0,1,4,1,3,145,77,68
HOCKLEY COUNTY,219,39 Years,294,155,139,117,57,60,9,4,5,3,1,2,5,2,3,160,91,69
HOCKLEY COUNTY,219,40 Years,274,135,139,121,57,64,7,5,2,2,2,0,3,2,1,141,69,72
HOCKLEY COUNTY,219,41 Years,243,124,119,106,53,53,7,4,3,1,0,1,1,1,0,128,66,62
HOCKLEY COUNTY,219,42 Years,231,112,119,103,47,56,6,2,4,1,0,1,3,3,0,118,60,58
HOCKLEY COUNTY,219,43 Years,237,119,118,111,56,55,6,2,4,1,0,1,4,3,1,115,58,57
HOCKLEY COUNTY,219,44 Years,229,123,106,115,58,57,5,4,1,1,0,1,4,3,1,104,58,46
HOCKLEY COUNTY,219,45 Years,207,103,104,106,51,55,5,4,1,0,0,0,2,1,1,94,47,47
HOCKLEY COUNTY,219,46 Years,220,102,118,96,43,53,5,1,4,1,1,0,3,2,1,115,55,60
HOCKLEY COUNTY,219,47 Years,246,118,128,129,60,69,3,0,3,0,0,0,3,2,1,111,56,55
HOCKLEY COUNTY,219,48 Years,236,107,129,117,51,66,4,2,2,1,1,0,2,1,1,112,52,60
HOCKLEY COUNTY,219,49 Years,238,114,124,120,60,60,8,3,5,1,1,0,2,1,1,107,49,58
HOCKLEY COUNTY,219,50 Years,222,107,115,119,57,62,5,1,4,1,1,0,1,0,1,96,48,48
HOCKLEY COUNTY,219,51 Years,224,104,120,105,47,58,9,3,6,2,1,1,3,2,1,105,51,54
HOCKLEY COUNTY,219,52 Years,200,88,112,98,42,56,6,3,3,1,0,1,3,1,2,92,42,50
HOCKLEY COUNTY,219,53 Years,226,111,115,115,55,60,9,5,4,1,0,1,5,2,3,96,49,47
HOCKLEY COUNTY,219,54 Years,262,132,130,125,60,65,11,5,6,2,1,1,3,1,2,121,65,56
HOCKLEY COUNTY,219,55 Years,244,119,125,118,58,60,8,4,4,0,0,0,3,1,2,115,56,59
HOCKLEY COUNTY,219,56 Years,256,122,134,125,56,69,10,4,6,0,0,0,2,0,2,119,62,57
HOCKLEY COUNTY,219,57 Years,261,133,128,138,65,73,13,6,7,1,1,0,2,1,1,107,60,47
HOCKLEY COUNTY,219,58 Years,262,109,153,146,64,82,12,4,8,0,0,0,3,2,1,101,39,62
HOCKLEY COUNTY,219,59 Years,252,120,132,149,71,78,9,5,4,0,0,0,2,1,1,92,43,49
HOCKLEY COUNTY,219,60 Years,242,129,113,136,67,69,6,3,3,1,1,0,3,2,1,96,56,40
HOCKLEY COUNTY,219,61 Years,248,126,122,144,69,75,10,3,7,0,0,0,2,1,1,92,53,39
HOCKLEY COUNTY,219,62 Years,229,114,115,125,60,65,15,7,8,0,0,0,3,2,1,86,45,41
HOCKLEY COUNTY,219,63 Years,264,140,124,156,80,76,13,6,7,3,1,2,1,1,0,91,52,39
HOCKLEY COUNTY,219,64 Years,234,128,106,145,75,70,9,6,3,1,1,0,1,0,1,78,46,32
HOCKLEY COUNTY,219,65 Years,235,116,119,142,66,76,8,3,5,1,0,1,3,2,1,81,45,36
HOCKLEY COUNTY,219,66 Years,246,122,124,159,78,81,8,4,4,1,0,1,4,2,2,74,38,36
HOCKLEY COUNTY,219,67 Years,228,116,112,155,76,79,7,3,4,0,0,0,3,3,0,63,34,29
HOCKLEY COUNTY,219,68 Years,212,102,110,136,68,68,8,2,6,1,0,1,2,0,2,65,32,33
HOCKLEY COUNTY,219,69 Years,190,101,89,119,66,53,5,2,3,0,0,0,3,2,1,63,31,32
HOCKLEY COUNTY,219,70 Years,191,89,102,125,62,63,6,3,3,0,0,0,4,2,2,56,22,34
HOCKLEY COUNTY,219,71 Years,187,82,105,121,49,72,4,3,1,0,0,0,4,1,3,58,29,29
HOCKLEY COUNTY,219,72 Years,174,75,99,114,50,64,3,2,1,0,0,0,3,1,2,54,22,32
HOCKLEY COUNTY,219,73 Years,161,70,91,105,48,57,2,1,1,0,0,0,4,2,2,50,19,31
HOCKLEY COUNTY,219,74 Years,148,69,79,91,43,48,4,1,3,0,0,0,2,2,0,51,23,28
HOCKLEY COUNTY,219,75 Years,142,68,74,97,48,49,3,1,2,0,0,0,1,1,0,41,18,23
HOCKLEY COUNTY,219,76 Years,150,63,87,113,48,65,2,1,1,0,0,0,2,0,2,33,14,19
HOCKLEY COUNTY,219,77 Years,129,51,78,92,36,56,2,2,0,1,0,1,2,0,2,32,13,19
HOCKLEY COUNTY,219,78 Years,114,46,68,83,31,52,4,2,2,1,0,1,2,2,0,24,11,13
HOCKLEY COUNTY,219,79 Years,103,43,60,72,31,41,3,1,2,0,0,0,2,2,0,26,9,17
HOCKLEY COUNTY,219,80 Years,91,34,57,63,21,42,4,4,0,0,0,0,1,0,1,23,9,14
HOCKLEY COUNTY,219,81 Years,97,32,65,69,21,48,1,1,0,0,0,0,1,0,1,26,10,16
HOCKLEY COUNTY,219,82 Years,96,38,58,69,26,43,7,4,3,0,0,0,3,1,2,17,7,10
HOCKLEY COUNTY,219,83 Years,95,37,58,65,25,40,6,2,4,1,1,0,3,2,1,20,7,13
HOCKLEY COUNTY,219,84 Years,86,30,56,55,20,35,4,1,3,1,0,1,2,1,1,24,8,16
HOCKLEY COUNTY,219,85 Years,68,27,41,46,20,26,1,1,0,1,0,1,1,1,0,19,5,14
HOCKLEY COUNTY,219,86 Years,63,24,39,44,19,25,1,1,0,0,0,0,1,0,1,17,4,13
HOCKLEY COUNTY,219,87 Years,51,18,33,31,15,16,3,0,3,0,0,0,0,0,0,17,3,14
HOCKLEY COUNTY,219,88 Years,47,19,28,32,14,18,4,2,2,0,0,0,0,0,0,11,3,8
HOCKLEY COUNTY,219,89 Years,42,17,25,27,11,16,2,1,1,0,0,0,3,1,2,10,4,6
HOCKLEY COUNTY,219,90 Years,34,12,22,22,9,13,0,0,0,0,0,0,1,0,1,11,3,8
HOCKLEY COUNTY,219,91 Years,30,10,20,17,6,11,3,1,2,0,0,0,0,0,0,10,3,7
HOCKLEY COUNTY,219,92 Years,29,13,16,18,9,9,4,1,3,0,0,0,0,0,0,7,3,4
HOCKLEY COUNTY,219,93 Years,21,6,15,14,5,9,2,0,2,0,0,0,0,0,0,5,1,4
HOCKLEY COUNTY,219,94 Years,17,6,11,10,4,6,1,0,1,0,0,0,0,0,0,6,2,4
HOCKLEY COUNTY,219,95 Years +,36,10,26,17,4,13,3,1,2,0,0,0,0,0,0,16,5,11
HOOD COUNTY,221,All Ages,60984,29886,31098,51418,24998,26420,265,166,99,337,135,202,1015,498,517,7949,4089,3860
HOOD COUNTY,221,< 1 Year,561,289,272,424,215,209,6,4,2,2,1,1,14,7,7,115,62,53
HOOD COUNTY,221,1 Years,591,299,292,445,225,220,6,3,3,2,1,1,16,6,10,122,64,58
HOOD COUNTY,221,2 Years,615,312,303,455,234,221,4,2,2,2,1,1,16,6,10,138,69,69
HOOD COUNTY,221,3 Years,664,350,314,488,264,224,3,1,2,3,2,1,21,9,12,149,74,75
HOOD COUNTY,221,4 Years,658,356,302,478,263,215,2,1,1,4,2,2,22,12,10,152,78,74
HOOD COUNTY,221,5 Years,668,360,308,491,271,220,1,1,0,4,2,2,20,10,10,152,76,76
HOOD COUNTY,221,6 Years,643,339,304,475,258,217,3,2,1,2,1,1,15,8,7,148,70,78
HOOD COUNTY,221,7 Years,645,331,314,480,258,222,3,2,1,2,1,1,13,8,5,147,62,85
HOOD COUNTY,221,8 Years,641,340,301,469,260,209,3,2,1,2,1,1,14,10,4,153,67,86
HOOD COUNTY,221,9 Years,648,332,316,467,253,214,0,0,0,2,0,2,15,9,6,164,70,94
HOOD COUNTY,221,10 Years,694,368,326,503,259,244,2,1,1,3,0,3,14,9,5,172,99,73
HOOD COUNTY,221,11 Years,757,376,381,556,278,278,2,1,1,6,3,3,14,5,9,179,89,90
HOOD COUNTY,221,12 Years,772,391,381,573,288,285,2,1,1,6,4,2,13,8,5,178,90,88
HOOD COUNTY,221,13 Years,746,405,341,551,301,250,4,2,2,5,1,4,18,10,8,168,91,77
HOOD COUNTY,221,14 Years,718,399,319,532,287,245,3,2,1,4,2,2,16,7,9,163,101,62
HOOD COUNTY,221,15 Years,728,374,354,541,267,274,2,1,1,4,2,2,11,5,6,170,99,71
HOOD COUNTY,221,16 Years,737,365,372,568,276,292,5,4,1,5,3,2,12,7,5,147,75,72
HOOD COUNTY,221,17 Years,670,340,330,521,269,252,5,2,3,3,1,2,15,7,8,126,61,65
HOOD COUNTY,221,18 Years,601,328,273,450,257,193,3,1,2,3,0,3,17,6,11,128,64,64
HOOD COUNTY,221,19 Years,592,305,287,451,242,209,3,1,2,3,1,2,14,8,6,121,53,68
HOOD COUNTY,221,20 Years,546,278,268,408,215,193,5,3,2,1,1,0,17,6,11,115,53,62
HOOD COUNTY,221,21 Years,543,266,277,416,204,212,4,3,1,3,2,1,17,8,9,103,49,54
HOOD COUNTY,221,22 Years,579,293,286,449,235,214,5,3,2,2,1,1,15,7,8,108,47,61
HOOD COUNTY,221,23 Years,594,318,276,462,255,207,3,2,1,3,2,1,20,10,10,106,49,57
HOOD COUNTY,221,24 Years,640,343,297,513,280,233,4,2,2,4,3,1,13,8,5,106,50,56
HOOD COUNTY,221,25 Years,691,350,341,561,282,279,10,5,5,3,2,1,15,11,4,102,50,52
HOOD COUNTY,221,26 Years,733,368,365,590,295,295,8,6,2,3,2,1,15,7,8,117,58,59
HOOD COUNTY,221,27 Years,749,367,382,591,282,309,5,4,1,3,1,2,15,8,7,135,72,63
HOOD COUNTY,221,28 Years,684,343,341,543,270,273,2,0,2,3,2,1,16,9,7,120,62,58
HOOD COUNTY,221,29 Years,703,349,354,549,258,291,4,2,2,2,2,0,8,4,4,140,83,57
HOOD COUNTY,221,30 Years,684,323,361,533,243,290,3,2,1,5,3,2,6,2,4,137,73,64
HOOD COUNTY,221,31 Years,704,342,362,539,254,285,3,2,1,3,2,1,8,2,6,151,82,69
HOOD COUNTY,221,32 Years,679,322,357,531,244,287,1,1,0,1,0,1,7,2,5,139,75,64
HOOD COUNTY,221,33 Years,604,308,296,462,225,237,3,2,1,4,2,2,11,4,7,124,75,49
HOOD COUNTY,221,34 Years,678,321,357,543,252,291,4,3,1,2,1,1,14,4,10,115,61,54
HOOD COUNTY,221,35 Years,694,325,369,554,261,293,2,1,1,4,2,2,8,3,5,126,58,68
HOOD COUNTY,221,36 Years,679,319,360,547,262,285,3,2,1,6,1,5,9,5,4,114,49,65
HOOD COUNTY,221,37 Years,675,340,335,555,285,270,2,1,1,4,1,3,7,4,3,107,49,58
HOOD COUNTY,221,38 Years,683,347,336,564,286,278,2,1,1,7,2,5,7,5,2,103,53,50
HOOD COUNTY,221,39 Years,640,329,311,512,259,253,1,0,1,5,0,5,6,3,3,116,67,49
HOOD COUNTY,221,40 Years,598,305,293,481,244,237,4,4,0,4,1,3,11,4,7,98,52,46
HOOD COUNTY,221,41 Years,582,318,264,478,260,218,3,3,0,2,0,2,7,3,4,92,52,40
HOOD COUNTY,221,42 Years,581,303,278,475,243,232,4,3,1,4,3,1,6,4,2,92,50,42
HOOD COUNTY,221,43 Years,560,260,300,457,198,259,4,4,0,5,5,0,5,4,1,89,49,40
HOOD COUNTY,221,44 Years,569,270,299,454,210,244,5,3,2,3,3,0,10,5,5,97,49,48
HOOD COUNTY,221,45 Years,570,298,272,475,246,229,2,2,0,2,1,1,5,1,4,86,48,38
HOOD COUNTY,221,46 Years,586,304,282,478,250,228,3,1,2,6,2,4,4,2,2,95,49,46
HOOD COUNTY,221,47 Years,657,304,353,558,255,303,3,1,2,9,3,6,10,5,5,77,40,37
HOOD COUNTY,221,48 Years,661,328,333,579,279,300,4,3,1,6,2,4,8,4,4,64,40,24
HOOD COUNTY,221,49 Years,699,346,353,595,287,308,3,2,1,6,3,3,8,4,4,87,50,37
HOOD COUNTY,221,50 Years,670,310,360,561,253,308,2,2,0,6,3,3,7,4,3,94,48,46
HOOD COUNTY,221,51 Years,641,305,336,536,250,286,1,0,1,3,2,1,7,3,4,94,50,44
HOOD COUNTY,221,52 Years,686,314,372,577,263,314,3,0,3,3,1,2,8,3,5,95,47,48
HOOD COUNTY,221,53 Years,700,344,356,590,293,297,2,1,1,7,3,4,9,3,6,92,44,48
HOOD COUNTY,221,54 Years,781,373,408,664,321,343,2,2,0,8,1,7,12,6,6,95,43,52
HOOD COUNTY,221,55 Years,790,380,410,696,331,365,1,1,0,5,2,3,10,6,4,78,40,38
HOOD COUNTY,221,56 Years,848,402,446,738,351,387,4,3,1,5,1,4,13,8,5,88,39,49
HOOD COUNTY,221,57 Years,869,428,441,764,368,396,3,3,0,10,4,6,19,12,7,73,41,32
HOOD COUNTY,221,58 Years,896,452,444,802,392,410,4,3,1,6,4,2,16,10,6,68,43,25
HOOD COUNTY,221,59 Years,966,454,512,861,401,460,5,1,4,5,3,2,19,9,10,76,40,36
HOOD COUNTY,221,60 Years,952,432,520,858,389,469,3,2,1,3,1,2,17,7,10,71,33,38
HOOD COUNTY,221,61 Years,935,461,474,836,412,424,3,2,1,5,1,4,12,7,5,79,39,40
HOOD COUNTY,221,62 Years,936,444,492,847,394,453,3,2,1,7,0,7,16,8,8,63,40,23
HOOD COUNTY,221,63 Years,981,459,522,878,401,477,7,6,1,8,2,6,16,9,7,72,41,31
HOOD COUNTY,221,64 Years,978,483,495,874,429,445,3,2,1,5,1,4,20,10,10,76,41,35
HOOD COUNTY,221,65 Years,973,501,472,900,466,434,3,3,0,4,2,2,16,10,6,50,20,30
HOOD COUNTY,221,66 Years,953,408,545,891,384,507,5,2,3,5,2,3,15,7,8,37,13,24
HOOD COUNTY,221,67 Years,879,409,470,835,389,446,1,0,1,6,1,5,12,5,7,25,14,11
HOOD COUNTY,221,68 Years,828,392,436,776,363,413,4,2,2,3,0,3,13,5,8,32,22,10
HOOD COUNTY,221,69 Years,891,415,476,840,393,447,4,2,2,7,2,5,8,2,6,32,16,16
HOOD COUNTY,221,70 Years,872,390,482,826,373,453,3,2,1,3,1,2,13,5,8,27,9,18
HOOD COUNTY,221,71 Years,867,410,457,824,389,435,6,4,2,2,1,1,11,5,6,24,11,13
HOOD COUNTY,221,72 Years,873,439,434,837,418,419,4,4,0,3,0,3,7,4,3,22,13,9
HOOD COUNTY,221,73 Years,735,344,391,694,324,370,3,1,2,4,0,4,10,7,3,24,12,12
HOOD COUNTY,221,74 Years,742,336,406,697,316,381,1,0,1,5,2,3,12,5,7,27,13,14
HOOD COUNTY,221,75 Years,737,370,367,701,351,350,2,2,0,3,2,1,11,6,5,20,9,11
HOOD COUNTY,221,76 Years,669,327,342,640,310,330,3,2,1,2,1,1,5,3,2,19,11,8
HOOD COUNTY,221,77 Years,606,285,321,578,266,312,2,1,1,3,2,1,6,3,3,17,13,4
HOOD COUNTY,221,78 Years,577,274,303,548,256,292,1,1,0,4,1,3,8,4,4,16,12,4
HOOD COUNTY,221,79 Years,513,249,264,495,237,258,1,1,0,1,1,0,6,3,3,10,7,3
HOOD COUNTY,221,80 Years,500,252,248,479,238,241,1,1,0,1,0,1,6,3,3,13,10,3
HOOD COUNTY,221,81 Years,442,220,222,427,212,215,0,0,0,3,1,2,4,2,2,8,5,3
HOOD COUNTY,221,82 Years,408,192,216,396,183,213,1,1,0,0,0,0,3,2,1,8,6,2
HOOD COUNTY,221,83 Years,408,186,222,393,177,216,0,0,0,1,0,1,6,3,3,8,6,2
HOOD COUNTY,221,84 Years,360,160,200,349,155,194,0,0,0,1,0,1,4,1,3,6,4,2
HOOD COUNTY,221,85 Years,306,137,169,298,134,164,0,0,0,1,1,0,3,0,3,4,2,2
HOOD COUNTY,221,86 Years,263,113,150,256,110,146,0,0,0,1,1,0,1,1,0,5,1,4
HOOD COUNTY,221,87 Years,232,97,135,224,94,130,0,0,0,1,0,1,3,1,2,4,2,2
HOOD COUNTY,221,88 Years,208,86,122,199,82,117,0,0,0,1,0,1,2,0,2,6,4,2
HOOD COUNTY,221,89 Years,194,75,119,186,73,113,1,0,1,0,0,0,3,0,3,4,2,2
HOOD COUNTY,221,90 Years,170,68,102,163,65,98,0,0,0,0,0,0,2,0,2,5,3,2
HOOD COUNTY,221,91 Years,119,42,77,113,40,73,0,0,0,0,0,0,2,0,2,4,2,2
HOOD COUNTY,221,92 Years,112,35,77,102,30,72,1,1,0,1,0,1,0,0,0,8,4,4
HOOD COUNTY,221,93 Years,90,27,63,82,24,58,0,0,0,1,1,0,1,0,1,6,2,4
HOOD COUNTY,221,94 Years,66,18,48,61,16,45,0,0,0,0,0,0,1,0,1,4,2,2
HOOD COUNTY,221,95 Years +,168,42,126,156,38,118,1,1,0,2,0,2,2,1,1,7,2,5
HOPKINS COUNTY,223,All Ages,37312,18284,19028,27216,13081,14135,2639,1291,1348,211,104,107,909,439,470,6337,3369,2968
HOPKINS COUNTY,223,< 1 Year,460,234,226,286,140,146,25,15,10,3,1,2,36,14,22,110,64,46
HOPKINS COUNTY,223,1 Years,442,225,217,271,136,135,29,18,11,3,1,2,31,11,20,108,59,49
HOPKINS COUNTY,223,2 Years,452,222,230,281,139,142,30,18,12,3,1,2,29,9,20,109,55,54
HOPKINS COUNTY,223,3 Years,448,222,226,272,137,135,33,18,15,4,2,2,21,8,13,118,57,61
HOPKINS COUNTY,223,4 Years,472,245,227,295,153,142,28,12,16,3,2,1,21,11,10,125,67,58
HOPKINS COUNTY,223,5 Years,457,241,216,287,149,138,27,12,15,3,2,1,23,15,8,117,63,54
HOPKINS COUNTY,223,6 Years,463,237,226,297,155,142,26,9,17,3,1,2,27,17,10,110,55,55
HOPKINS COUNTY,223,7 Years,473,242,231,296,152,144,29,12,17,4,2,2,28,20,8,116,56,60
HOPKINS COUNTY,223,8 Years,501,258,243,315,161,154,30,13,17,2,1,1,25,16,9,129,67,62
HOPKINS COUNTY,223,9 Years,502,267,235,315,171,144,28,18,10,2,1,1,26,14,12,131,63,68
HOPKINS COUNTY,223,10 Years,518,278,240,296,164,132,41,22,19,0,0,0,27,10,17,154,82,72
HOPKINS COUNTY,223,11 Years,499,268,231,296,162,134,31,17,14,4,2,2,25,13,12,143,74,69
HOPKINS COUNTY,223,12 Years,523,276,247,308,151,157,30,14,16,2,2,0,23,11,12,160,98,62
HOPKINS COUNTY,223,13 Years,517,259,258,306,154,152,34,18,16,3,2,1,25,8,17,149,77,72
HOPKINS COUNTY,223,14 Years,487,250,237,286,144,142,39,20,19,2,1,1,28,14,14,132,71,61
HOPKINS COUNTY,223,15 Years,520,279,241,311,167,144,39,20,19,3,2,1,23,11,12,144,79,65
HOPKINS COUNTY,223,16 Years,502,248,254,307,145,162,32,20,12,3,1,2,22,9,13,138,73,65
HOPKINS COUNTY,223,17 Years,489,247,242,306,152,154,30,19,11,2,1,1,18,8,10,133,67,66
HOPKINS COUNTY,223,18 Years,483,266,217,297,170,127,39,25,14,2,1,1,15,6,9,130,64,66
HOPKINS COUNTY,223,19 Years,410,233,177,243,131,112,35,23,12,4,4,0,15,8,7,113,67,46
HOPKINS COUNTY,223,20 Years,400,206,194,235,115,120,32,19,13,4,3,1,13,8,5,116,61,55
HOPKINS COUNTY,223,21 Years,387,186,201,231,113,118,32,12,20,3,1,2,12,7,5,109,53,56
HOPKINS COUNTY,223,22 Years,391,202,189,240,129,111,40,19,21,1,0,1,10,2,8,100,52,48
HOPKINS COUNTY,223,23 Years,423,209,214,263,139,124,42,19,23,0,0,0,14,4,10,104,47,57
HOPKINS COUNTY,223,24 Years,445,212,233,282,141,141,37,14,23,4,0,4,8,4,4,114,53,61
HOPKINS COUNTY,223,25 Years,481,238,243,305,146,159,39,19,20,3,1,2,16,11,5,118,61,57
HOPKINS COUNTY,223,26 Years,485,239,246,325,160,165,41,21,20,2,1,1,13,5,8,104,52,52
HOPKINS COUNTY,223,27 Years,488,235,253,324,147,177,51,27,24,5,3,2,11,4,7,97,54,43
HOPKINS COUNTY,223,28 Years,499,240,259,359,163,196,40,21,19,3,2,1,7,4,3,90,50,40
HOPKINS COUNTY,223,29 Years,455,219,236,325,151,174,37,17,20,2,2,0,4,3,1,87,46,41
HOPKINS COUNTY,223,30 Years,442,224,218,324,160,164,25,13,12,0,0,0,5,4,1,88,47,41
HOPKINS COUNTY,223,31 Years,501,244,257,378,171,207,21,12,9,2,2,0,5,3,2,95,56,39
HOPKINS COUNTY,223,32 Years,489,231,258,371,170,201,22,13,9,3,2,1,5,2,3,88,44,44
HOPKINS COUNTY,223,33 Years,482,251,231,363,180,183,24,14,10,2,2,0,14,6,8,79,49,30
HOPKINS COUNTY,223,34 Years,460,230,230,334,160,174,27,14,13,2,2,0,7,3,4,90,51,39
HOPKINS COUNTY,223,35 Years,423,208,215,304,151,153,32,14,18,1,1,0,5,3,2,81,39,42
HOPKINS COUNTY,223,36 Years,440,209,231,320,153,167,31,15,16,2,2,0,8,2,6,79,37,42
HOPKINS COUNTY,223,37 Years,413,210,203,308,148,160,27,14,13,3,2,1,4,3,1,71,43,28
HOPKINS COUNTY,223,38 Years,419,210,209,298,146,152,33,19,14,6,2,4,4,2,2,78,41,37
HOPKINS COUNTY,223,39 Years,428,219,209,302,158,144,29,14,15,4,2,2,9,5,4,84,40,44
HOPKINS COUNTY,223,40 Years,396,187,209,292,138,154,26,11,15,4,2,2,4,3,1,70,33,37
HOPKINS COUNTY,223,41 Years,398,199,199,288,145,143,27,15,12,2,2,0,8,3,5,73,34,39
HOPKINS COUNTY,223,42 Years,400,198,202,286,139,147,23,12,11,2,1,1,8,5,3,81,41,40
HOPKINS COUNTY,223,43 Years,403,192,211,279,139,140,28,10,18,1,0,1,7,6,1,88,37,51
HOPKINS COUNTY,223,44 Years,414,193,221,304,147,157,25,6,19,3,2,1,5,3,2,77,35,42
HOPKINS COUNTY,223,45 Years,440,198,242,316,144,172,27,11,16,2,0,2,4,2,2,91,41,50
HOPKINS COUNTY,223,46 Years,408,193,215,302,142,160,29,16,13,2,0,2,5,3,2,70,32,38
HOPKINS COUNTY,223,47 Years,448,218,230,341,163,178,33,16,17,1,0,1,7,3,4,66,36,30
HOPKINS COUNTY,223,48 Years,447,216,231,342,163,179,38,19,19,0,0,0,9,3,6,58,31,27
HOPKINS COUNTY,223,49 Years,431,213,218,334,157,177,25,13,12,3,3,0,7,4,3,62,36,26
HOPKINS COUNTY,223,50 Years,454,220,234,340,153,187,34,14,20,4,3,1,8,4,4,68,46,22
HOPKINS COUNTY,223,51 Years,459,215,244,353,155,198,32,15,17,5,3,2,5,2,3,64,40,24
HOPKINS COUNTY,223,52 Years,391,194,197,289,141,148,35,20,15,5,2,3,3,1,2,59,30,29
HOPKINS COUNTY,223,53 Years,431,206,225,326,152,174,32,20,12,2,0,2,6,1,5,65,33,32
HOPKINS COUNTY,223,54 Years,474,226,248,363,172,191,29,14,15,2,1,1,5,0,5,75,39,36
HOPKINS COUNTY,223,55 Years,486,240,246,364,175,189,31,14,17,3,1,2,8,3,5,80,47,33
HOPKINS COUNTY,223,56 Years,489,263,226,377,197,180,31,12,19,5,2,3,5,4,1,71,48,23
HOPKINS COUNTY,223,57 Years,515,258,257,413,200,213,32,13,19,2,1,1,5,3,2,63,41,22
HOPKINS COUNTY,223,58 Years,499,236,263,387,185,202,40,14,26,4,3,1,8,4,4,60,30,30
HOPKINS COUNTY,223,59 Years,494,241,253,404,195,209,37,17,20,2,1,1,5,2,3,46,26,20
HOPKINS COUNTY,223,60 Years,479,242,237,387,194,193,36,17,19,2,0,2,6,4,2,48,27,21
HOPKINS COUNTY,223,61 Years,475,236,239,387,186,201,33,20,13,5,0,5,9,5,4,41,25,16
HOPKINS COUNTY,223,62 Years,474,241,233,389,190,199,37,24,13,2,0,2,8,5,3,38,22,16
HOPKINS COUNTY,223,63 Years,501,253,248,414,197,217,34,21,13,4,3,1,8,5,3,41,27,14
HOPKINS COUNTY,223,64 Years,491,239,252,420,198,222,36,20,16,2,1,1,4,2,2,29,18,11
HOPKINS COUNTY,223,65 Years,465,226,239,391,181,210,42,25,17,2,1,1,4,2,2,26,17,9
HOPKINS COUNTY,223,66 Years,437,204,233,360,163,197,41,21,20,2,2,0,8,1,7,26,17,9
HOPKINS COUNTY,223,67 Years,439,211,228,369,175,194,38,19,19,3,1,2,7,3,4,22,13,9
HOPKINS COUNTY,223,68 Years,426,201,225,365,171,194,33,15,18,3,1,2,5,2,3,20,12,8
HOPKINS COUNTY,223,69 Years,427,193,234,367,166,201,32,13,19,2,1,1,5,1,4,21,12,9
HOPKINS COUNTY,223,70 Years,457,203,254,400,179,221,30,12,18,3,0,3,7,3,4,17,9,8
HOPKINS COUNTY,223,71 Years,420,187,233,364,165,199,31,11,20,2,0,2,8,5,3,15,6,9
HOPKINS COUNTY,223,72 Years,414,185,229,359,161,198,32,12,20,2,0,2,7,4,3,14,8,6
HOPKINS COUNTY,223,73 Years,355,175,180,305,149,156,27,12,15,2,0,2,3,2,1,18,12,6
HOPKINS COUNTY,223,74 Years,330,167,163,297,151,146,15,6,9,1,0,1,3,1,2,14,9,5
HOPKINS COUNTY,223,75 Years,326,163,163,294,149,145,14,4,10,2,1,1,2,1,1,14,8,6
HOPKINS COUNTY,223,76 Years,313,157,156,274,138,136,20,9,11,2,2,0,4,3,1,13,5,8
HOPKINS COUNTY,223,77 Years,270,121,149,235,100,135,19,9,10,2,2,0,3,2,1,11,8,3
HOPKINS COUNTY,223,78 Years,272,113,159,238,98,140,20,6,14,1,1,0,2,1,1,11,7,4
HOPKINS COUNTY,223,79 Years,232,110,122,197,95,102,19,7,12,1,0,1,2,1,1,13,7,6
HOPKINS COUNTY,223,80 Years,216,103,113,185,89,96,19,8,11,1,1,0,3,2,1,8,3,5
HOPKINS COUNTY,223,81 Years,192,84,108,170,76,94,16,5,11,1,0,1,2,2,0,3,1,2
HOPKINS COUNTY,223,82 Years,183,82,101,168,76,92,10,2,8,0,0,0,0,0,0,5,4,1
HOPKINS COUNTY,223,83 Years,175,71,104,159,64,95,8,4,4,0,0,0,2,0,2,6,3,3
HOPKINS COUNTY,223,84 Years,169,69,100,151,60,91,12,5,7,0,0,0,3,2,1,3,2,1
HOPKINS COUNTY,223,85 Years,158,59,99,138,51,87,12,5,7,0,0,0,2,1,1,6,2,4
HOPKINS COUNTY,223,86 Years,130,49,81,114,42,72,9,3,6,1,0,1,0,0,0,6,4,2
HOPKINS COUNTY,223,87 Years,111,40,71,96,35,61,9,3,6,1,0,1,0,0,0,5,2,3
HOPKINS COUNTY,223,88 Years,98,36,62,87,31,56,7,4,3,1,0,1,1,0,1,2,1,1
HOPKINS COUNTY,223,89 Years,87,32,55,78,26,52,6,3,3,0,0,0,1,1,0,2,2,0
HOPKINS COUNTY,223,90 Years,80,28,52,72,25,47,6,2,4,0,0,0,1,0,1,1,1,0
HOPKINS COUNTY,223,91 Years,58,21,37,53,19,34,3,1,2,0,0,0,1,0,1,1,1,0
HOPKINS COUNTY,223,92 Years,46,15,31,39,12,27,3,1,2,0,0,0,1,0,1,3,2,1
HOPKINS COUNTY,223,93 Years,39,11,28,33,10,23,4,1,3,0,0,0,1,0,1,1,0,1
HOPKINS COUNTY,223,94 Years,36,12,24,29,8,21,5,2,3,0,0,0,1,1,0,1,1,0
HOPKINS COUNTY,223,95 Years +,85,20,65,70,15,55,10,4,6,0,0,0,1,0,1,4,1,3
HOUSTON COUNTY,225,All Ages,23381,12491,10890,14246,7265,6981,5679,3146,2533,116,49,67,500,233,267,2840,1798,1042
HOUSTON COUNTY,225,< 1 Year,236,119,117,108,58,50,67,35,32,2,1,1,17,8,9,42,17,25
HOUSTON COUNTY,225,1 Years,248,127,121,116,62,54,69,34,35,2,2,0,18,10,8,43,19,24
HOUSTON COUNTY,225,2 Years,263,138,125,123,66,57,77,40,37,1,1,0,16,8,8,46,23,23
HOUSTON COUNTY,225,3 Years,276,145,131,131,69,62,78,40,38,2,2,0,18,10,8,47,24,23
HOUSTON COUNTY,225,4 Years,262,134,128,130,68,62,73,37,36,1,1,0,15,7,8,43,21,22
HOUSTON COUNTY,225,5 Years,259,129,130,121,59,62,72,36,36,2,1,1,18,8,10,46,25,21
HOUSTON COUNTY,225,6 Years,265,137,128,124,61,63,68,34,34,2,1,1,19,12,7,52,29,23
HOUSTON COUNTY,225,7 Years,271,136,135,122,57,65,72,33,39,3,2,1,22,13,9,52,31,21
HOUSTON COUNTY,225,8 Years,265,129,136,125,62,63,69,28,41,3,2,1,15,8,7,53,29,24
HOUSTON COUNTY,225,9 Years,290,144,146,135,81,54,83,31,52,1,1,0,13,2,11,58,29,29
HOUSTON COUNTY,225,10 Years,268,137,131,132,73,59,70,33,37,2,1,1,11,4,7,53,26,27
HOUSTON COUNTY,225,11 Years,237,118,119,122,60,62,55,27,28,1,1,0,10,3,7,49,27,22
HOUSTON COUNTY,225,12 Years,248,125,123,132,63,69,53,30,23,3,0,3,12,7,5,48,25,23
HOUSTON COUNTY,225,13 Years,264,130,134,140,71,69,56,28,28,4,0,4,16,5,11,48,26,22
HOUSTON COUNTY,225,14 Years,255,129,126,147,70,77,47,25,22,4,0,4,10,6,4,47,28,19
HOUSTON COUNTY,225,15 Years,266,146,120,145,79,66,55,28,27,4,2,2,16,10,6,46,27,19
HOUSTON COUNTY,225,16 Years,241,132,109,126,72,54,51,24,27,3,2,1,13,7,6,48,27,21
HOUSTON COUNTY,225,17 Years,244,128,116,130,67,63,52,29,23,1,1,0,14,6,8,47,25,22
HOUSTON COUNTY,225,18 Years,217,100,117,120,59,61,50,21,29,1,0,1,12,7,5,34,13,21
HOUSTON COUNTY,225,19 Years,197,95,102,101,49,52,42,19,23,0,0,0,10,4,6,44,23,21
HOUSTON COUNTY,225,20 Years,198,102,96,107,53,54,48,24,24,0,0,0,9,4,5,34,21,13
HOUSTON COUNTY,225,21 Years,220,109,111,114,57,57,48,24,24,1,1,0,10,4,6,47,23,24
HOUSTON COUNTY,225,22 Years,201,107,94,111,51,60,49,32,17,0,0,0,9,7,2,32,17,15
HOUSTON COUNTY,225,23 Years,229,136,93,132,73,59,49,31,18,1,0,1,7,4,3,40,28,12
HOUSTON COUNTY,225,24 Years,257,154,103,154,87,67,62,44,18,1,0,1,6,1,5,34,22,12
HOUSTON COUNTY,225,25 Years,291,167,124,162,88,74,85,51,34,1,1,0,6,3,3,37,24,13
HOUSTON COUNTY,225,26 Years,319,171,148,176,90,86,96,55,41,2,1,1,4,2,2,41,23,18
HOUSTON COUNTY,225,27 Years,328,192,136,176,98,78,99,65,34,0,0,0,1,0,1,52,29,23
HOUSTON COUNTY,225,28 Years,325,175,150,164,79,85,106,64,42,2,0,2,2,1,1,51,31,20
HOUSTON COUNTY,225,29 Years,277,150,127,141,71,70,95,48,47,2,1,1,3,3,0,36,27,9
HOUSTON COUNTY,225,30 Years,273,153,120,144,73,71,85,47,38,1,1,0,3,2,1,40,30,10
HOUSTON COUNTY,225,31 Years,272,162,110,136,80,56,89,53,36,3,2,1,2,1,1,42,26,16
HOUSTON COUNTY,225,32 Years,281,163,118,138,72,66,90,57,33,1,1,0,1,0,1,51,33,18
HOUSTON COUNTY,225,33 Years,297,193,104,138,84,54,100,67,33,1,1,0,4,1,3,54,40,14
HOUSTON COUNTY,225,34 Years,261,157,104,132,68,64,87,57,30,0,0,0,3,0,3,39,32,7
HOUSTON COUNTY,225,35 Years,280,168,112,154,81,73,80,50,30,0,0,0,2,1,1,44,36,8
HOUSTON COUNTY,225,36 Years,307,183,124,169,92,77,77,50,27,2,0,2,3,1,2,56,40,16
HOUSTON COUNTY,225,37 Years,317,195,122,178,100,78,81,53,28,0,0,0,2,1,1,56,41,15
HOUSTON COUNTY,225,38 Years,309,202,107,162,99,63,90,62,28,1,0,1,4,2,2,52,39,13
HOUSTON COUNTY,225,39 Years,311,189,122,166,103,63,86,51,35,2,0,2,4,1,3,53,34,19
HOUSTON COUNTY,225,40 Years,302,191,111,161,94,67,86,62,24,5,0,5,2,1,1,48,34,14
HOUSTON COUNTY,225,41 Years,280,169,111,149,83,66,80,49,31,4,1,3,4,3,1,43,33,10
HOUSTON COUNTY,225,42 Years,296,192,104,138,85,53,97,62,35,3,3,0,3,1,2,55,41,14
HOUSTON COUNTY,225,43 Years,266,172,94,135,83,52,82,53,29,1,1,0,1,0,1,47,35,12
HOUSTON COUNTY,225,44 Years,287,185,102,151,89,62,80,55,25,2,1,1,4,1,3,50,39,11
HOUSTON COUNTY,225,45 Years,297,194,103,155,86,69,82,60,22,2,2,0,4,2,2,54,44,10
HOUSTON COUNTY,225,46 Years,316,202,114,169,94,75,87,62,25,2,1,1,3,2,1,55,43,12
HOUSTON COUNTY,225,47 Years,330,207,123,176,99,77,105,72,33,1,1,0,3,2,1,45,33,12
HOUSTON COUNTY,225,48 Years,334,209,125,191,108,83,97,64,33,0,0,0,3,2,1,43,35,8
HOUSTON COUNTY,225,49 Years,328,206,122,185,104,81,95,63,32,0,0,0,6,5,1,42,34,8
HOUSTON COUNTY,225,50 Years,290,168,122,175,92,83,73,46,27,3,1,2,2,0,2,37,29,8
HOUSTON COUNTY,225,51 Years,297,183,114,178,99,79,76,52,24,3,1,2,4,3,1,36,28,8
HOUSTON COUNTY,225,52 Years,292,174,118,176,96,80,73,45,28,1,0,1,3,2,1,39,31,8
HOUSTON COUNTY,225,53 Years,309,172,137,183,96,87,80,43,37,1,1,0,4,2,2,41,30,11
HOUSTON COUNTY,225,54 Years,326,188,138,205,114,91,89,52,37,0,0,0,1,1,0,31,21,10
HOUSTON COUNTY,225,55 Years,302,160,142,189,94,95,84,48,36,0,0,0,3,1,2,26,17,9
HOUSTON COUNTY,225,56 Years,313,159,154,213,103,110,79,44,35,0,0,0,1,0,1,20,12,8
HOUSTON COUNTY,225,57 Years,313,152,161,204,93,111,83,43,40,0,0,0,3,2,1,23,14,9
HOUSTON COUNTY,225,58 Years,300,155,145,202,103,99,79,41,38,0,0,0,1,0,1,18,11,7
HOUSTON COUNTY,225,59 Years,321,165,156,227,115,112,70,37,33,1,0,1,2,1,1,21,12,9
HOUSTON COUNTY,225,60 Years,300,148,152,206,97,109,73,40,33,2,0,2,2,1,1,17,10,7
HOUSTON COUNTY,225,61 Years,325,154,171,229,107,122,70,36,34,3,0,3,4,1,3,19,10,9
HOUSTON COUNTY,225,62 Years,334,159,175,233,115,118,79,35,44,2,0,2,3,0,3,17,9,8
HOUSTON COUNTY,225,63 Years,322,161,161,236,122,114,71,30,41,0,0,0,2,1,1,13,8,5
HOUSTON COUNTY,225,64 Years,338,166,172,244,123,121,77,32,45,0,0,0,0,0,0,17,11,6
HOUSTON COUNTY,225,65 Years,313,140,173,230,110,120,66,23,43,1,0,1,3,0,3,13,7,6
HOUSTON COUNTY,225,66 Years,296,138,158,218,109,109,58,22,36,1,0,1,5,0,5,14,7,7
HOUSTON COUNTY,225,67 Years,305,147,158,238,115,123,55,26,29,1,1,0,3,0,3,8,5,3
HOUSTON COUNTY,225,68 Years,271,127,144,211,102,109,50,20,30,0,0,0,2,0,2,8,5,3
HOUSTON COUNTY,225,69 Years,247,119,128,191,96,95,43,17,26,1,1,0,2,0,2,10,5,5
HOUSTON COUNTY,225,70 Years,247,121,126,202,101,101,36,15,21,2,1,1,0,0,0,7,4,3
HOUSTON COUNTY,225,71 Years,256,115,141,208,91,117,38,20,18,2,0,2,3,0,3,5,4,1
HOUSTON COUNTY,225,72 Years,260,112,148,219,93,126,32,15,17,1,0,1,3,0,3,5,4,1
HOUSTON COUNTY,225,73 Years,239,113,126,197,92,105,34,15,19,1,0,1,0,0,0,7,6,1
HOUSTON COUNTY,225,74 Years,247,118,129,196,89,107,38,20,18,0,0,0,3,2,1,10,7,3
HOUSTON COUNTY,225,75 Years,215,104,111,180,83,97,28,15,13,0,0,0,1,1,0,6,5,1
HOUSTON COUNTY,225,76 Years,207,100,107,172,83,89,27,12,15,0,0,0,3,2,1,5,3,2
HOUSTON COUNTY,225,77 Years,206,90,116,173,79,94,27,10,17,1,0,1,1,0,1,4,1,3
HOUSTON COUNTY,225,78 Years,190,94,96,163,82,81,20,9,11,1,0,1,1,0,1,5,3,2
HOUSTON COUNTY,225,79 Years,172,87,85,149,74,75,19,10,9,1,1,0,0,0,0,3,2,1
HOUSTON COUNTY,225,80 Years,167,71,96,140,58,82,20,9,11,1,1,0,3,2,1,3,1,2
HOUSTON COUNTY,225,81 Years,149,70,79,130,62,68,15,7,8,0,0,0,2,1,1,2,0,2
HOUSTON COUNTY,225,82 Years,137,59,78,115,51,64,14,6,8,1,0,1,4,1,3,3,1,2
HOUSTON COUNTY,225,83 Years,126,52,74,105,43,62,17,7,10,0,0,0,3,1,2,1,1,0
HOUSTON COUNTY,225,84 Years,127,60,67,108,51,57,14,6,8,0,0,0,2,1,1,3,2,1
HOUSTON COUNTY,225,85 Years,108,46,62,85,38,47,17,5,12,0,0,0,1,1,0,5,2,3
HOUSTON COUNTY,225,86 Years,93,42,51,74,34,40,11,3,8,0,0,0,3,2,1,5,3,2
HOUSTON COUNTY,225,87 Years,79,34,45,66,28,38,10,4,6,0,0,0,0,0,0,3,2,1
HOUSTON COUNTY,225,88 Years,65,27,38,53,22,31,9,4,5,0,0,0,1,1,0,2,0,2
HOUSTON COUNTY,225,89 Years,52,22,30,44,18,26,8,4,4,0,0,0,0,0,0,0,0,0
HOUSTON COUNTY,225,90 Years,49,20,29,39,16,23,9,3,6,1,1,0,0,0,0,0,0,0
HOUSTON COUNTY,225,91 Years,46,15,31,34,11,23,12,4,8,0,0,0,0,0,0,0,0,0
HOUSTON COUNTY,225,92 Years,43,11,32,29,9,20,12,2,10,0,0,0,1,0,1,1,0,1
HOUSTON COUNTY,225,93 Years,33,12,21,23,8,15,7,2,5,0,0,0,0,0,0,3,2,1
HOUSTON COUNTY,225,94 Years,25,8,17,18,5,13,5,2,3,0,0,0,1,0,1,1,1,0
HOUSTON COUNTY,225,95 Years +,68,20,48,42,13,29,20,6,14,1,0,1,1,0,1,4,1,3
HOWARD COUNTY,227,All Ages,36294,20987,15307,17197,9503,7694,2256,1633,623,246,155,91,631,352,279,15964,9344,6620
HOWARD COUNTY,227,< 1 Year,444,223,221,149,84,65,34,16,18,2,1,1,15,8,7,244,114,130
HOWARD COUNTY,227,1 Years,449,224,225,154,85,69,35,18,17,2,1,1,13,7,6,245,113,132
HOWARD COUNTY,227,2 Years,473,238,235,163,87,76,34,19,15,2,2,0,12,6,6,262,124,138
HOWARD COUNTY,227,3 Years,496,256,240,176,92,84,34,21,13,2,2,0,11,6,5,273,135,138
HOWARD COUNTY,227,4 Years,525,287,238,200,108,92,32,23,9,2,1,1,11,6,5,280,149,131
HOWARD COUNTY,227,5 Years,523,284,239,209,113,96,29,20,9,2,1,1,9,5,4,274,145,129
HOWARD COUNTY,227,6 Years,518,282,236,215,115,100,26,18,8,2,1,1,7,4,3,268,144,124
HOWARD COUNTY,227,7 Years,469,243,226,187,99,88,23,13,10,2,1,1,4,1,3,253,129,124
HOWARD COUNTY,227,8 Years,479,256,223,192,101,91,28,21,7,2,1,1,6,2,4,251,131,120
HOWARD COUNTY,227,9 Years,483,243,240,184,88,96,30,22,8,2,1,1,8,5,3,259,127,132
HOWARD COUNTY,227,10 Years,438,230,208,172,78,94,27,19,8,0,0,0,14,7,7,225,126,99
HOWARD COUNTY,227,11 Years,409,213,196,172,84,88,13,8,5,0,0,0,12,6,6,212,115,97
HOWARD COUNTY,227,12 Years,448,237,211,191,99,92,19,14,5,2,1,1,7,3,4,229,120,109
HOWARD COUNTY,227,13 Years,442,231,211,166,82,84,17,8,9,3,2,1,12,7,5,244,132,112
HOWARD COUNTY,227,14 Years,448,234,214,177,94,83,30,17,13,4,3,1,14,6,8,223,114,109
HOWARD COUNTY,227,15 Years,429,238,191,156,91,65,39,25,14,3,2,1,13,5,8,218,115,103
HOWARD COUNTY,227,16 Years,430,246,184,167,88,79,39,29,10,3,3,0,15,9,6,206,117,89
HOWARD COUNTY,227,17 Years,485,278,207,187,110,77,31,23,8,1,1,0,14,9,5,252,135,117
HOWARD COUNTY,227,18 Years,556,347,209,203,125,78,36,30,6,2,1,1,17,12,5,298,179,119
HOWARD COUNTY,227,19 Years,479,294,185,189,111,78,28,22,6,3,1,2,14,12,2,245,148,97
HOWARD COUNTY,227,20 Years,504,328,176,179,115,64,35,26,9,2,1,1,20,12,8,268,174,94
HOWARD COUNTY,227,21 Years,470,261,209,169,97,72,28,19,9,0,0,0,17,9,8,256,136,120
HOWARD COUNTY,227,22 Years,480,295,185,178,115,63,25,15,10,1,1,0,17,10,7,259,154,105
HOWARD COUNTY,227,23 Years,504,322,182,189,115,74,30,22,8,1,1,0,18,12,6,266,172,94
HOWARD COUNTY,227,24 Years,470,275,195,191,105,86,23,14,9,0,0,0,8,4,4,248,152,96
HOWARD COUNTY,227,25 Years,548,329,219,231,134,97,23,18,5,1,1,0,6,2,4,287,174,113
HOWARD COUNTY,227,26 Years,615,397,218,246,143,103,38,30,8,3,1,2,10,5,5,318,218,100
HOWARD COUNTY,227,27 Years,691,411,280,294,158,136,54,35,19,3,3,0,10,6,4,330,209,121
HOWARD COUNTY,227,28 Years,691,382,309,312,165,147,51,37,14,4,4,0,7,5,2,317,171,146
HOWARD COUNTY,227,29 Years,724,461,263,316,180,136,49,43,6,8,4,4,5,5,0,346,229,117
HOWARD COUNTY,227,30 Years,525,292,233,254,136,118,23,16,7,4,2,2,4,2,2,240,136,104
HOWARD COUNTY,227,31 Years,693,455,238,307,177,130,38,33,5,2,2,0,7,7,0,339,236,103
HOWARD COUNTY,227,32 Years,645,396,249,286,165,121,42,33,9,3,2,1,5,3,2,309,193,116
HOWARD COUNTY,227,33 Years,499,290,209,227,122,105,29,19,10,1,0,1,4,0,4,238,149,89
HOWARD COUNTY,227,34 Years,588,362,226,277,163,114,34,28,6,6,6,0,8,2,6,263,163,100
HOWARD COUNTY,227,35 Years,478,292,186,226,130,96,28,24,4,4,4,0,7,4,3,213,130,83
HOWARD COUNTY,227,36 Years,458,247,211,220,114,106,21,16,5,6,4,2,4,3,1,207,110,97
HOWARD COUNTY,227,37 Years,485,269,216,218,113,105,29,23,6,8,3,5,3,1,2,227,129,98
HOWARD COUNTY,227,38 Years,487,288,199,222,124,98,31,24,7,5,2,3,5,3,2,224,135,89
HOWARD COUNTY,227,39 Years,358,175,183,179,92,87,14,6,8,2,1,1,5,3,2,158,73,85
HOWARD COUNTY,227,40 Years,529,366,163,243,159,84,34,28,6,6,5,1,8,6,2,238,168,70
HOWARD COUNTY,227,41 Years,423,264,159,196,119,77,23,18,5,5,3,2,5,2,3,194,122,72
HOWARD COUNTY,227,42 Years,431,264,167,205,121,84,24,17,7,1,0,1,2,0,2,199,126,73
HOWARD COUNTY,227,43 Years,481,299,182,234,140,94,29,22,7,5,4,1,11,5,6,202,128,74
HOWARD COUNTY,227,44 Years,517,343,174,248,154,94,24,19,5,5,3,2,11,8,3,229,159,70
HOWARD COUNTY,227,45 Years,451,293,158,214,135,79,23,18,5,5,4,1,5,4,1,204,132,72
HOWARD COUNTY,227,46 Years,345,188,157,157,83,74,12,7,5,3,0,3,5,4,1,168,94,74
HOWARD COUNTY,227,47 Years,597,424,173,279,186,93,45,38,7,6,4,2,8,8,0,259,188,71
HOWARD COUNTY,227,48 Years,498,330,168,242,157,85,30,24,6,3,3,0,3,2,1,220,144,76
HOWARD COUNTY,227,49 Years,512,312,200,249,147,102,28,23,5,4,3,1,10,7,3,221,132,89
HOWARD COUNTY,227,50 Years,567,392,175,251,162,89,36,31,5,7,6,1,14,8,6,259,185,74
HOWARD COUNTY,227,51 Years,450,295,155,216,136,80,24,20,4,4,2,2,11,7,4,195,130,65
HOWARD COUNTY,227,52 Years,419,272,147,203,134,69,25,19,6,3,0,3,6,5,1,182,114,68
HOWARD COUNTY,227,53 Years,509,349,160,217,148,69,41,30,11,4,2,2,8,6,2,239,163,76
HOWARD COUNTY,227,54 Years,530,357,173,253,168,85,44,36,8,5,3,2,6,2,4,222,148,74
HOWARD COUNTY,227,55 Years,384,213,171,195,102,93,26,19,7,2,2,0,12,9,3,149,81,68
HOWARD COUNTY,227,56 Years,457,284,173,233,133,100,39,32,7,9,7,2,9,7,2,167,105,62
HOWARD COUNTY,227,57 Years,516,323,193,281,165,116,46,41,5,7,6,1,8,4,4,174,107,67
HOWARD COUNTY,227,58 Years,452,262,190,266,143,123,36,29,7,5,4,1,7,4,3,138,82,56
HOWARD COUNTY,227,59 Years,518,346,172,288,179,109,55,49,6,5,5,0,3,1,2,167,112,55
HOWARD COUNTY,227,60 Years,422,231,191,250,125,125,42,33,9,3,2,1,4,0,4,123,71,52
HOWARD COUNTY,227,61 Years,324,157,167,205,91,114,23,16,7,2,0,2,3,0,3,91,50,41
HOWARD COUNTY,227,62 Years,333,164,169,189,80,109,35,27,8,4,2,2,3,0,3,102,55,47
HOWARD COUNTY,227,63 Years,356,179,177,204,88,116,34,27,7,4,3,1,2,0,2,112,61,51
HOWARD COUNTY,227,64 Years,444,269,175,285,163,122,30,25,5,3,2,1,2,0,2,124,79,45
HOWARD COUNTY,227,65 Years,352,182,170,222,113,109,12,9,3,1,1,0,4,0,4,113,59,54
HOWARD COUNTY,227,66 Years,304,174,130,194,112,82,9,7,2,2,1,1,3,0,3,96,54,42
HOWARD COUNTY,227,67 Years,268,121,147,176,79,97,15,6,9,2,1,1,4,0,4,71,35,36
HOWARD COUNTY,227,68 Years,235,105,130,156,71,85,12,6,6,2,1,1,2,0,2,63,27,36
HOWARD COUNTY,227,69 Years,244,117,127,151,73,78,10,5,5,3,1,2,2,2,0,78,36,42
HOWARD COUNTY,227,70 Years,246,122,124,162,80,82,15,6,9,1,0,1,4,4,0,64,32,32
HOWARD COUNTY,227,71 Years,206,99,107,136,63,73,14,7,7,0,0,0,3,2,1,53,27,26
HOWARD COUNTY,227,72 Years,217,100,117,144,66,78,10,5,5,2,1,1,3,2,1,58,26,32
HOWARD COUNTY,227,73 Years,170,85,85,105,53,52,13,7,6,1,1,0,4,1,3,47,23,24
HOWARD COUNTY,227,74 Years,164,81,83,108,52,56,11,8,3,2,0,2,4,2,2,39,19,20
HOWARD COUNTY,227,75 Years,158,75,83,108,52,56,5,3,2,1,0,1,6,2,4,38,18,20
HOWARD COUNTY,227,76 Years,167,79,88,115,50,65,9,6,3,0,0,0,6,4,2,37,19,18
HOWARD COUNTY,227,77 Years,195,111,84,132,69,63,9,7,2,1,1,0,6,5,1,47,29,18
HOWARD COUNTY,227,78 Years,162,84,78,118,60,58,6,3,3,1,0,1,3,2,1,34,19,15
HOWARD COUNTY,227,79 Years,131,58,73,96,42,54,3,0,3,2,1,1,1,1,0,29,14,15
HOWARD COUNTY,227,80 Years,126,57,69,89,39,50,6,2,4,1,1,0,0,0,0,30,15,15
HOWARD COUNTY,227,81 Years,127,60,67,88,42,46,10,5,5,0,0,0,2,0,2,27,13,14
HOWARD COUNTY,227,82 Years,125,58,67,91,42,49,7,3,4,1,0,1,2,0,2,24,13,11
HOWARD COUNTY,227,83 Years,110,53,57,83,39,44,3,2,1,2,0,2,2,1,1,20,11,9
HOWARD COUNTY,227,84 Years,104,51,53,77,38,39,7,3,4,1,0,1,0,0,0,19,10,9
HOWARD COUNTY,227,85 Years,106,48,58,78,35,43,3,2,1,3,1,2,0,0,0,22,10,12
HOWARD COUNTY,227,86 Years,94,36,58,69,29,40,3,0,3,1,1,0,1,0,1,20,6,14
HOWARD COUNTY,227,87 Years,85,41,44,64,33,31,3,3,0,1,0,1,1,0,1,16,5,11
HOWARD COUNTY,227,88 Years,85,47,38,62,35,27,3,2,1,0,0,0,2,0,2,18,10,8
HOWARD COUNTY,227,89 Years,71,39,32,55,30,25,3,2,1,0,0,0,1,1,0,12,6,6
HOWARD COUNTY,227,90 Years,53,26,27,44,22,22,1,1,0,0,0,0,1,0,1,7,3,4
HOWARD COUNTY,227,91 Years,43,22,21,33,17,16,5,2,3,0,0,0,0,0,0,5,3,2
HOWARD COUNTY,227,92 Years,34,17,17,27,14,13,2,1,1,0,0,0,0,0,0,5,2,3
HOWARD COUNTY,227,93 Years,32,15,17,25,12,13,1,0,1,0,0,0,0,0,0,6,3,3
HOWARD COUNTY,227,94 Years,24,13,11,19,10,9,1,1,0,0,0,0,0,0,0,4,2,2
HOWARD COUNTY,227,95 Years +,55,24,31,37,16,21,8,4,4,0,0,0,0,0,0,10,4,6
HUDSPETH COUNTY,229,All Ages,3680,1816,1864,732,391,341,35,25,10,13,5,8,39,13,26,2861,1382,1479
HUDSPETH COUNTY,229,< 1 Year,55,30,25,11,7,4,3,1,2,0,0,0,0,0,0,41,22,19
HUDSPETH COUNTY,229,1 Years,52,31,21,12,8,4,0,0,0,0,0,0,0,0,0,40,23,17
HUDSPETH COUNTY,229,2 Years,47,27,20,10,8,2,1,0,1,0,0,0,0,0,0,36,19,17
HUDSPETH COUNTY,229,3 Years,47,24,23,11,6,5,0,0,0,0,0,0,0,0,0,36,18,18
HUDSPETH COUNTY,229,4 Years,45,23,22,7,3,4,0,0,0,0,0,0,0,0,0,38,20,18
HUDSPETH COUNTY,229,5 Years,45,23,22,5,3,2,0,0,0,0,0,0,0,0,0,40,20,20
HUDSPETH COUNTY,229,6 Years,44,20,24,3,2,1,0,0,0,0,0,0,0,0,0,41,18,23
HUDSPETH COUNTY,229,7 Years,48,20,28,4,3,1,0,0,0,0,0,0,0,0,0,44,17,27
HUDSPETH COUNTY,229,8 Years,49,20,29,6,2,4,0,0,0,0,0,0,0,0,0,43,18,25
HUDSPETH COUNTY,229,9 Years,49,21,28,6,3,3,0,0,0,0,0,0,1,1,0,42,17,25
HUDSPETH COUNTY,229,10 Years,36,20,16,5,3,2,0,0,0,0,0,0,3,1,2,28,16,12
HUDSPETH COUNTY,229,11 Years,35,19,16,1,1,0,0,0,0,0,0,0,1,0,1,33,18,15
HUDSPETH COUNTY,229,12 Years,36,22,14,5,3,2,1,1,0,0,0,0,1,1,0,29,17,12
HUDSPETH COUNTY,229,13 Years,37,13,24,6,1,5,0,0,0,0,0,0,0,0,0,31,12,19
HUDSPETH COUNTY,229,14 Years,41,14,27,3,1,2,1,0,1,1,0,1,0,0,0,36,13,23
HUDSPETH COUNTY,229,15 Years,46,19,27,8,1,7,2,2,0,0,0,0,0,0,0,36,16,20
HUDSPETH COUNTY,229,16 Years,42,20,22,6,2,4,0,0,0,0,0,0,0,0,0,36,18,18
HUDSPETH COUNTY,229,17 Years,42,17,25,6,0,6,0,0,0,1,0,1,0,0,0,35,17,18
HUDSPETH COUNTY,229,18 Years,40,20,20,9,4,5,0,0,0,0,0,0,0,0,0,31,16,15
HUDSPETH COUNTY,229,19 Years,40,20,20,5,2,3,0,0,0,0,0,0,0,0,0,35,18,17
HUDSPETH COUNTY,229,20 Years,45,25,20,4,1,3,0,0,0,0,0,0,2,1,1,39,23,16
HUDSPETH COUNTY,229,21 Years,36,19,17,5,4,1,0,0,0,0,0,0,1,0,1,30,15,15
HUDSPETH COUNTY,229,22 Years,40,22,18,4,2,2,0,0,0,0,0,0,1,0,1,35,20,15
HUDSPETH COUNTY,229,23 Years,49,25,24,9,4,5,0,0,0,0,0,0,3,1,2,37,20,17
HUDSPETH COUNTY,229,24 Years,47,25,22,4,3,1,3,3,0,0,0,0,2,1,1,38,18,20
HUDSPETH COUNTY,229,25 Years,62,22,40,4,1,3,2,0,2,0,0,0,2,0,2,54,21,33
HUDSPETH COUNTY,229,26 Years,60,23,37,4,1,3,0,0,0,0,0,0,2,0,2,54,22,32
HUDSPETH COUNTY,229,27 Years,44,26,18,2,2,0,1,1,0,0,0,0,1,0,1,40,23,17
HUDSPETH COUNTY,229,28 Years,57,20,37,1,0,1,1,1,0,0,0,0,0,0,0,55,19,36
HUDSPETH COUNTY,229,29 Years,40,18,22,3,2,1,1,1,0,0,0,0,0,0,0,36,15,21
HUDSPETH COUNTY,229,30 Years,31,15,16,1,1,0,0,0,0,0,0,0,0,0,0,30,14,16
HUDSPETH COUNTY,229,31 Years,44,27,17,3,2,1,0,0,0,1,0,1,0,0,0,40,25,15
HUDSPETH COUNTY,229,32 Years,44,24,20,5,3,2,1,1,0,0,0,0,0,0,0,38,20,18
HUDSPETH COUNTY,229,33 Years,35,20,15,3,1,2,0,0,0,0,0,0,1,0,1,31,19,12
HUDSPETH COUNTY,229,34 Years,42,22,20,5,2,3,0,0,0,0,0,0,0,0,0,37,20,17
HUDSPETH COUNTY,229,35 Years,50,29,21,6,2,4,0,0,0,0,0,0,0,0,0,44,27,17
HUDSPETH COUNTY,229,36 Years,42,27,15,4,2,2,0,0,0,0,0,0,0,0,0,38,25,13
HUDSPETH COUNTY,229,37 Years,46,29,17,4,2,2,0,0,0,0,0,0,1,0,1,41,27,14
HUDSPETH COUNTY,229,38 Years,52,34,18,6,4,2,1,1,0,0,0,0,0,0,0,45,29,16
HUDSPETH COUNTY,229,39 Years,34,18,16,4,2,2,0,0,0,0,0,0,0,0,0,30,16,14
HUDSPETH COUNTY,229,40 Years,36,16,20,6,3,3,0,0,0,0,0,0,0,0,0,30,13,17
HUDSPETH COUNTY,229,41 Years,36,16,20,6,3,3,2,2,0,0,0,0,0,0,0,28,11,17
HUDSPETH COUNTY,229,42 Years,44,16,28,10,3,7,4,4,0,0,0,0,1,0,1,29,9,20
HUDSPETH COUNTY,229,43 Years,31,14,17,4,2,2,0,0,0,1,1,0,0,0,0,26,11,15
HUDSPETH COUNTY,229,44 Years,37,15,22,6,4,2,0,0,0,0,0,0,1,1,0,30,10,20
HUDSPETH COUNTY,229,45 Years,35,17,18,5,3,2,0,0,0,0,0,0,0,0,0,30,14,16
HUDSPETH COUNTY,229,46 Years,36,19,17,7,5,2,0,0,0,0,0,0,1,0,1,28,14,14
HUDSPETH COUNTY,229,47 Years,32,20,12,5,4,1,0,0,0,1,1,0,0,0,0,26,15,11
HUDSPETH COUNTY,229,48 Years,32,13,19,2,0,2,0,0,0,0,0,0,0,0,0,30,13,17
HUDSPETH COUNTY,229,49 Years,36,18,18,5,2,3,0,0,0,0,0,0,0,0,0,31,16,15
HUDSPETH COUNTY,229,50 Years,46,23,23,8,3,5,0,0,0,0,0,0,0,0,0,38,20,18
HUDSPETH COUNTY,229,51 Years,39,19,20,6,2,4,0,0,0,0,0,0,0,0,0,33,17,16
HUDSPETH COUNTY,229,52 Years,43,26,17,11,7,4,0,0,0,0,0,0,1,1,0,31,18,13
HUDSPETH COUNTY,229,53 Years,33,19,14,7,4,3,0,0,0,0,0,0,1,1,0,25,14,11
HUDSPETH COUNTY,229,54 Years,39,19,20,8,4,4,0,0,0,0,0,0,0,0,0,31,15,16
HUDSPETH COUNTY,229,55 Years,42,24,18,6,4,2,3,3,0,0,0,0,1,1,0,32,16,16
HUDSPETH COUNTY,229,56 Years,48,26,22,10,7,3,2,0,2,0,0,0,2,1,1,34,18,16
HUDSPETH COUNTY,229,57 Years,55,30,25,12,8,4,1,0,1,0,0,0,1,0,1,41,22,19
HUDSPETH COUNTY,229,58 Years,59,33,26,15,11,4,0,0,0,1,1,0,1,0,1,42,21,21
HUDSPETH COUNTY,229,59 Years,52,25,27,12,7,5,1,0,1,0,0,0,0,0,0,39,18,21
HUDSPETH COUNTY,229,60 Years,52,27,25,12,5,7,0,0,0,0,0,0,0,0,0,40,22,18
HUDSPETH COUNTY,229,61 Years,56,26,30,17,7,10,0,0,0,1,0,1,1,0,1,37,19,18
HUDSPETH COUNTY,229,62 Years,53,22,31,14,6,8,0,0,0,2,1,1,1,0,1,36,15,21
HUDSPETH COUNTY,229,63 Years,61,26,35,22,11,11,0,0,0,0,0,0,1,0,1,38,15,23
HUDSPETH COUNTY,229,64 Years,53,21,32,21,10,11,0,0,0,0,0,0,0,0,0,32,11,21
HUDSPETH COUNTY,229,65 Years,52,27,25,14,10,4,0,0,0,0,0,0,0,0,0,38,17,21
HUDSPETH COUNTY,229,66 Years,51,23,28,15,9,6,0,0,0,0,0,0,0,0,0,36,14,22
HUDSPETH COUNTY,229,67 Years,44,24,20,14,8,6,0,0,0,0,0,0,1,1,0,29,15,14
HUDSPETH COUNTY,229,68 Years,43,22,21,13,10,3,0,0,0,1,0,1,1,0,1,28,12,16
HUDSPETH COUNTY,229,69 Years,44,20,24,17,9,8,0,0,0,1,0,1,0,0,0,26,11,15
HUDSPETH COUNTY,229,70 Years,45,25,20,12,7,5,2,2,0,0,0,0,0,0,0,31,16,15
HUDSPETH COUNTY,229,71 Years,44,19,25,13,8,5,0,0,0,0,0,0,0,0,0,31,11,20
HUDSPETH COUNTY,229,72 Years,46,26,20,19,12,7,0,0,0,0,0,0,2,1,1,25,13,12
HUDSPETH COUNTY,229,73 Years,37,22,15,13,8,5,0,0,0,0,0,0,0,0,0,24,14,10
HUDSPETH COUNTY,229,74 Years,40,24,16,9,8,1,1,1,0,0,0,0,0,0,0,30,15,15
HUDSPETH COUNTY,229,75 Years,35,18,17,11,4,7,0,0,0,0,0,0,0,0,0,24,14,10
HUDSPETH COUNTY,229,76 Years,26,16,10,11,6,5,0,0,0,0,0,0,0,0,0,15,10,5
HUDSPETH COUNTY,229,77 Years,27,11,16,12,4,8,1,1,0,0,0,0,0,0,0,14,6,8
HUDSPETH COUNTY,229,78 Years,33,15,18,15,8,7,0,0,0,0,0,0,0,0,0,18,7,11
HUDSPETH COUNTY,229,79 Years,32,13,19,17,10,7,0,0,0,0,0,0,0,0,0,15,3,12
HUDSPETH COUNTY,229,80 Years,24,13,11,14,10,4,0,0,0,0,0,0,0,0,0,10,3,7
HUDSPETH COUNTY,229,81 Years,21,10,11,10,8,2,0,0,0,0,0,0,0,0,0,11,2,9
HUDSPETH COUNTY,229,82 Years,15,8,7,6,4,2,0,0,0,1,0,1,0,0,0,8,4,4
HUDSPETH COUNTY,229,83 Years,17,7,10,6,2,4,0,0,0,0,0,0,0,0,0,11,5,6
HUDSPETH COUNTY,229,84 Years,14,3,11,4,0,4,0,0,0,0,0,0,0,0,0,10,3,7
HUDSPETH COUNTY,229,85 Years,12,4,8,3,1,2,0,0,0,0,0,0,0,0,0,9,3,6
HUDSPETH COUNTY,229,86 Years,19,5,14,8,2,6,0,0,0,1,1,0,0,0,0,10,2,8
HUDSPETH COUNTY,229,87 Years,13,5,8,5,2,3,0,0,0,0,0,0,0,0,0,8,3,5
HUDSPETH COUNTY,229,88 Years,12,5,7,3,1,2,0,0,0,0,0,0,0,0,0,9,4,5
HUDSPETH COUNTY,229,89 Years,14,6,8,3,2,1,0,0,0,0,0,0,0,0,0,11,4,7
HUDSPETH COUNTY,229,90 Years,13,5,8,3,1,2,0,0,0,0,0,0,0,0,0,10,4,6
HUDSPETH COUNTY,229,91 Years,13,4,9,5,2,3,0,0,0,0,0,0,0,0,0,8,2,6
HUDSPETH COUNTY,229,92 Years,9,4,5,3,2,1,0,0,0,0,0,0,0,0,0,6,2,4
HUDSPETH COUNTY,229,93 Years,5,2,3,1,0,1,0,0,0,0,0,0,0,0,0,4,2,2
HUDSPETH COUNTY,229,94 Years,7,2,5,1,0,1,0,0,0,0,0,0,0,0,0,6,2,4
HUDSPETH COUNTY,229,95 Years +,11,5,6,5,4,1,0,0,0,0,0,0,0,0,0,6,1,5
HUNT COUNTY,231,All Ages,97842,48204,49638,68959,33647,35312,8546,4096,4450,1099,513,586,2521,1161,1360,16717,8787,7930
HUNT COUNTY,231,< 1 Year,1280,644,636,700,352,348,100,49,51,6,4,2,73,36,37,401,203,198
HUNT COUNTY,231,1 Years,1300,644,656,711,355,356,101,49,52,6,2,4,72,36,36,410,202,208
HUNT COUNTY,231,2 Years,1293,643,650,708,356,352,111,55,56,4,2,2,71,34,37,399,196,203
HUNT COUNTY,231,3 Years,1279,631,648,704,350,354,107,53,54,4,2,2,71,34,37,393,192,201
HUNT COUNTY,231,4 Years,1265,630,635,702,350,352,110,55,55,4,1,3,67,29,38,382,195,187
HUNT COUNTY,231,5 Years,1260,622,638,697,355,342,114,56,58,5,2,3,70,26,44,374,183,191
HUNT COUNTY,231,6 Years,1260,626,634,705,360,345,124,57,67,8,5,3,66,25,41,357,179,178
HUNT COUNTY,231,7 Years,1246,630,616,704,360,344,122,60,62,8,5,3,60,26,34,352,179,173
HUNT COUNTY,231,8 Years,1274,643,631,728,359,369,133,67,66,7,5,2,54,24,30,352,188,164
HUNT COUNTY,231,9 Years,1256,641,615,700,350,350,133,66,67,6,5,1,57,27,30,360,193,167
HUNT COUNTY,231,10 Years,1213,634,579,704,356,348,114,63,51,8,6,2,45,22,23,342,187,155
HUNT COUNTY,231,11 Years,1292,665,627,719,360,359,132,68,64,8,3,5,53,30,23,380,204,176
HUNT COUNTY,231,12 Years,1264,665,599,734,379,355,120,66,54,7,3,4,50,22,28,353,195,158
HUNT COUNTY,231,13 Years,1285,676,609,751,391,360,138,66,72,8,4,4,41,23,18,347,192,155
HUNT COUNTY,231,14 Years,1193,606,587,685,330,355,137,75,62,9,3,6,39,21,18,323,177,146
HUNT COUNTY,231,15 Years,1180,625,555,699,365,334,129,77,52,10,4,6,33,18,15,309,161,148
HUNT COUNTY,231,16 Years,1163,609,554,677,353,324,139,75,64,9,3,6,36,19,17,302,159,143
HUNT COUNTY,231,17 Years,1250,639,611,679,337,342,190,102,88,12,4,8,41,23,18,328,173,155
HUNT COUNTY,231,18 Years,1260,655,605,682,342,340,179,85,94,12,6,6,35,21,14,352,201,151
HUNT COUNTY,231,19 Years,1379,760,619,774,436,338,204,102,102,14,7,7,40,21,19,347,194,153
HUNT COUNTY,231,20 Years,1202,649,553,688,371,317,165,96,69,23,11,12,35,17,18,291,154,137
HUNT COUNTY,231,21 Years,1265,626,639,745,368,377,174,78,96,26,15,11,46,24,22,274,141,133
HUNT COUNTY,231,22 Years,1387,707,680,811,404,407,173,93,80,57,39,18,42,18,24,304,153,151
HUNT COUNTY,231,23 Years,1406,707,699,867,419,448,170,86,84,63,38,25,37,17,20,269,147,122
HUNT COUNTY,231,24 Years,1404,744,660,835,427,408,198,110,88,64,37,27,56,34,22,251,136,115
HUNT COUNTY,231,25 Years,1312,661,651,874,436,438,127,65,62,33,16,17,37,19,18,241,125,116
HUNT COUNTY,231,26 Years,1327,651,676,911,450,461,102,55,47,11,4,7,41,20,21,262,122,140
HUNT COUNTY,231,27 Years,1416,676,740,988,465,523,126,69,57,9,4,5,41,19,22,252,119,133
HUNT COUNTY,231,28 Years,1350,632,718,902,419,483,164,70,94,28,15,13,41,18,23,215,110,105
HUNT COUNTY,231,29 Years,1378,622,756,947,412,535,151,76,75,14,6,8,44,18,26,222,110,112
HUNT COUNTY,231,30 Years,1363,642,721,933,435,498,148,67,81,8,3,5,41,14,27,233,123,110
HUNT COUNTY,231,31 Years,1187,582,605,798,380,418,130,60,70,32,15,17,36,14,22,191,113,78
HUNT COUNTY,231,32 Years,1159,607,552,792,413,379,104,54,50,41,18,23,32,13,19,190,109,81
HUNT COUNTY,231,33 Years,1145,613,532,785,424,361,105,60,45,32,11,21,17,6,11,206,112,94
HUNT COUNTY,231,34 Years,1150,598,552,765,394,371,127,70,57,12,5,7,25,14,11,221,115,106
HUNT COUNTY,231,35 Years,1143,520,623,798,339,459,126,68,58,8,3,5,11,5,6,200,105,95
HUNT COUNTY,231,36 Years,1167,583,584,825,397,428,114,60,54,11,4,7,16,9,7,201,113,88
HUNT COUNTY,231,37 Years,1121,537,584,761,364,397,111,54,57,20,3,17,16,7,9,213,109,104
HUNT COUNTY,231,38 Years,1257,609,648,883,431,452,107,47,60,16,4,12,13,5,8,238,122,116
HUNT COUNTY,231,39 Years,1215,582,633,850,392,458,112,52,60,20,13,7,16,6,10,217,119,98
HUNT COUNTY,231,40 Years,1095,526,569,774,376,398,100,38,62,17,9,8,11,5,6,193,98,95
HUNT COUNTY,231,41 Years,1069,508,561,757,359,398,98,45,53,14,5,9,18,11,7,182,88,94
HUNT COUNTY,231,42 Years,1069,530,539,767,368,399,88,35,53,12,7,5,23,8,15,179,112,67
HUNT COUNTY,231,43 Years,1066,536,530,747,357,390,84,42,42,13,6,7,15,7,8,207,124,83
HUNT COUNTY,231,44 Years,1068,555,513,704,372,332,91,34,57,16,7,9,30,11,19,227,131,96
HUNT COUNTY,231,45 Years,1086,547,539,756,393,363,78,35,43,14,5,9,23,8,15,215,106,109
HUNT COUNTY,231,46 Years,1168,571,597,839,417,422,85,38,47,14,4,10,23,10,13,207,102,105
HUNT COUNTY,231,47 Years,1183,569,614,875,415,460,90,39,51,14,6,8,24,12,12,180,97,83
HUNT COUNTY,231,48 Years,1158,561,597,865,409,456,86,36,50,16,8,8,22,12,10,169,96,73
HUNT COUNTY,231,49 Years,1212,616,596,904,473,431,100,44,56,8,2,6,21,13,8,179,84,95
HUNT COUNTY,231,50 Years,1208,605,603,921,452,469,78,39,39,5,0,5,19,12,7,185,102,83
HUNT COUNTY,231,51 Years,1208,600,608,912,455,457,78,38,40,11,3,8,15,8,7,192,96,96
HUNT COUNTY,231,52 Years,1220,588,632,925,446,479,88,42,46,13,6,7,19,7,12,175,87,88
HUNT COUNTY,231,53 Years,1273,610,663,978,470,508,91,39,52,11,5,6,22,7,15,171,89,82
HUNT COUNTY,231,54 Years,1377,669,708,1084,515,569,105,51,54,10,4,6,26,15,11,152,84,68
HUNT COUNTY,231,55 Years,1345,665,680,1044,507,537,100,53,47,8,4,4,22,9,13,171,92,79
HUNT COUNTY,231,56 Years,1360,657,703,1052,517,535,96,42,54,11,5,6,32,9,23,169,84,85
HUNT COUNTY,231,57 Years,1380,675,705,1107,534,573,75,34,41,9,5,4,28,12,16,161,90,71
HUNT COUNTY,231,58 Years,1394,694,700,1132,570,562,79,31,48,17,8,9,24,8,16,142,77,65
HUNT COUNTY,231,59 Years,1344,692,652,1100,575,525,89,37,52,10,4,6,17,6,11,128,70,58
HUNT COUNTY,231,60 Years,1284,637,647,1061,533,528,93,42,51,13,5,8,11,4,7,106,53,53
HUNT COUNTY,231,61 Years,1225,593,632,1002,485,517,96,41,55,9,4,5,19,7,12,99,56,43
HUNT COUNTY,231,62 Years,1228,585,643,1013,483,530,88,38,50,8,4,4,23,11,12,96,49,47
HUNT COUNTY,231,63 Years,1197,605,592,987,498,489,100,42,58,9,5,4,19,9,10,82,51,31
HUNT COUNTY,231,64 Years,1247,622,625,1040,512,528,85,39,46,11,6,5,14,9,5,97,56,41
HUNT COUNTY,231,65 Years,1191,591,600,1022,504,518,67,29,38,13,6,7,16,8,8,73,44,29
HUNT COUNTY,231,66 Years,1096,528,568,946,449,497,69,29,40,6,4,2,20,7,13,55,39,16
HUNT COUNTY,231,67 Years,1008,487,521,859,410,449,65,30,35,5,2,3,17,6,11,62,39,23
HUNT COUNTY,231,68 Years,992,461,531,846,400,446,63,24,39,8,1,7,14,3,11,61,33,28
HUNT COUNTY,231,69 Years,980,472,508,833,412,421,62,22,40,12,3,9,17,8,9,56,27,29
HUNT COUNTY,231,70 Years,956,455,501,823,401,422,54,22,32,8,3,5,21,11,10,50,18,32
HUNT COUNTY,231,71 Years,961,455,506,829,399,430,55,20,35,10,4,6,19,7,12,48,25,23
HUNT COUNTY,231,72 Years,945,459,486,835,415,420,50,19,31,6,4,2,14,3,11,40,18,22
HUNT COUNTY,231,73 Years,778,359,419,674,312,362,53,23,30,4,2,2,14,6,8,33,16,17
HUNT COUNTY,231,74 Years,757,352,405,666,313,353,43,18,25,7,1,6,13,6,7,28,14,14
HUNT COUNTY,231,75 Years,727,346,381,654,314,340,35,15,20,4,2,2,12,5,7,22,10,12
HUNT COUNTY,231,76 Years,711,323,388,629,295,334,39,13,26,7,2,5,12,5,7,24,8,16
HUNT COUNTY,231,77 Years,671,305,366,601,277,324,32,11,21,4,1,3,9,4,5,25,12,13
HUNT COUNTY,231,78 Years,609,268,341,547,241,306,25,10,15,3,1,2,12,4,8,22,12,10
HUNT COUNTY,231,79 Years,530,239,291,478,215,263,22,9,13,3,2,1,8,4,4,19,9,10
HUNT COUNTY,231,80 Years,506,237,269,452,214,238,23,9,14,5,2,3,8,4,4,18,8,10
HUNT COUNTY,231,81 Years,464,215,249,411,193,218,24,8,16,2,1,1,8,4,4,19,9,10
HUNT COUNTY,231,82 Years,416,191,225,368,169,199,19,6,13,1,1,0,8,4,4,20,11,9
HUNT COUNTY,231,83 Years,409,175,234,357,155,202,22,6,16,1,0,1,8,4,4,21,10,11
HUNT COUNTY,231,84 Years,344,141,203,299,124,175,17,5,12,2,1,1,8,4,4,18,7,11
HUNT COUNTY,231,85 Years,291,107,184,260,96,164,14,5,9,2,0,2,4,2,2,11,4,7
HUNT COUNTY,231,86 Years,264,109,155,238,100,138,13,4,9,1,0,1,3,1,2,9,4,5
HUNT COUNTY,231,87 Years,233,100,133,209,92,117,10,4,6,1,0,1,3,1,2,10,3,7
HUNT COUNTY,231,88 Years,204,86,118,182,77,105,9,4,5,2,0,2,4,2,2,7,3,4
HUNT COUNTY,231,89 Years,166,65,101,148,60,88,9,3,6,3,1,2,1,0,1,5,1,4
HUNT COUNTY,231,90 Years,135,52,83,120,45,75,8,4,4,0,0,0,3,2,1,4,1,3
HUNT COUNTY,231,91 Years,111,42,69,95,34,61,7,3,4,1,1,0,2,1,1,6,3,3
HUNT COUNTY,231,92 Years,92,37,55,76,30,46,5,2,3,1,1,0,2,1,1,8,3,5
HUNT COUNTY,231,93 Years,79,30,49,66,25,41,5,2,3,0,0,0,1,0,1,7,3,4
HUNT COUNTY,231,94 Years,62,23,39,49,18,31,5,2,3,0,0,0,1,0,1,7,3,4
HUNT COUNTY,231,95 Years +,144,42,102,120,31,89,10,5,5,1,0,1,2,0,2,11,6,5
HUTCHINSON COUNTY,233,All Ages,20550,10357,10193,14038,6987,7051,554,308,246,108,45,63,808,394,414,5042,2623,2419
HUTCHINSON COUNTY,233,< 1 Year,256,138,118,163,89,74,9,7,2,3,2,1,11,5,6,70,35,35
HUTCHINSON COUNTY,233,1 Years,264,147,117,167,91,76,8,6,2,2,1,1,13,7,6,74,42,32
HUTCHINSON COUNTY,233,2 Years,270,138,132,166,84,82,8,4,4,2,1,1,18,9,9,76,40,36
HUTCHINSON COUNTY,233,3 Years,282,142,140,165,82,83,8,2,6,3,1,2,22,10,12,84,47,37
HUTCHINSON COUNTY,233,4 Years,292,141,151,168,79,89,12,5,7,3,1,2,22,10,12,87,46,41
HUTCHINSON COUNTY,233,5 Years,290,146,144,174,86,88,10,5,5,2,1,1,20,10,10,84,44,40
HUTCHINSON COUNTY,233,6 Years,294,149,145,179,88,91,9,5,4,2,1,1,16,9,7,88,46,42
HUTCHINSON COUNTY,233,7 Years,294,151,143,175,88,87,5,3,2,0,0,0,18,12,6,96,48,48
HUTCHINSON COUNTY,233,8 Years,280,136,144,163,79,84,4,2,2,2,1,1,19,9,10,92,45,47
HUTCHINSON COUNTY,233,9 Years,297,147,150,174,91,83,4,3,1,2,1,1,18,11,7,99,41,58
HUTCHINSON COUNTY,233,10 Years,294,143,151,174,91,83,4,2,2,1,0,1,20,8,12,95,42,53
HUTCHINSON COUNTY,233,11 Years,314,169,145,189,100,89,5,2,3,1,1,0,11,5,6,108,61,47
HUTCHINSON COUNTY,233,12 Years,288,138,150,167,81,86,6,3,3,1,0,1,15,4,11,99,50,49
HUTCHINSON COUNTY,233,13 Years,276,127,149,145,67,78,5,2,3,1,0,1,20,5,15,105,53,52
HUTCHINSON COUNTY,233,14 Years,300,141,159,178,87,91,4,1,3,1,0,1,14,6,8,103,47,56
HUTCHINSON COUNTY,233,15 Years,275,133,142,149,71,78,3,1,2,1,0,1,14,7,7,108,54,54
HUTCHINSON COUNTY,233,16 Years,279,144,135,146,76,70,4,1,3,2,1,1,12,9,3,115,57,58
HUTCHINSON COUNTY,233,17 Years,278,145,133,161,83,78,7,5,2,1,1,0,12,8,4,97,48,49
HUTCHINSON COUNTY,233,18 Years,273,152,121,153,89,64,10,6,4,1,1,0,12,8,4,97,48,49
HUTCHINSON COUNTY,233,19 Years,243,128,115,129,70,59,10,6,4,0,0,0,10,5,5,94,47,47
HUTCHINSON COUNTY,233,20 Years,232,119,113,126,66,60,8,5,3,0,0,0,13,6,7,85,42,43
HUTCHINSON COUNTY,233,21 Years,224,117,107,124,64,60,5,4,1,0,0,0,13,5,8,82,44,38
HUTCHINSON COUNTY,233,22 Years,238,117,121,133,69,64,9,5,4,0,0,0,11,5,6,85,38,47
HUTCHINSON COUNTY,233,23 Years,250,120,130,148,72,76,8,3,5,2,0,2,12,7,5,80,38,42
HUTCHINSON COUNTY,233,24 Years,279,149,130,165,85,80,8,6,2,2,0,2,10,4,6,94,54,40
HUTCHINSON COUNTY,233,25 Years,261,144,117,159,84,75,7,6,1,2,0,2,9,3,6,84,51,33
HUTCHINSON COUNTY,233,26 Years,282,162,120,175,92,83,13,8,5,0,0,0,9,7,2,85,55,30
HUTCHINSON COUNTY,233,27 Years,280,154,126,184,101,83,7,2,5,2,1,1,11,7,4,76,43,33
HUTCHINSON COUNTY,233,28 Years,273,148,125,174,100,74,11,5,6,1,1,0,6,3,3,81,39,42
HUTCHINSON COUNTY,233,29 Years,260,134,126,164,89,75,9,7,2,1,1,0,8,4,4,78,33,45
HUTCHINSON COUNTY,233,30 Years,257,120,137,166,80,86,6,5,1,1,1,0,11,5,6,73,29,44
HUTCHINSON COUNTY,233,31 Years,262,127,135,185,94,91,5,2,3,1,1,0,8,3,5,63,27,36
HUTCHINSON COUNTY,233,32 Years,252,125,127,172,81,91,6,3,3,0,0,0,6,2,4,68,39,29
HUTCHINSON COUNTY,233,33 Years,261,135,126,179,91,88,4,2,2,1,1,0,7,2,5,70,39,31
HUTCHINSON COUNTY,233,34 Years,267,137,130,175,83,92,7,5,2,0,0,0,9,4,5,76,45,31
HUTCHINSON COUNTY,233,35 Years,262,138,124,178,90,88,8,7,1,0,0,0,8,4,4,68,37,31
HUTCHINSON COUNTY,233,36 Years,298,153,145,204,101,103,6,4,2,0,0,0,8,4,4,80,44,36
HUTCHINSON COUNTY,233,37 Years,269,142,127,172,85,87,6,4,2,2,1,1,7,4,3,82,48,34
HUTCHINSON COUNTY,233,38 Years,251,135,116,163,83,80,6,4,2,1,0,1,8,5,3,73,43,30
HUTCHINSON COUNTY,233,39 Years,257,136,121,176,91,85,6,3,3,1,0,1,5,3,2,69,39,30
HUTCHINSON COUNTY,233,40 Years,266,137,129,180,96,84,6,3,3,1,1,0,8,4,4,71,33,38
HUTCHINSON COUNTY,233,41 Years,269,137,132,180,91,89,9,6,3,1,0,1,12,4,8,67,36,31
HUTCHINSON COUNTY,233,42 Years,266,132,134,179,86,93,9,6,3,1,1,0,8,4,4,69,35,34
HUTCHINSON COUNTY,233,43 Years,244,130,114,169,88,81,6,3,3,2,1,1,8,6,2,59,32,27
HUTCHINSON COUNTY,233,44 Years,259,133,126,179,88,91,7,3,4,2,1,1,7,4,3,64,37,27
HUTCHINSON COUNTY,233,45 Years,243,119,124,163,74,89,6,4,2,2,2,0,4,1,3,68,38,30
HUTCHINSON COUNTY,233,46 Years,259,129,130,177,86,91,7,4,3,3,1,2,4,2,2,68,36,32
HUTCHINSON COUNTY,233,47 Years,245,117,128,171,79,92,9,4,5,2,1,1,7,4,3,56,29,27
HUTCHINSON COUNTY,233,48 Years,237,115,122,166,81,85,5,2,3,2,0,2,6,4,2,58,28,30
HUTCHINSON COUNTY,233,49 Years,238,112,126,177,82,95,3,2,1,0,0,0,6,3,3,52,25,27
HUTCHINSON COUNTY,233,50 Years,227,111,116,156,70,86,5,4,1,2,1,1,8,6,2,56,30,26
HUTCHINSON COUNTY,233,51 Years,221,112,109,158,78,80,3,2,1,2,1,1,7,3,4,51,28,23
HUTCHINSON COUNTY,233,52 Years,221,119,102,160,84,76,5,1,4,0,0,0,7,4,3,49,30,19
HUTCHINSON COUNTY,233,53 Years,210,110,100,154,81,73,5,3,2,1,0,1,9,6,3,41,20,21
HUTCHINSON COUNTY,233,54 Years,211,108,103,158,80,78,9,6,3,1,1,0,4,2,2,39,19,20
HUTCHINSON COUNTY,233,55 Years,247,116,131,184,91,93,4,2,2,3,1,2,9,4,5,47,18,29
HUTCHINSON COUNTY,233,56 Years,247,124,123,183,94,89,6,3,3,1,1,0,10,5,5,47,21,26
HUTCHINSON COUNTY,233,57 Years,260,133,127,205,105,100,6,3,3,1,0,1,8,4,4,40,21,19
HUTCHINSON COUNTY,233,58 Years,273,140,133,215,110,105,5,3,2,1,1,0,13,6,7,39,20,19
HUTCHINSON COUNTY,233,59 Years,261,140,121,199,100,99,10,5,5,1,1,0,10,7,3,41,27,14
HUTCHINSON COUNTY,233,60 Years,266,134,132,209,106,103,9,4,5,1,0,1,8,3,5,39,21,18
HUTCHINSON COUNTY,233,61 Years,272,136,136,218,112,106,7,4,3,1,0,1,7,2,5,39,18,21
HUTCHINSON COUNTY,233,62 Years,284,147,137,226,116,110,9,5,4,3,0,3,5,4,1,41,22,19
HUTCHINSON COUNTY,233,63 Years,252,130,122,201,102,99,13,7,6,2,1,1,7,4,3,29,16,13
HUTCHINSON COUNTY,233,64 Years,260,134,126,212,106,106,13,7,6,2,0,2,8,5,3,25,16,9
HUTCHINSON COUNTY,233,65 Years,250,129,121,200,101,99,10,4,6,1,0,1,12,5,7,27,19,8
HUTCHINSON COUNTY,233,66 Years,250,119,131,201,96,105,8,4,4,1,1,0,12,4,8,28,14,14
HUTCHINSON COUNTY,233,67 Years,225,112,113,185,92,93,7,4,3,0,0,0,9,3,6,24,13,11
HUTCHINSON COUNTY,233,68 Years,242,120,122,202,99,103,5,2,3,0,0,0,9,3,6,26,16,10
HUTCHINSON COUNTY,233,69 Years,209,109,100,171,88,83,5,2,3,0,0,0,7,2,5,26,17,9
HUTCHINSON COUNTY,233,70 Years,183,95,88,152,79,73,8,5,3,1,0,1,3,1,2,19,10,9
HUTCHINSON COUNTY,233,71 Years,191,98,93,155,76,79,8,5,3,1,1,0,4,2,2,23,14,9
HUTCHINSON COUNTY,233,72 Years,164,82,82,139,68,71,5,4,1,1,0,1,2,1,1,17,9,8
HUTCHINSON COUNTY,233,73 Years,143,65,78,119,53,66,4,3,1,2,1,1,1,1,0,17,7,10
HUTCHINSON COUNTY,233,74 Years,143,67,76,118,55,63,4,2,2,2,1,1,4,1,3,15,8,7
HUTCHINSON COUNTY,233,75 Years,144,71,73,116,60,56,1,0,1,2,1,1,7,2,5,18,8,10
HUTCHINSON COUNTY,233,76 Years,123,59,64,104,48,56,2,2,0,0,0,0,4,1,3,13,8,5
HUTCHINSON COUNTY,233,77 Years,124,50,74,106,39,67,7,5,2,0,0,0,1,1,0,10,5,5
HUTCHINSON COUNTY,233,78 Years,106,51,55,91,43,48,3,2,1,0,0,0,2,0,2,10,6,4
HUTCHINSON COUNTY,233,79 Years,112,56,56,89,43,46,3,1,2,3,2,1,7,4,3,10,6,4
HUTCHINSON COUNTY,233,80 Years,102,40,62,86,31,55,2,0,2,2,1,1,5,4,1,7,4,3
HUTCHINSON COUNTY,233,81 Years,81,33,48,72,27,45,1,0,1,0,0,0,4,3,1,4,3,1
HUTCHINSON COUNTY,233,82 Years,83,36,47,72,31,41,1,0,1,0,0,0,5,2,3,5,3,2
HUTCHINSON COUNTY,233,83 Years,80,37,43,65,31,34,2,1,1,2,0,2,4,2,2,7,3,4
HUTCHINSON COUNTY,233,84 Years,66,26,40,56,23,33,0,0,0,1,0,1,2,1,1,7,2,5
HUTCHINSON COUNTY,233,85 Years,65,28,37,53,23,30,0,0,0,0,0,0,3,1,2,9,4,5
HUTCHINSON COUNTY,233,86 Years,65,28,37,52,21,31,2,1,1,0,0,0,2,0,2,9,6,3
HUTCHINSON COUNTY,233,87 Years,58,25,33,47,20,27,1,0,1,0,0,0,3,1,2,7,4,3
HUTCHINSON COUNTY,233,88 Years,49,20,29,40,16,24,1,0,1,1,0,1,2,1,1,5,3,2
HUTCHINSON COUNTY,233,89 Years,41,18,23,35,14,21,0,0,0,1,0,1,2,1,1,3,3,0
HUTCHINSON COUNTY,233,90 Years,34,13,21,28,11,17,0,0,0,0,0,0,2,1,1,4,1,3
HUTCHINSON COUNTY,233,91 Years,30,13,17,25,10,15,2,2,0,0,0,0,1,1,0,2,0,2
HUTCHINSON COUNTY,233,92 Years,24,10,14,20,8,12,1,1,0,0,0,0,1,0,1,2,1,1
HUTCHINSON COUNTY,233,93 Years,22,9,13,18,8,10,0,0,0,0,0,0,0,0,0,4,1,3
HUTCHINSON COUNTY,233,94 Years,15,4,11,11,4,7,0,0,0,0,0,0,1,0,1,3,0,3
HUTCHINSON COUNTY,233,95 Years +,34,12,22,24,10,14,5,1,4,1,0,1,1,0,1,3,1,2
IRION COUNTY,235,All Ages,1592,794,798,1122,547,575,11,5,6,4,1,3,25,12,13,430,229,201
IRION COUNTY,235,< 1 Year,16,8,8,13,5,8,0,0,0,0,0,0,1,1,0,2,2,0
IRION COUNTY,235,1 Years,18,7,11,15,5,10,0,0,0,0,0,0,1,1,0,2,1,1
IRION COUNTY,235,2 Years,15,5,10,13,4,9,0,0,0,0,0,0,0,0,0,2,1,1
IRION COUNTY,235,3 Years,15,6,9,13,5,8,0,0,0,0,0,0,0,0,0,2,1,1
IRION COUNTY,235,4 Years,14,6,8,12,5,7,0,0,0,0,0,0,0,0,0,2,1,1
IRION COUNTY,235,5 Years,16,6,10,12,4,8,0,0,0,0,0,0,0,0,0,4,2,2
IRION COUNTY,235,6 Years,15,6,9,12,5,7,0,0,0,0,0,0,0,0,0,3,1,2
IRION COUNTY,235,7 Years,18,9,9,14,7,7,0,0,0,0,0,0,0,0,0,4,2,2
IRION COUNTY,235,8 Years,16,9,7,13,8,5,0,0,0,0,0,0,0,0,0,3,1,2
IRION COUNTY,235,9 Years,14,7,7,11,5,6,0,0,0,0,0,0,0,0,0,3,2,1
IRION COUNTY,235,10 Years,16,10,6,10,5,5,0,0,0,0,0,0,1,1,0,5,4,1
IRION COUNTY,235,11 Years,16,9,7,9,6,3,0,0,0,0,0,0,1,1,0,6,2,4
IRION COUNTY,235,12 Years,13,7,6,6,3,3,0,0,0,0,0,0,1,0,1,6,4,2
IRION COUNTY,235,13 Years,12,7,5,7,3,4,0,0,0,0,0,0,0,0,0,5,4,1
IRION COUNTY,235,14 Years,13,7,6,7,3,4,0,0,0,0,0,0,1,1,0,5,3,2
IRION COUNTY,235,15 Years,20,9,11,14,6,8,0,0,0,0,0,0,0,0,0,6,3,3
IRION COUNTY,235,16 Years,18,10,8,9,5,4,1,0,1,0,0,0,0,0,0,8,5,3
IRION COUNTY,235,17 Years,21,14,7,15,10,5,0,0,0,0,0,0,1,0,1,5,4,1
IRION COUNTY,235,18 Years,13,8,5,9,6,3,0,0,0,0,0,0,0,0,0,4,2,2
IRION COUNTY,235,19 Years,15,10,5,8,6,2,0,0,0,0,0,0,1,1,0,6,3,3
IRION COUNTY,235,20 Years,16,8,8,7,4,3,0,0,0,0,0,0,0,0,0,9,4,5
IRION COUNTY,235,21 Years,12,8,4,7,5,2,0,0,0,0,0,0,1,0,1,4,3,1
IRION COUNTY,235,22 Years,15,9,6,7,4,3,0,0,0,0,0,0,0,0,0,8,5,3
IRION COUNTY,235,23 Years,18,12,6,8,6,2,1,1,0,0,0,0,0,0,0,9,5,4
IRION COUNTY,235,24 Years,19,11,8,9,6,3,1,0,1,0,0,0,0,0,0,9,5,4
IRION COUNTY,235,25 Years,19,10,9,10,5,5,1,0,1,0,0,0,0,0,0,8,5,3
IRION COUNTY,235,26 Years,25,13,12,15,6,9,1,1,0,0,0,0,0,0,0,9,6,3
IRION COUNTY,235,27 Years,26,16,10,16,10,6,1,1,0,0,0,0,0,0,0,9,5,4
IRION COUNTY,235,28 Years,19,13,6,10,8,2,0,0,0,0,0,0,1,0,1,8,5,3
IRION COUNTY,235,29 Years,11,6,5,6,5,1,0,0,0,0,0,0,1,0,1,4,1,3
IRION COUNTY,235,30 Years,17,11,6,12,8,4,0,0,0,0,0,0,1,0,1,4,3,1
IRION COUNTY,235,31 Years,10,7,3,7,5,2,0,0,0,0,0,0,0,0,0,3,2,1
IRION COUNTY,235,32 Years,15,6,9,9,4,5,0,0,0,0,0,0,0,0,0,6,2,4
IRION COUNTY,235,33 Years,20,13,7,16,12,4,0,0,0,0,0,0,1,0,1,3,1,2
IRION COUNTY,235,34 Years,23,14,9,15,7,8,0,0,0,0,0,0,0,0,0,8,7,1
IRION COUNTY,235,35 Years,20,10,10,13,6,7,0,0,0,0,0,0,0,0,0,7,4,3
IRION COUNTY,235,36 Years,11,6,5,8,5,3,0,0,0,0,0,0,0,0,0,3,1,2
IRION COUNTY,235,37 Years,9,3,6,7,3,4,0,0,0,0,0,0,0,0,0,2,0,2
IRION COUNTY,235,38 Years,12,6,6,9,5,4,0,0,0,0,0,0,0,0,0,3,1,2
IRION COUNTY,235,39 Years,9,4,5,6,3,3,0,0,0,0,0,0,0,0,0,3,1,2
IRION COUNTY,235,40 Years,11,6,5,8,4,4,0,0,0,0,0,0,0,0,0,3,2,1
IRION COUNTY,235,41 Years,18,9,9,14,7,7,0,0,0,0,0,0,0,0,0,4,2,2
IRION COUNTY,235,42 Years,18,8,10,11,5,6,0,0,0,0,0,0,1,0,1,6,3,3
IRION COUNTY,235,43 Years,14,6,8,8,3,5,0,0,0,0,0,0,0,0,0,6,3,3
IRION COUNTY,235,44 Years,16,8,8,12,7,5,0,0,0,0,0,0,1,1,0,3,0,3
IRION COUNTY,235,45 Years,16,8,8,12,7,5,0,0,0,0,0,0,0,0,0,4,1,3
IRION COUNTY,235,46 Years,19,9,10,16,8,8,0,0,0,0,0,0,0,0,0,3,1,2
IRION COUNTY,235,47 Years,22,14,8,18,12,6,1,0,1,0,0,0,0,0,0,3,2,1
IRION COUNTY,235,48 Years,15,9,6,9,6,3,0,0,0,0,0,0,1,0,1,5,3,2
IRION COUNTY,235,49 Years,19,7,12,14,5,9,0,0,0,0,0,0,0,0,0,5,2,3
IRION COUNTY,235,50 Years,21,9,12,16,7,9,0,0,0,0,0,0,0,0,0,5,2,3
IRION COUNTY,235,51 Years,19,11,8,14,7,7,0,0,0,0,0,0,0,0,0,5,4,1
IRION COUNTY,235,52 Years,21,11,10,13,7,6,0,0,0,0,0,0,0,0,0,8,4,4
IRION COUNTY,235,53 Years,18,10,8,10,6,4,0,0,0,0,0,0,0,0,0,8,4,4
IRION COUNTY,235,54 Years,27,12,15,21,10,11,0,0,0,0,0,0,0,0,0,6,2,4
IRION COUNTY,235,55 Years,27,15,12,19,10,9,0,0,0,0,0,0,0,0,0,8,5,3
IRION COUNTY,235,56 Years,28,14,14,20,9,11,0,0,0,0,0,0,1,0,1,7,5,2
IRION COUNTY,235,57 Years,30,12,18,23,7,16,1,1,0,0,0,0,1,1,0,5,3,2
IRION COUNTY,235,58 Years,29,11,18,22,8,14,0,0,0,2,0,2,0,0,0,5,3,2
IRION COUNTY,235,59 Years,26,15,11,20,12,8,0,0,0,1,0,1,0,0,0,5,3,2
IRION COUNTY,235,60 Years,27,15,12,21,11,10,0,0,0,1,1,0,0,0,0,5,3,2
IRION COUNTY,235,61 Years,29,13,16,23,11,12,0,0,0,0,0,0,1,1,0,5,1,4
IRION COUNTY,235,62 Years,27,11,16,21,10,11,0,0,0,0,0,0,0,0,0,6,1,5
IRION COUNTY,235,63 Years,25,14,11,13,8,5,1,0,1,0,0,0,0,0,0,11,6,5
IRION COUNTY,235,64 Years,18,9,9,13,6,7,0,0,0,0,0,0,0,0,0,5,3,2
IRION COUNTY,235,65 Years,20,10,10,15,6,9,0,0,0,0,0,0,0,0,0,5,4,1
IRION COUNTY,235,66 Years,21,10,11,17,8,9,0,0,0,0,0,0,0,0,0,4,2,2
IRION COUNTY,235,67 Years,19,8,11,16,7,9,0,0,0,0,0,0,0,0,0,3,1,2
IRION COUNTY,235,68 Years,13,8,5,11,7,4,0,0,0,0,0,0,0,0,0,2,1,1
IRION COUNTY,235,69 Years,19,10,9,14,6,8,0,0,0,0,0,0,0,0,0,5,4,1
IRION COUNTY,235,70 Years,20,10,10,16,6,10,0,0,0,0,0,0,0,0,0,4,4,0
IRION COUNTY,235,71 Years,22,10,12,16,7,9,0,0,0,0,0,0,0,0,0,6,3,3
IRION COUNTY,235,72 Years,24,13,11,16,7,9,0,0,0,0,0,0,0,0,0,8,6,2
IRION COUNTY,235,73 Years,16,8,8,9,5,4,0,0,0,0,0,0,1,0,1,6,3,3
IRION COUNTY,235,74 Years,14,3,11,11,3,8,0,0,0,0,0,0,1,0,1,2,0,2
IRION COUNTY,235,75 Years,21,10,11,15,7,8,0,0,0,0,0,0,2,1,1,4,2,2
IRION COUNTY,235,76 Years,18,9,9,13,6,7,1,1,0,0,0,0,2,2,0,2,0,2
IRION COUNTY,235,77 Years,19,10,9,16,9,7,0,0,0,0,0,0,0,0,0,3,1,2
IRION COUNTY,235,78 Years,22,11,11,20,10,10,0,0,0,0,0,0,0,0,0,2,1,1
IRION COUNTY,235,79 Years,15,6,9,13,6,7,1,0,1,0,0,0,0,0,0,1,0,1
IRION COUNTY,235,80 Years,16,6,10,14,6,8,0,0,0,0,0,0,0,0,0,2,0,2
IRION COUNTY,235,81 Years,11,5,6,9,4,5,0,0,0,0,0,0,0,0,0,2,1,1
IRION COUNTY,235,82 Years,8,6,2,4,3,1,0,0,0,0,0,0,0,0,0,4,3,1
IRION COUNTY,235,83 Years,12,5,7,7,2,5,0,0,0,0,0,0,0,0,0,5,3,2
IRION COUNTY,235,84 Years,11,2,9,9,2,7,0,0,0,0,0,0,0,0,0,2,0,2
IRION COUNTY,235,85 Years,12,4,8,8,2,6,0,0,0,0,0,0,0,0,0,4,2,2
IRION COUNTY,235,86 Years,7,2,5,5,2,3,0,0,0,0,0,0,0,0,0,2,0,2
IRION COUNTY,235,87 Years,9,4,5,6,2,4,0,0,0,0,0,0,0,0,0,3,2,1
IRION COUNTY,235,88 Years,8,3,5,6,2,4,0,0,0,0,0,0,0,0,0,2,1,1
IRION COUNTY,235,89 Years,6,2,4,5,1,4,0,0,0,0,0,0,0,0,0,1,1,0
IRION COUNTY,235,90 Years,4,1,3,3,1,2,0,0,0,0,0,0,0,0,0,1,0,1
IRION COUNTY,235,91 Years,6,1,5,4,1,3,0,0,0,0,0,0,0,0,0,2,0,2
IRION COUNTY,235,92 Years,5,2,3,3,1,2,0,0,0,0,0,0,0,0,0,2,1,1
IRION COUNTY,235,93 Years,2,0,2,1,0,1,0,0,0,0,0,0,0,0,0,1,0,1
IRION COUNTY,235,94 Years,2,0,2,2,0,2,0,0,0,0,0,0,0,0,0,0,0,0
IRION COUNTY,235,95 Years +,10,3,7,8,2,6,0,0,0,0,0,0,0,0,0,2,1,1
JACK COUNTY,237,All Ages,9265,5236,4029,6995,3781,3214,366,325,41,30,17,13,131,67,64,1743,1046,697
JACK COUNTY,237,< 1 Year,88,48,40,63,38,25,0,0,0,0,0,0,0,0,0,25,10,15
JACK COUNTY,237,1 Years,99,54,45,68,40,28,0,0,0,0,0,0,2,1,1,29,13,16
JACK COUNTY,237,2 Years,105,55,50,70,40,30,0,0,0,1,1,0,4,2,2,30,12,18
JACK COUNTY,237,3 Years,118,66,52,76,42,34,0,0,0,1,1,0,4,3,1,37,20,17
JACK COUNTY,237,4 Years,118,64,54,74,39,35,0,0,0,1,1,0,3,2,1,40,22,18
JACK COUNTY,237,5 Years,121,63,58,77,39,38,0,0,0,0,0,0,4,3,1,40,21,19
JACK COUNTY,237,6 Years,117,59,58,77,39,38,0,0,0,0,0,0,4,2,2,36,18,18
JACK COUNTY,237,7 Years,119,58,61,79,40,39,0,0,0,0,0,0,2,1,1,38,17,21
JACK COUNTY,237,8 Years,127,66,61,80,41,39,0,0,0,0,0,0,2,1,1,45,24,21
JACK COUNTY,237,9 Years,125,52,73,73,23,50,3,1,2,0,0,0,2,2,0,47,26,21
JACK COUNTY,237,10 Years,109,53,56,63,26,37,2,0,2,0,0,0,1,0,1,43,27,16
JACK COUNTY,237,11 Years,106,62,44,65,35,30,0,0,0,0,0,0,1,1,0,40,26,14
JACK COUNTY,237,12 Years,115,71,44,71,41,30,2,2,0,0,0,0,4,3,1,38,25,13
JACK COUNTY,237,13 Years,105,60,45,70,40,30,0,0,0,0,0,0,6,4,2,29,16,13
JACK COUNTY,237,14 Years,105,62,43,62,39,23,0,0,0,0,0,0,2,1,1,41,22,19
JACK COUNTY,237,15 Years,100,56,44,59,32,27,2,2,0,1,0,1,0,0,0,38,22,16
JACK COUNTY,237,16 Years,103,54,49,64,30,34,3,2,1,0,0,0,1,1,0,35,21,14
JACK COUNTY,237,17 Years,92,49,43,65,31,34,1,1,0,0,0,0,1,0,1,25,17,8
JACK COUNTY,237,18 Years,111,69,42,76,46,30,1,0,1,1,0,1,3,3,0,30,20,10
JACK COUNTY,237,19 Years,123,82,41,75,47,28,9,8,1,0,0,0,0,0,0,39,27,12
JACK COUNTY,237,20 Years,129,87,42,79,51,28,5,5,0,0,0,0,2,1,1,43,30,13
JACK COUNTY,237,21 Years,120,81,39,73,47,26,7,7,0,1,1,0,1,1,0,38,25,13
JACK COUNTY,237,22 Years,127,81,46,81,51,30,10,7,3,0,0,0,4,1,3,32,22,10
JACK COUNTY,237,23 Years,121,74,47,82,47,35,8,7,1,0,0,0,2,0,2,29,20,9
JACK COUNTY,237,24 Years,123,78,45,90,58,32,2,2,0,0,0,0,4,2,2,27,16,11
JACK COUNTY,237,25 Years,144,98,46,101,69,32,8,8,0,0,0,0,1,1,0,34,20,14
JACK COUNTY,237,26 Years,150,100,50,107,69,38,4,4,0,0,0,0,2,2,0,37,25,12
JACK COUNTY,237,27 Years,135,81,54,98,57,41,8,6,2,0,0,0,1,0,1,28,18,10
JACK COUNTY,237,28 Years,142,93,49,95,54,41,11,11,0,0,0,0,0,0,0,36,28,8
JACK COUNTY,237,29 Years,136,88,48,90,51,39,15,15,0,1,1,0,0,0,0,30,21,9
JACK COUNTY,237,30 Years,131,83,48,88,51,37,11,11,0,1,1,0,2,1,1,29,19,10
JACK COUNTY,237,31 Years,149,84,65,106,55,51,10,10,0,2,2,0,2,0,2,29,17,12
JACK COUNTY,237,32 Years,130,84,46,90,52,38,15,14,1,1,1,0,0,0,0,24,17,7
JACK COUNTY,237,33 Years,135,84,51,98,58,40,8,8,0,0,0,0,0,0,0,29,18,11
JACK COUNTY,237,34 Years,131,87,44,93,59,34,10,10,0,1,0,1,0,0,0,27,18,9
JACK COUNTY,237,35 Years,117,79,38,81,49,32,8,8,0,2,2,0,1,1,0,25,19,6
JACK COUNTY,237,36 Years,113,75,38,82,51,31,13,11,2,0,0,0,0,0,0,18,13,5
JACK COUNTY,237,37 Years,105,68,37,76,48,28,9,8,1,0,0,0,2,1,1,18,11,7
JACK COUNTY,237,38 Years,110,68,42,73,41,32,13,12,1,1,0,1,1,1,0,22,14,8
JACK COUNTY,237,39 Years,103,64,39,70,44,26,10,8,2,0,0,0,3,1,2,20,11,9
JACK COUNTY,237,40 Years,88,56,32,69,43,26,5,4,1,0,0,0,2,1,1,12,8,4
JACK COUNTY,237,41 Years,100,65,35,66,40,26,8,8,0,0,0,0,3,3,0,23,14,9
JACK COUNTY,237,42 Years,106,65,41,78,43,35,7,7,0,2,2,0,0,0,0,19,13,6
JACK COUNTY,237,43 Years,100,60,40,75,41,34,6,6,0,0,0,0,1,0,1,18,13,5
JACK COUNTY,237,44 Years,106,51,55,81,37,44,3,3,0,2,0,2,0,0,0,20,11,9
JACK COUNTY,237,45 Years,112,65,47,85,46,39,8,8,0,0,0,0,0,0,0,19,11,8
JACK COUNTY,237,46 Years,124,69,55,92,49,43,9,9,0,0,0,0,0,0,0,23,11,12
JACK COUNTY,237,47 Years,118,69,49,86,45,41,9,9,0,1,1,0,0,0,0,22,14,8
JACK COUNTY,237,48 Years,109,60,49,85,44,41,5,5,0,1,0,1,0,0,0,18,11,7
JACK COUNTY,237,49 Years,120,68,52,97,56,41,3,3,0,1,1,0,1,0,1,18,8,10
JACK COUNTY,237,50 Years,118,70,48,92,51,41,4,4,0,1,1,0,4,3,1,17,11,6
JACK COUNTY,237,51 Years,134,78,56,104,58,46,6,6,0,0,0,0,2,2,0,22,12,10
JACK COUNTY,237,52 Years,119,74,45,92,53,39,7,7,0,0,0,0,0,0,0,20,14,6
JACK COUNTY,237,53 Years,115,68,47,97,54,43,4,3,1,1,1,0,3,3,0,10,7,3
JACK COUNTY,237,54 Years,129,74,55,110,62,48,8,7,1,1,0,1,1,0,1,9,5,4
JACK COUNTY,237,55 Years,133,80,53,114,68,46,6,5,1,0,0,0,1,0,1,12,7,5
JACK COUNTY,237,56 Years,132,80,52,114,66,48,4,4,0,0,0,0,2,1,1,12,9,3
JACK COUNTY,237,57 Years,131,77,54,110,65,45,4,4,0,0,0,0,4,1,3,13,7,6
JACK COUNTY,237,58 Years,131,69,62,110,58,52,4,3,1,0,0,0,5,2,3,12,6,6
JACK COUNTY,237,59 Years,124,64,60,107,54,53,3,2,1,0,0,0,2,1,1,12,7,5
JACK COUNTY,237,60 Years,112,54,58,96,45,51,4,3,1,1,0,1,0,0,0,11,6,5
JACK COUNTY,237,61 Years,113,61,52,94,48,46,4,4,0,1,0,1,1,1,0,13,8,5
JACK COUNTY,237,62 Years,112,58,54,98,50,48,4,3,1,0,0,0,1,0,1,9,5,4
JACK COUNTY,237,63 Years,115,58,57,104,52,52,4,3,1,0,0,0,2,0,2,5,3,2
JACK COUNTY,237,64 Years,103,53,50,93,48,45,2,2,0,0,0,0,4,1,3,4,2,2
JACK COUNTY,237,65 Years,91,46,45,84,41,43,3,2,1,0,0,0,0,0,0,4,3,1
JACK COUNTY,237,66 Years,117,58,59,109,55,54,2,1,1,1,0,1,0,0,0,5,2,3
JACK COUNTY,237,67 Years,98,45,53,89,41,48,3,2,1,1,0,1,1,1,0,4,1,3
JACK COUNTY,237,68 Years,71,33,38,65,32,33,2,0,2,0,0,0,1,0,1,3,1,2
JACK COUNTY,237,69 Years,71,36,35,67,34,33,2,1,1,0,0,0,1,0,1,1,1,0
JACK COUNTY,237,70 Years,84,36,48,81,34,47,1,0,1,0,0,0,0,0,0,2,2,0
JACK COUNTY,237,71 Years,88,41,47,84,38,46,2,2,0,0,0,0,0,0,0,2,1,1
JACK COUNTY,237,72 Years,90,40,50,86,37,49,3,2,1,0,0,0,0,0,0,1,1,0
JACK COUNTY,237,73 Years,70,36,34,65,36,29,1,0,1,1,0,1,0,0,0,3,0,3
JACK COUNTY,237,74 Years,73,34,39,66,30,36,1,1,0,0,0,0,2,1,1,4,2,2
JACK COUNTY,237,75 Years,67,27,40,63,26,37,0,0,0,0,0,0,1,0,1,3,1,2
JACK COUNTY,237,76 Years,65,24,41,61,23,38,0,0,0,0,0,0,1,0,1,3,1,2
JACK COUNTY,237,77 Years,63,34,29,56,29,27,1,1,0,0,0,0,1,0,1,5,4,1
JACK COUNTY,237,78 Years,66,32,34,60,29,31,1,1,0,0,0,0,3,0,3,2,2,0
JACK COUNTY,237,79 Years,61,29,32,56,26,30,0,0,0,0,0,0,2,1,1,3,2,1
JACK COUNTY,237,80 Years,52,24,28,47,21,26,1,1,0,0,0,0,0,0,0,4,2,2
JACK COUNTY,237,81 Years,51,27,24,48,25,23,1,1,0,0,0,0,0,0,0,2,1,1
JACK COUNTY,237,82 Years,38,14,24,35,13,22,0,0,0,0,0,0,0,0,0,3,1,2
JACK COUNTY,237,83 Years,41,22,19,38,19,19,0,0,0,0,0,0,2,2,0,1,1,0
JACK COUNTY,237,84 Years,38,18,20,34,17,17,0,0,0,0,0,0,1,0,1,3,1,2
JACK COUNTY,237,85 Years,28,13,15,27,13,14,0,0,0,0,0,0,0,0,0,1,0,1
JACK COUNTY,237,86 Years,31,18,13,30,17,13,0,0,0,0,0,0,0,0,0,1,1,0
JACK COUNTY,237,87 Years,27,13,14,21,10,11,1,0,1,0,0,0,0,0,0,5,3,2
JACK COUNTY,237,88 Years,22,10,12,20,9,11,0,0,0,0,0,0,1,0,1,1,1,0
JACK COUNTY,237,89 Years,25,11,14,24,11,13,0,0,0,0,0,0,0,0,0,1,0,1
JACK COUNTY,237,90 Years,18,9,9,17,9,8,0,0,0,0,0,0,0,0,0,1,0,1
JACK COUNTY,237,91 Years,16,7,9,15,7,8,0,0,0,0,0,0,0,0,0,1,0,1
JACK COUNTY,237,92 Years,10,3,7,10,3,7,0,0,0,0,0,0,0,0,0,0,0,0
JACK COUNTY,237,93 Years,9,2,7,7,2,5,2,0,2,0,0,0,0,0,0,0,0,0
JACK COUNTY,237,94 Years,8,2,6,7,2,5,0,0,0,0,0,0,1,0,1,0,0,0
JACK COUNTY,237,95 Years +,15,6,9,14,6,8,0,0,0,0,0,0,0,0,0,1,0,1
JACKSON COUNTY,239,All Ages,14561,7212,7349,8167,3948,4219,984,459,525,56,24,32,207,101,106,5147,2680,2467
JACKSON COUNTY,239,< 1 Year,213,104,109,90,43,47,14,5,9,2,1,1,8,3,5,99,52,47
JACKSON COUNTY,239,1 Years,215,103,112,90,41,49,15,6,9,2,1,1,11,6,5,97,49,48
JACKSON COUNTY,239,2 Years,212,99,113,87,36,51,12,6,6,2,1,1,12,5,7,99,51,48
JACKSON COUNTY,239,3 Years,210,99,111,85,37,48,11,6,5,1,1,0,11,5,6,102,50,52
JACKSON COUNTY,239,4 Years,206,98,108,86,42,44,12,6,6,2,1,1,6,3,3,100,46,54
JACKSON COUNTY,239,5 Years,207,95,112,90,42,48,14,5,9,1,0,1,4,1,3,98,47,51
JACKSON COUNTY,239,6 Years,208,98,110,90,40,50,17,7,10,2,1,1,6,3,3,93,47,46
JACKSON COUNTY,239,7 Years,204,94,110,88,35,53,15,7,8,1,1,0,4,2,2,96,49,47
JACKSON COUNTY,239,8 Years,206,98,108,89,38,51,18,8,10,1,0,1,6,5,1,92,47,45
JACKSON COUNTY,239,9 Years,232,128,104,103,58,45,20,5,15,1,1,0,5,1,4,103,63,40
JACKSON COUNTY,239,10 Years,219,105,114,96,49,47,15,6,9,1,0,1,5,3,2,102,47,55
JACKSON COUNTY,239,11 Years,218,101,117,87,40,47,20,15,5,1,1,0,6,3,3,104,42,62
JACKSON COUNTY,239,12 Years,209,91,118,83,37,46,15,10,5,0,0,0,4,2,2,107,42,65
JACKSON COUNTY,239,13 Years,222,100,122,98,43,55,14,7,7,0,0,0,4,1,3,106,49,57
JACKSON COUNTY,239,14 Years,206,100,106,96,47,49,13,7,6,1,0,1,3,1,2,93,45,48
JACKSON COUNTY,239,15 Years,202,105,97,98,47,51,13,7,6,0,0,0,4,1,3,87,50,37
JACKSON COUNTY,239,16 Years,194,97,97,91,44,47,16,10,6,0,0,0,3,1,2,84,42,42
JACKSON COUNTY,239,17 Years,176,90,86,92,46,46,16,9,7,0,0,0,1,0,1,67,35,32
JACKSON COUNTY,239,18 Years,183,104,79,85,48,37,11,7,4,0,0,0,1,1,0,86,48,38
JACKSON COUNTY,239,19 Years,177,101,76,74,42,32,11,5,6,1,0,1,2,1,1,89,53,36
JACKSON COUNTY,239,20 Years,141,79,62,67,36,31,7,3,4,0,0,0,2,1,1,65,39,26
JACKSON COUNTY,239,21 Years,158,94,64,75,43,32,13,7,6,0,0,0,2,2,0,68,42,26
JACKSON COUNTY,239,22 Years,179,99,80,80,45,35,15,8,7,0,0,0,1,1,0,83,45,38
JACKSON COUNTY,239,23 Years,172,89,83,79,42,37,13,6,7,0,0,0,2,1,1,78,40,38
JACKSON COUNTY,239,24 Years,162,88,74,76,44,32,14,7,7,2,0,2,3,1,2,67,36,31
JACKSON COUNTY,239,25 Years,164,88,76,79,40,39,17,11,6,1,0,1,3,2,1,64,35,29
JACKSON COUNTY,239,26 Years,195,108,87,98,55,43,20,12,8,1,0,1,2,2,0,74,39,35
JACKSON COUNTY,239,27 Years,220,110,110,116,51,65,17,9,8,1,0,1,3,2,1,83,48,35
JACKSON COUNTY,239,28 Years,212,96,116,116,44,72,15,8,7,1,1,0,4,4,0,76,39,37
JACKSON COUNTY,239,29 Years,183,80,103,94,35,59,11,7,4,1,0,1,3,1,2,74,37,37
JACKSON COUNTY,239,30 Years,171,92,79,92,50,42,11,7,4,1,0,1,2,1,1,65,34,31
JACKSON COUNTY,239,31 Years,174,89,85,90,48,42,12,5,7,2,2,0,2,1,1,68,33,35
JACKSON COUNTY,239,32 Years,171,85,86,91,49,42,9,1,8,1,1,0,0,0,0,70,34,36
JACKSON COUNTY,239,33 Years,189,97,92,96,46,50,8,4,4,1,0,1,1,0,1,83,47,36
JACKSON COUNTY,239,34 Years,176,91,85,87,44,43,6,3,3,0,0,0,2,1,1,81,43,38
JACKSON COUNTY,239,35 Years,178,89,89,99,48,51,8,4,4,0,0,0,2,1,1,69,36,33
JACKSON COUNTY,239,36 Years,203,104,99,111,55,56,10,3,7,1,0,1,1,0,1,80,46,34
JACKSON COUNTY,239,37 Years,192,100,92,105,56,49,11,2,9,1,0,1,1,0,1,74,42,32
JACKSON COUNTY,239,38 Years,194,98,96,103,53,50,10,3,7,0,0,0,1,0,1,80,42,38
JACKSON COUNTY,239,39 Years,187,94,93,98,47,51,7,5,2,0,0,0,0,0,0,82,42,40
JACKSON COUNTY,239,40 Years,195,103,92,110,59,51,11,5,6,0,0,0,1,0,1,73,39,34
JACKSON COUNTY,239,41 Years,184,91,93,106,50,56,11,4,7,0,0,0,2,1,1,65,36,29
JACKSON COUNTY,239,42 Years,162,83,79,88,44,44,8,2,6,0,0,0,1,0,1,65,37,28
JACKSON COUNTY,239,43 Years,143,67,76,88,44,44,6,3,3,0,0,0,0,0,0,49,20,29
JACKSON COUNTY,239,44 Years,161,90,71,94,50,44,6,4,2,1,0,1,0,0,0,60,36,24
JACKSON COUNTY,239,45 Years,152,70,82,84,39,45,8,3,5,0,0,0,0,0,0,60,28,32
JACKSON COUNTY,239,46 Years,166,81,85,96,43,53,9,6,3,1,0,1,1,1,0,59,31,28
JACKSON COUNTY,239,47 Years,165,78,87,105,46,59,7,4,3,0,0,0,2,2,0,51,26,25
JACKSON COUNTY,239,48 Years,148,75,73,95,46,49,10,7,3,0,0,0,1,1,0,42,21,21
JACKSON COUNTY,239,49 Years,136,73,63,83,44,39,7,2,5,0,0,0,3,2,1,43,25,18
JACKSON COUNTY,239,50 Years,144,80,64,85,44,41,7,3,4,0,0,0,1,0,1,51,33,18
JACKSON COUNTY,239,51 Years,148,80,68,89,45,44,10,4,6,2,1,1,1,1,0,46,29,17
JACKSON COUNTY,239,52 Years,130,67,63,85,43,42,9,5,4,1,0,1,0,0,0,35,19,16
JACKSON COUNTY,239,53 Years,159,82,77,100,53,47,9,4,5,0,0,0,2,1,1,48,24,24
JACKSON COUNTY,239,54 Years,181,91,90,107,53,54,10,2,8,1,1,0,2,2,0,61,33,28
JACKSON COUNTY,239,55 Years,181,85,96,112,49,63,16,7,9,2,1,1,1,1,0,50,27,23
JACKSON COUNTY,239,56 Years,178,93,85,113,56,57,14,7,7,0,0,0,2,1,1,49,29,20
JACKSON COUNTY,239,57 Years,177,85,92,118,55,63,8,2,6,1,1,0,1,1,0,49,26,23
JACKSON COUNTY,239,58 Years,189,97,92,128,66,62,12,5,7,1,1,0,3,1,2,45,24,21
JACKSON COUNTY,239,59 Years,170,91,79,115,62,53,10,5,5,1,1,0,1,0,1,43,23,20
JACKSON COUNTY,239,60 Years,175,89,86,123,63,60,14,4,10,0,0,0,0,0,0,38,22,16
JACKSON COUNTY,239,61 Years,186,87,99,130,60,70,13,4,9,1,0,1,1,1,0,41,22,19
JACKSON COUNTY,239,62 Years,162,79,83,106,52,54,10,5,5,2,0,2,2,1,1,42,21,21
JACKSON COUNTY,239,63 Years,177,80,97,123,54,69,11,6,5,0,0,0,1,0,1,42,20,22
JACKSON COUNTY,239,64 Years,182,85,97,129,56,73,15,8,7,0,0,0,1,1,0,37,20,17
JACKSON COUNTY,239,65 Years,170,75,95,119,50,69,14,6,8,0,0,0,3,1,2,34,18,16
JACKSON COUNTY,239,66 Years,169,84,85,116,61,55,13,4,9,0,0,0,3,2,1,37,17,20
JACKSON COUNTY,239,67 Years,162,91,71,111,62,49,14,8,6,1,1,0,2,2,0,34,18,16
JACKSON COUNTY,239,68 Years,163,84,79,110,56,54,17,8,9,2,2,0,2,1,1,32,17,15
JACKSON COUNTY,239,69 Years,146,75,71,101,54,47,13,5,8,0,0,0,2,0,2,30,16,14
JACKSON COUNTY,239,70 Years,120,56,64,79,38,41,14,7,7,0,0,0,3,1,2,24,10,14
JACKSON COUNTY,239,71 Years,124,66,58,91,46,45,7,4,3,1,0,1,2,1,1,23,15,8
JACKSON COUNTY,239,72 Years,125,63,62,94,42,52,9,5,4,0,0,0,3,2,1,19,14,5
JACKSON COUNTY,239,73 Years,126,64,62,91,44,47,8,5,3,0,0,0,0,0,0,27,15,12
JACKSON COUNTY,239,74 Years,111,57,54,81,40,41,7,5,2,0,0,0,2,2,0,21,10,11
JACKSON COUNTY,239,75 Years,114,58,56,81,39,42,8,4,4,0,0,0,1,1,0,24,14,10
JACKSON COUNTY,239,76 Years,115,49,66,86,36,50,6,3,3,0,0,0,1,1,0,22,9,13
JACKSON COUNTY,239,77 Years,104,44,60,86,38,48,3,1,2,1,0,1,1,0,1,13,5,8
JACKSON COUNTY,239,78 Years,100,46,54,79,37,42,4,1,3,0,0,0,2,0,2,15,8,7
JACKSON COUNTY,239,79 Years,88,39,49,66,29,37,7,3,4,0,0,0,0,0,0,15,7,8
JACKSON COUNTY,239,80 Years,79,37,42,57,27,30,5,1,4,1,0,1,1,0,1,15,9,6
JACKSON COUNTY,239,81 Years,74,37,37,55,26,29,2,1,1,0,0,0,1,0,1,16,10,6
JACKSON COUNTY,239,82 Years,64,24,40,48,17,31,2,0,2,0,0,0,1,0,1,13,7,6
JACKSON COUNTY,239,83 Years,69,28,41,51,20,31,4,2,2,0,0,0,0,0,0,14,6,8
JACKSON COUNTY,239,84 Years,59,28,31,41,20,21,5,3,2,0,0,0,1,0,1,12,5,7
JACKSON COUNTY,239,85 Years,54,21,33,35,14,21,6,3,3,1,1,0,1,0,1,11,3,8
JACKSON COUNTY,239,86 Years,56,19,37,39,14,25,6,1,5,1,1,0,1,0,1,9,3,6
JACKSON COUNTY,239,87 Years,49,18,31,35,13,22,4,1,3,1,0,1,0,0,0,9,4,5
JACKSON COUNTY,239,88 Years,47,20,27,35,16,19,5,2,3,0,0,0,0,0,0,7,2,5
JACKSON COUNTY,239,89 Years,35,15,20,24,11,13,4,1,3,0,0,0,0,0,0,7,3,4
JACKSON COUNTY,239,90 Years,34,12,22,22,8,14,4,1,3,0,0,0,1,0,1,7,3,4
JACKSON COUNTY,239,91 Years,26,11,15,17,8,9,2,0,2,0,0,0,0,0,0,7,3,4
JACKSON COUNTY,239,92 Years,18,5,13,11,4,7,4,1,3,0,0,0,0,0,0,3,0,3
JACKSON COUNTY,239,93 Years,17,7,10,11,5,6,3,1,2,0,0,0,0,0,0,3,1,2
JACKSON COUNTY,239,94 Years,16,5,11,9,2,7,2,1,1,0,0,0,0,0,0,5,2,3
JACKSON COUNTY,239,95 Years +,36,12,24,24,9,15,5,1,4,0,0,0,0,0,0,7,2,5
JASPER COUNTY,241,All Ages,35726,17810,17916,26215,12965,13250,5770,2798,2972,220,111,109,897,420,477,2624,1516,1108
JASPER COUNTY,241,< 1 Year,422,217,205,277,144,133,82,43,39,2,1,1,24,9,15,37,20,17
JASPER COUNTY,241,1 Years,437,228,209,288,152,136,85,45,40,1,1,0,26,12,14,37,18,19
JASPER COUNTY,241,2 Years,450,232,218,294,157,137,82,43,39,1,1,0,30,10,20,43,21,22
JASPER COUNTY,241,3 Years,474,240,234,312,161,151,81,43,38,1,1,0,30,12,18,50,23,27
JASPER COUNTY,241,4 Years,458,235,223,293,154,139,79,41,38,1,1,0,34,14,20,51,25,26
JASPER COUNTY,241,5 Years,471,244,227,302,157,145,78,38,40,1,1,0,37,23,14,53,25,28
JASPER COUNTY,241,6 Years,451,241,210,283,151,132,82,43,39,1,1,0,36,21,15,49,25,24
JASPER COUNTY,241,7 Years,472,251,221,306,157,149,85,45,40,2,2,0,29,18,11,50,29,21
JASPER COUNTY,241,8 Years,480,251,229,310,158,152,91,49,42,1,0,1,26,15,11,52,29,23
JASPER COUNTY,241,9 Years,521,248,273,337,163,174,99,44,55,1,0,1,26,11,15,58,30,28
JASPER COUNTY,241,10 Years,470,232,238,289,142,147,97,53,44,2,0,2,28,11,17,54,26,28
JASPER COUNTY,241,11 Years,465,226,239,297,144,153,94,47,47,4,2,2,22,9,13,48,24,24
JASPER COUNTY,241,12 Years,483,247,236,308,161,147,94,48,46,5,3,2,22,7,15,54,28,26
JASPER COUNTY,241,13 Years,454,236,218,292,159,133,85,43,42,4,3,1,17,4,13,56,27,29
JASPER COUNTY,241,14 Years,479,257,222,299,162,137,91,47,44,1,1,0,25,11,14,63,36,27
JASPER COUNTY,241,15 Years,491,262,229,307,168,139,96,47,49,5,2,3,21,9,12,62,36,26
JASPER COUNTY,241,16 Years,447,232,215,293,157,136,80,39,41,1,0,1,20,8,12,53,28,25
JASPER COUNTY,241,17 Years,419,228,191,279,149,130,74,40,34,3,1,2,17,10,7,46,28,18
JASPER COUNTY,241,18 Years,410,215,195,260,140,120,72,37,35,5,1,4,17,11,6,56,26,30
JASPER COUNTY,241,19 Years,363,182,181,233,120,113,56,32,24,3,1,2,18,6,12,53,23,30
JASPER COUNTY,241,20 Years,339,173,166,217,110,107,65,35,30,2,1,1,12,5,7,43,22,21
JASPER COUNTY,241,21 Years,331,184,147,214,117,97,64,33,31,3,2,1,14,7,7,36,25,11
JASPER COUNTY,241,22 Years,373,203,170,234,126,108,75,39,36,2,1,1,18,10,8,44,27,17
JASPER COUNTY,241,23 Years,390,185,205,244,119,125,84,41,43,3,0,3,14,5,9,45,20,25
JASPER COUNTY,241,24 Years,432,226,206,275,139,136,88,44,44,3,2,1,21,13,8,45,28,17
JASPER COUNTY,241,25 Years,433,232,201,284,153,131,91,45,46,2,1,1,17,8,9,39,25,14
JASPER COUNTY,241,26 Years,483,266,217,330,180,150,92,50,42,2,1,1,13,6,7,46,29,17
JASPER COUNTY,241,27 Years,463,240,223,316,162,154,90,41,49,1,1,0,14,7,7,42,29,13
JASPER COUNTY,241,28 Years,459,241,218,311,154,157,85,45,40,1,1,0,11,5,6,51,36,15
JASPER COUNTY,241,29 Years,447,230,217,327,160,167,72,39,33,1,1,0,6,2,4,41,28,13
JASPER COUNTY,241,30 Years,425,234,191,325,167,158,62,40,22,0,0,0,8,6,2,30,21,9
JASPER COUNTY,241,31 Years,430,222,208,322,160,162,70,37,33,1,1,0,3,2,1,34,22,12
JASPER COUNTY,241,32 Years,403,194,209,303,143,160,61,28,33,1,0,1,4,2,2,34,21,13
JASPER COUNTY,241,33 Years,400,197,203,285,132,153,69,36,33,1,1,0,8,4,4,37,24,13
JASPER COUNTY,241,34 Years,429,216,213,303,146,157,77,38,39,2,0,2,3,1,2,44,31,13
JASPER COUNTY,241,35 Years,415,218,197,289,147,142,80,39,41,3,3,0,2,2,0,41,27,14
JASPER COUNTY,241,36 Years,432,233,199,302,152,150,73,39,34,6,4,2,6,3,3,45,35,10
JASPER COUNTY,241,37 Years,404,211,193,281,144,137,70,33,37,4,2,2,5,3,2,44,29,15
JASPER COUNTY,241,38 Years,422,197,225,295,139,156,77,32,45,1,0,1,5,2,3,44,24,20
JASPER COUNTY,241,39 Years,428,214,214,304,144,160,72,38,34,4,2,2,5,3,2,43,27,16
JASPER COUNTY,241,40 Years,380,198,182,275,135,140,58,36,22,3,1,2,5,3,2,39,23,16
JASPER COUNTY,241,41 Years,374,182,192,261,121,140,70,35,35,2,1,1,3,1,2,38,24,14
JASPER COUNTY,241,42 Years,368,184,184,248,122,126,77,37,40,4,0,4,6,3,3,33,22,11
JASPER COUNTY,241,43 Years,372,195,177,265,142,123,66,29,37,4,1,3,5,1,4,32,22,10
JASPER COUNTY,241,44 Years,365,176,189,267,124,143,56,29,27,4,3,1,6,1,5,32,19,13
JASPER COUNTY,241,45 Years,357,182,175,266,132,134,50,27,23,4,3,1,4,1,3,33,19,14
JASPER COUNTY,241,46 Years,347,174,173,261,131,130,55,26,29,1,1,0,3,2,1,27,14,13
JASPER COUNTY,241,47 Years,398,180,218,306,141,165,58,24,34,3,1,2,4,1,3,27,13,14
JASPER COUNTY,241,48 Years,442,233,209,339,174,165,54,26,28,11,7,4,7,3,4,31,23,8
JASPER COUNTY,241,49 Years,428,208,220,330,157,173,60,26,34,5,3,2,7,4,3,26,18,8
JASPER COUNTY,241,50 Years,443,223,220,352,173,179,60,29,31,7,4,3,2,1,1,22,16,6
JASPER COUNTY,241,51 Years,451,242,209,354,193,161,68,32,36,5,2,3,5,4,1,19,11,8
JASPER COUNTY,241,52 Years,427,212,215,324,162,162,66,29,37,5,2,3,5,3,2,27,16,11
JASPER COUNTY,241,53 Years,433,215,218,336,170,166,66,27,39,4,2,2,6,4,2,21,12,9
JASPER COUNTY,241,54 Years,478,234,244,372,177,195,78,40,38,4,2,2,7,3,4,17,12,5
JASPER COUNTY,241,55 Years,485,241,244,376,182,194,74,38,36,4,2,2,4,1,3,27,18,9
JASPER COUNTY,241,56 Years,495,233,262,394,187,207,74,33,41,2,0,2,6,1,5,19,12,7
JASPER COUNTY,241,57 Years,527,274,253,411,212,199,82,38,44,4,3,1,4,2,2,26,19,7
JASPER COUNTY,241,58 Years,517,261,256,404,212,192,87,33,54,3,1,2,2,1,1,21,14,7
JASPER COUNTY,241,59 Years,499,242,257,392,194,198,84,33,51,5,3,2,2,2,0,16,10,6
JASPER COUNTY,241,60 Years,462,242,220,359,188,171,83,42,41,2,1,1,3,2,1,15,9,6
JASPER COUNTY,241,61 Years,500,231,269,415,193,222,64,27,37,4,1,3,3,2,1,14,8,6
JASPER COUNTY,241,62 Years,525,253,272,415,205,210,88,39,49,5,2,3,5,2,3,12,5,7
JASPER COUNTY,241,63 Years,463,232,231,354,180,174,85,41,44,3,3,0,6,3,3,15,5,10
JASPER COUNTY,241,64 Years,464,225,239,371,182,189,68,29,39,2,2,0,4,2,2,19,10,9
JASPER COUNTY,241,65 Years,489,238,251,401,194,207,72,35,37,3,2,1,2,1,1,11,6,5
JASPER COUNTY,241,66 Years,451,213,238,375,174,201,59,30,29,3,2,1,3,2,1,11,5,6
JASPER COUNTY,241,67 Years,404,197,207,336,164,172,52,26,26,1,0,1,5,2,3,10,5,5
JASPER COUNTY,241,68 Years,417,192,225,355,165,190,44,20,24,2,0,2,6,3,3,10,4,6
JASPER COUNTY,241,69 Years,446,213,233,377,178,199,53,28,25,1,0,1,6,2,4,9,5,4
JASPER COUNTY,241,70 Years,422,191,231,353,152,201,52,28,24,4,3,1,4,2,2,9,6,3
JASPER COUNTY,241,71 Years,410,186,224,348,156,192,47,25,22,4,1,3,3,1,2,8,3,5
JASPER COUNTY,241,72 Years,404,202,202,341,177,164,45,17,28,3,0,3,9,6,3,6,2,4
JASPER COUNTY,241,73 Years,333,164,169,283,144,139,36,13,23,1,0,1,6,4,2,7,3,4
JASPER COUNTY,241,74 Years,337,157,180,288,140,148,36,12,24,0,0,0,4,2,2,9,3,6
JASPER COUNTY,241,75 Years,329,146,183,279,127,152,34,13,21,2,1,1,5,2,3,9,3,6
JASPER COUNTY,241,76 Years,325,163,162,273,137,136,36,17,19,1,1,0,8,3,5,7,5,2
JASPER COUNTY,241,77 Years,273,124,149,236,109,127,30,11,19,1,0,1,3,2,1,3,2,1
JASPER COUNTY,241,78 Years,232,105,127,195,88,107,27,10,17,0,0,0,2,0,2,8,7,1
JASPER COUNTY,241,79 Years,241,108,133,206,95,111,29,9,20,0,0,0,2,1,1,4,3,1
JASPER COUNTY,241,80 Years,227,93,134,192,82,110,28,8,20,2,1,1,2,1,1,3,1,2
JASPER COUNTY,241,81 Years,186,76,110,158,68,90,24,7,17,0,0,0,1,0,1,3,1,2
JASPER COUNTY,241,82 Years,163,72,91,138,61,77,16,3,13,1,1,0,2,2,0,6,5,1
JASPER COUNTY,241,83 Years,162,71,91,143,64,79,14,3,11,1,1,0,1,1,0,3,2,1
JASPER COUNTY,241,84 Years,158,64,94,141,59,82,11,3,8,1,0,1,2,0,2,3,2,1
JASPER COUNTY,241,85 Years,139,60,79,122,56,66,15,4,11,0,0,0,1,0,1,1,0,1
JASPER COUNTY,241,86 Years,119,53,66,107,50,57,10,3,7,0,0,0,1,0,1,1,0,1
JASPER COUNTY,241,87 Years,102,43,59,88,38,50,9,4,5,0,0,0,1,0,1,4,1,3
JASPER COUNTY,241,88 Years,97,42,55,81,35,46,10,4,6,0,0,0,1,1,0,5,2,3
JASPER COUNTY,241,89 Years,90,36,54,77,29,48,8,4,4,0,0,0,2,1,1,3,2,1
JASPER COUNTY,241,90 Years,71,26,45,59,21,38,7,3,4,1,0,1,1,0,1,3,2,1
JASPER COUNTY,241,91 Years,63,22,41,54,18,36,7,3,4,0,0,0,1,0,1,1,1,0
JASPER COUNTY,241,92 Years,50,16,34,43,14,29,5,2,3,0,0,0,1,0,1,1,0,1
JASPER COUNTY,241,93 Years,35,13,22,27,10,17,5,1,4,0,0,0,1,0,1,2,2,0
JASPER COUNTY,241,94 Years,31,11,20,25,8,17,5,2,3,0,0,0,0,0,0,1,1,0
JASPER COUNTY,241,95 Years +,65,21,44,47,13,34,13,6,7,0,0,0,3,1,2,2,1,1
JEFF DAVIS COUNTY,243,All Ages,2411,1186,1225,1357,641,716,9,7,2,7,2,5,57,33,24,981,503,478
JEFF DAVIS COUNTY,243,< 1 Year,26,12,14,3,3,0,0,0,0,0,0,0,0,0,0,23,9,14
JEFF DAVIS COUNTY,243,1 Years,21,14,7,3,3,0,0,0,0,0,0,0,0,0,0,18,11,7
JEFF DAVIS COUNTY,243,2 Years,20,9,11,3,0,3,0,0,0,0,0,0,0,0,0,17,9,8
JEFF DAVIS COUNTY,243,3 Years,14,8,6,2,2,0,0,0,0,0,0,0,3,1,2,9,5,4
JEFF DAVIS COUNTY,243,4 Years,13,5,8,1,0,1,0,0,0,0,0,0,3,1,2,9,4,5
JEFF DAVIS COUNTY,243,5 Years,14,5,9,3,0,3,0,0,0,0,0,0,0,0,0,11,5,6
JEFF DAVIS COUNTY,243,6 Years,12,5,7,3,0,3,0,0,0,0,0,0,0,0,0,9,5,4
JEFF DAVIS COUNTY,243,7 Years,17,8,9,3,0,3,0,0,0,0,0,0,0,0,0,14,8,6
JEFF DAVIS COUNTY,243,8 Years,20,11,9,3,0,3,0,0,0,0,0,0,0,0,0,17,11,6
JEFF DAVIS COUNTY,243,9 Years,15,11,4,2,2,0,2,2,0,0,0,0,1,1,0,10,6,4
JEFF DAVIS COUNTY,243,10 Years,14,8,6,5,2,3,0,0,0,0,0,0,1,1,0,8,5,3
JEFF DAVIS COUNTY,243,11 Years,13,7,6,5,2,3,0,0,0,0,0,0,0,0,0,8,5,3
JEFF DAVIS COUNTY,243,12 Years,11,4,7,5,2,3,0,0,0,0,0,0,0,0,0,6,2,4
JEFF DAVIS COUNTY,243,13 Years,13,6,7,6,2,4,0,0,0,0,0,0,0,0,0,7,4,3
JEFF DAVIS COUNTY,243,14 Years,13,7,6,4,2,2,0,0,0,0,0,0,0,0,0,9,5,4
JEFF DAVIS COUNTY,243,15 Years,29,16,13,16,9,7,1,0,1,0,0,0,1,0,1,11,7,4
JEFF DAVIS COUNTY,243,16 Years,42,27,15,28,18,10,1,1,0,0,0,0,1,0,1,12,8,4
JEFF DAVIS COUNTY,243,17 Years,64,39,25,41,25,16,2,2,0,0,0,0,5,3,2,16,9,7
JEFF DAVIS COUNTY,243,18 Years,24,13,11,14,7,7,0,0,0,0,0,0,0,0,0,10,6,4
JEFF DAVIS COUNTY,243,19 Years,16,10,6,7,4,3,0,0,0,0,0,0,0,0,0,9,6,3
JEFF DAVIS COUNTY,243,20 Years,17,8,9,5,2,3,0,0,0,0,0,0,2,2,0,10,4,6
JEFF DAVIS COUNTY,243,21 Years,18,8,10,7,3,4,0,0,0,0,0,0,1,1,0,10,4,6
JEFF DAVIS COUNTY,243,22 Years,17,7,10,6,2,4,0,0,0,0,0,0,0,0,0,11,5,6
JEFF DAVIS COUNTY,243,23 Years,19,8,11,10,4,6,0,0,0,0,0,0,0,0,0,9,4,5
JEFF DAVIS COUNTY,243,24 Years,21,9,12,8,3,5,1,0,1,1,0,1,0,0,0,11,6,5
JEFF DAVIS COUNTY,243,25 Years,22,9,13,7,3,4,0,0,0,1,0,1,0,0,0,14,6,8
JEFF DAVIS COUNTY,243,26 Years,26,12,14,11,4,7,0,0,0,0,0,0,1,0,1,14,8,6
JEFF DAVIS COUNTY,243,27 Years,24,13,11,12,8,4,0,0,0,0,0,0,1,0,1,11,5,6
JEFF DAVIS COUNTY,243,28 Years,14,7,7,5,3,2,0,0,0,0,0,0,0,0,0,9,4,5
JEFF DAVIS COUNTY,243,29 Years,13,8,5,5,4,1,0,0,0,0,0,0,0,0,0,8,4,4
JEFF DAVIS COUNTY,243,30 Years,17,9,8,9,4,5,0,0,0,0,0,0,1,0,1,7,5,2
JEFF DAVIS COUNTY,243,31 Years,18,11,7,7,5,2,0,0,0,0,0,0,0,0,0,11,6,5
JEFF DAVIS COUNTY,243,32 Years,16,9,7,6,4,2,0,0,0,0,0,0,0,0,0,10,5,5
JEFF DAVIS COUNTY,243,33 Years,13,9,4,3,3,0,0,0,0,0,0,0,0,0,0,10,6,4
JEFF DAVIS COUNTY,243,34 Years,13,7,6,3,1,2,0,0,0,0,0,0,1,1,0,9,5,4
JEFF DAVIS COUNTY,243,35 Years,15,7,8,6,2,4,0,0,0,0,0,0,0,0,0,9,5,4
JEFF DAVIS COUNTY,243,36 Years,25,9,16,9,5,4,0,0,0,1,1,0,0,0,0,15,3,12
JEFF DAVIS COUNTY,243,37 Years,27,8,19,8,4,4,0,0,0,0,0,0,0,0,0,19,4,15
JEFF DAVIS COUNTY,243,38 Years,28,7,21,6,2,4,0,0,0,0,0,0,0,0,0,22,5,17
JEFF DAVIS COUNTY,243,39 Years,19,9,10,5,3,2,0,0,0,0,0,0,0,0,0,14,6,8
JEFF DAVIS COUNTY,243,40 Years,17,11,6,5,3,2,1,1,0,0,0,0,0,0,0,11,7,4
JEFF DAVIS COUNTY,243,41 Years,18,9,9,7,3,4,0,0,0,0,0,0,2,0,2,9,6,3
JEFF DAVIS COUNTY,243,42 Years,17,10,7,11,7,4,0,0,0,0,0,0,1,0,1,5,3,2
JEFF DAVIS COUNTY,243,43 Years,19,9,10,14,6,8,0,0,0,0,0,0,0,0,0,5,3,2
JEFF DAVIS COUNTY,243,44 Years,15,5,10,8,3,5,0,0,0,0,0,0,0,0,0,7,2,5
JEFF DAVIS COUNTY,243,45 Years,15,7,8,11,5,6,0,0,0,0,0,0,0,0,0,4,2,2
JEFF DAVIS COUNTY,243,46 Years,23,9,14,15,6,9,0,0,0,0,0,0,0,0,0,8,3,5
JEFF DAVIS COUNTY,243,47 Years,24,10,14,11,5,6,0,0,0,0,0,0,0,0,0,13,5,8
JEFF DAVIS COUNTY,243,48 Years,17,8,9,8,2,6,0,0,0,0,0,0,0,0,0,9,6,3
JEFF DAVIS COUNTY,243,49 Years,29,15,14,13,4,9,0,0,0,0,0,0,1,1,0,15,10,5
JEFF DAVIS COUNTY,243,50 Years,25,11,14,11,3,8,0,0,0,0,0,0,2,2,0,12,6,6
JEFF DAVIS COUNTY,243,51 Years,25,14,11,12,6,6,0,0,0,0,0,0,2,2,0,11,6,5
JEFF DAVIS COUNTY,243,52 Years,20,12,8,11,8,3,0,0,0,0,0,0,1,1,0,8,3,5
JEFF DAVIS COUNTY,243,53 Years,29,14,15,21,9,12,0,0,0,0,0,0,0,0,0,8,5,3
JEFF DAVIS COUNTY,243,54 Years,36,18,18,21,10,11,0,0,0,0,0,0,2,2,0,13,6,7
JEFF DAVIS COUNTY,243,55 Years,40,21,19,27,14,13,0,0,0,0,0,0,0,0,0,13,7,6
JEFF DAVIS COUNTY,243,56 Years,42,21,21,26,14,12,0,0,0,0,0,0,3,0,3,13,7,6
JEFF DAVIS COUNTY,243,57 Years,34,16,18,23,12,11,0,0,0,0,0,0,1,0,1,10,4,6
JEFF DAVIS COUNTY,243,58 Years,47,25,22,22,9,13,0,0,0,0,0,0,1,0,1,24,16,8
JEFF DAVIS COUNTY,243,59 Years,45,25,20,25,14,11,0,0,0,0,0,0,3,2,1,17,9,8
JEFF DAVIS COUNTY,243,60 Years,38,19,19,26,12,14,0,0,0,1,0,1,1,1,0,10,6,4
JEFF DAVIS COUNTY,243,61 Years,45,21,24,31,16,15,0,0,0,0,0,0,1,0,1,13,5,8
JEFF DAVIS COUNTY,243,62 Years,49,26,23,33,16,17,0,0,0,0,0,0,1,1,0,15,9,6
JEFF DAVIS COUNTY,243,63 Years,47,21,26,34,15,19,0,0,0,0,0,0,0,0,0,13,6,7
JEFF DAVIS COUNTY,243,64 Years,56,25,31,46,19,27,1,1,0,0,0,0,1,1,0,8,4,4
JEFF DAVIS COUNTY,243,65 Years,50,20,30,40,16,24,0,0,0,0,0,0,1,1,0,9,3,6
JEFF DAVIS COUNTY,243,66 Years,52,21,31,39,15,24,0,0,0,0,0,0,1,0,1,12,6,6
JEFF DAVIS COUNTY,243,67 Years,59,23,36,46,16,30,0,0,0,0,0,0,2,1,1,11,6,5
JEFF DAVIS COUNTY,243,68 Years,51,26,25,39,19,20,0,0,0,0,0,0,0,0,0,12,7,5
JEFF DAVIS COUNTY,243,69 Years,46,21,25,38,16,22,0,0,0,0,0,0,0,0,0,8,5,3
JEFF DAVIS COUNTY,243,70 Years,55,29,26,44,22,22,0,0,0,0,0,0,1,1,0,10,6,4
JEFF DAVIS COUNTY,243,71 Years,54,29,25,38,18,20,0,0,0,0,0,0,0,0,0,16,11,5
JEFF DAVIS COUNTY,243,72 Years,47,23,24,33,15,18,0,0,0,0,0,0,1,1,0,13,7,6
JEFF DAVIS COUNTY,243,73 Years,33,18,15,22,13,9,0,0,0,0,0,0,0,0,0,11,5,6
JEFF DAVIS COUNTY,243,74 Years,39,18,21,29,14,15,0,0,0,1,0,1,0,0,0,9,4,5
JEFF DAVIS COUNTY,243,75 Years,42,22,20,30,12,18,0,0,0,0,0,0,2,2,0,10,8,2
JEFF DAVIS COUNTY,243,76 Years,29,19,10,18,10,8,0,0,0,1,1,0,0,0,0,10,8,2
JEFF DAVIS COUNTY,243,77 Years,24,11,13,18,7,11,0,0,0,1,0,1,0,0,0,5,4,1
JEFF DAVIS COUNTY,243,78 Years,25,15,10,13,7,6,0,0,0,0,0,0,2,2,0,10,6,4
JEFF DAVIS COUNTY,243,79 Years,26,16,10,16,11,5,0,0,0,0,0,0,1,1,0,9,4,5
JEFF DAVIS COUNTY,243,80 Years,20,12,8,10,7,3,0,0,0,0,0,0,0,0,0,10,5,5
JEFF DAVIS COUNTY,243,81 Years,20,11,9,9,6,3,0,0,0,0,0,0,0,0,0,11,5,6
JEFF DAVIS COUNTY,243,82 Years,19,11,8,10,6,4,0,0,0,0,0,0,0,0,0,9,5,4
JEFF DAVIS COUNTY,243,83 Years,15,6,9,9,4,5,0,0,0,0,0,0,0,0,0,6,2,4
JEFF DAVIS COUNTY,243,84 Years,17,9,8,9,5,4,0,0,0,0,0,0,0,0,0,8,4,4
JEFF DAVIS COUNTY,243,85 Years,13,7,6,8,5,3,0,0,0,0,0,0,0,0,0,5,2,3
JEFF DAVIS COUNTY,243,86 Years,10,5,5,8,4,4,0,0,0,0,0,0,0,0,0,2,1,1
JEFF DAVIS COUNTY,243,87 Years,12,3,9,8,3,5,0,0,0,0,0,0,0,0,0,4,0,4
JEFF DAVIS COUNTY,243,88 Years,16,5,11,9,3,6,0,0,0,0,0,0,1,0,1,6,2,4
JEFF DAVIS COUNTY,243,89 Years,9,5,4,6,3,3,0,0,0,0,0,0,0,0,0,3,2,1
JEFF DAVIS COUNTY,243,90 Years,11,2,9,8,2,6,0,0,0,0,0,0,0,0,0,3,0,3
JEFF DAVIS COUNTY,243,91 Years,10,3,7,9,3,6,0,0,0,0,0,0,0,0,0,1,0,1
JEFF DAVIS COUNTY,243,92 Years,9,3,6,7,2,5,0,0,0,0,0,0,0,0,0,2,1,1
JEFF DAVIS COUNTY,243,93 Years,7,2,5,3,0,3,0,0,0,0,0,0,0,0,0,4,2,2
JEFF DAVIS COUNTY,243,94 Years,8,4,4,4,1,3,0,0,0,0,0,0,0,0,0,4,3,1
JEFF DAVIS COUNTY,243,95 Years +,18,6,12,10,3,7,0,0,0,0,0,0,0,0,0,8,3,5
JEFFERSON COUNTY,245,All Ages,251590,129544,122046,99976,50760,49216,83113,41333,41780,10474,5383,5091,4979,2537,2442,53048,29531,23517
JEFFERSON COUNTY,245,< 1 Year,3318,1711,1607,839,434,405,1180,608,572,92,47,45,130,61,69,1077,561,516
JEFFERSON COUNTY,245,1 Years,3305,1695,1610,842,432,410,1163,590,573,100,52,48,136,67,69,1064,554,510
JEFFERSON COUNTY,245,2 Years,3388,1735,1653,911,458,453,1180,599,581,105,58,47,138,72,66,1054,548,506
JEFFERSON COUNTY,245,3 Years,3510,1791,1719,957,475,482,1213,621,592,129,70,59,149,78,71,1062,547,515
JEFFERSON COUNTY,245,4 Years,3559,1822,1737,992,503,489,1227,631,596,137,73,64,148,81,67,1055,534,521
JEFFERSON COUNTY,245,5 Years,3554,1806,1748,975,487,488,1221,627,594,146,74,72,146,77,69,1066,541,525
JEFFERSON COUNTY,245,6 Years,3443,1748,1695,970,488,482,1167,591,576,144,76,68,137,72,65,1025,521,504
JEFFERSON COUNTY,245,7 Years,3388,1696,1692,972,481,491,1124,556,568,145,78,67,133,68,65,1014,513,501
JEFFERSON COUNTY,245,8 Years,3392,1707,1685,999,500,499,1123,556,567,145,78,67,130,70,60,995,503,492
JEFFERSON COUNTY,245,9 Years,3276,1680,1596,969,513,456,1100,551,549,133,69,64,116,58,58,958,489,469
JEFFERSON COUNTY,245,10 Years,3326,1676,1650,983,503,480,1170,592,578,114,65,49,103,50,53,956,466,490
JEFFERSON COUNTY,245,11 Years,3301,1616,1685,932,456,476,1163,567,596,118,62,56,109,53,56,979,478,501
JEFFERSON COUNTY,245,12 Years,3280,1665,1615,948,477,471,1148,597,551,116,58,58,96,49,47,972,484,488
JEFFERSON COUNTY,245,13 Years,3046,1542,1504,867,437,430,1106,553,553,101,48,53,102,53,49,870,451,419
JEFFERSON COUNTY,245,14 Years,2957,1532,1425,791,415,376,1072,525,547,111,58,53,98,50,48,885,484,401
JEFFERSON COUNTY,245,15 Years,2819,1484,1335,768,415,353,1010,497,513,106,56,50,96,55,41,839,461,378
JEFFERSON COUNTY,245,16 Years,2915,1525,1390,793,408,385,986,520,466,134,74,60,112,52,60,890,471,419
JEFFERSON COUNTY,245,17 Years,2973,1543,1430,897,441,456,921,496,425,130,74,56,112,62,50,913,470,443
JEFFERSON COUNTY,245,18 Years,3185,1667,1518,934,469,465,1066,557,509,143,66,77,122,70,52,920,505,415
JEFFERSON COUNTY,245,19 Years,3583,1831,1752,1114,566,548,1282,639,643,146,70,76,119,66,53,922,490,432
JEFFERSON COUNTY,245,20 Years,3530,1827,1703,1111,598,513,1281,628,653,123,69,54,121,70,51,894,462,432
JEFFERSON COUNTY,245,21 Years,3403,1797,1606,1105,590,515,1143,580,563,125,67,58,110,67,43,920,493,427
JEFFERSON COUNTY,245,22 Years,3577,1830,1747,1169,590,579,1212,571,641,211,127,84,111,71,40,874,471,403
JEFFERSON COUNTY,245,23 Years,3630,1918,1712,1197,631,566,1242,625,617,220,127,93,100,53,47,871,482,389
JEFFERSON COUNTY,245,24 Years,3666,1996,1670,1132,605,527,1399,778,621,200,108,92,90,51,39,845,454,391
JEFFERSON COUNTY,245,25 Years,3915,2217,1698,1319,752,567,1430,785,645,241,140,101,69,42,27,856,498,358
JEFFERSON COUNTY,245,26 Years,3849,2156,1693,1322,743,579,1492,816,676,178,98,80,78,41,37,779,458,321
JEFFERSON COUNTY,245,27 Years,3973,2198,1775,1423,793,630,1463,776,687,182,107,75,79,45,34,826,477,349
JEFFERSON COUNTY,245,28 Years,3808,2033,1775,1305,647,658,1403,781,622,169,74,95,90,29,61,841,502,339
JEFFERSON COUNTY,245,29 Years,3672,1984,1688,1324,685,639,1312,733,579,160,63,97,80,34,46,796,469,327
JEFFERSON COUNTY,245,30 Years,3761,2032,1729,1383,724,659,1312,709,603,193,73,120,53,28,25,820,498,322
JEFFERSON COUNTY,245,31 Years,3729,2119,1610,1380,790,590,1287,712,575,168,67,101,69,31,38,825,519,306
JEFFERSON COUNTY,245,32 Years,3795,2118,1677,1442,815,627,1276,677,599,173,76,97,78,35,43,826,515,311
JEFFERSON COUNTY,245,33 Years,3817,2140,1677,1503,848,655,1177,629,548,201,91,110,56,24,32,880,548,332
JEFFERSON COUNTY,245,34 Years,3789,2120,1669,1478,806,672,1185,642,543,205,105,100,47,14,33,874,553,321
JEFFERSON COUNTY,245,35 Years,3594,1990,1604,1327,705,622,1175,635,540,190,95,95,53,23,30,849,532,317
JEFFERSON COUNTY,245,36 Years,3667,2019,1648,1397,735,662,1204,651,553,170,79,91,44,23,21,852,531,321
JEFFERSON COUNTY,245,37 Years,3518,2009,1509,1340,783,557,1147,623,524,150,77,73,38,25,13,843,501,342
JEFFERSON COUNTY,245,38 Years,3656,2065,1591,1431,836,595,1204,636,568,154,77,77,38,20,18,829,496,333
JEFFERSON COUNTY,245,39 Years,3608,1989,1619,1387,766,621,1173,612,561,167,84,83,48,20,28,833,507,326
JEFFERSON COUNTY,245,40 Years,3344,1825,1519,1287,693,594,1079,552,527,141,80,61,46,22,24,791,478,313
JEFFERSON COUNTY,245,41 Years,3201,1743,1458,1210,667,543,1036,534,502,150,71,79,45,30,15,760,441,319
JEFFERSON COUNTY,245,42 Years,3060,1661,1399,1145,630,515,993,503,490,151,69,82,36,26,10,735,433,302
JEFFERSON COUNTY,245,43 Years,2949,1610,1339,1091,610,481,943,491,452,134,60,74,34,19,15,747,430,317
JEFFERSON COUNTY,245,44 Years,2925,1580,1345,1070,586,484,917,480,437,146,68,78,29,16,13,763,430,333
JEFFERSON COUNTY,245,45 Years,2884,1526,1358,1076,562,514,875,454,421,166,80,86,32,18,14,735,412,323
JEFFERSON COUNTY,245,46 Years,2876,1527,1349,1091,590,501,853,425,428,178,84,94,27,19,8,727,409,318
JEFFERSON COUNTY,245,47 Years,3008,1587,1421,1166,613,553,954,487,467,172,70,102,34,20,14,682,397,285
JEFFERSON COUNTY,245,48 Years,3026,1614,1412,1187,628,559,997,497,500,163,76,87,37,21,16,642,392,250
JEFFERSON COUNTY,245,49 Years,2970,1627,1343,1225,667,558,953,497,456,168,79,89,32,24,8,592,360,232
JEFFERSON COUNTY,245,50 Years,2860,1529,1331,1233,651,582,878,440,438,187,103,84,44,18,26,518,317,201
JEFFERSON COUNTY,245,51 Years,2821,1487,1334,1190,627,563,908,437,471,169,92,77,39,16,23,515,315,200
JEFFERSON COUNTY,245,52 Years,2809,1527,1282,1203,641,562,921,460,461,150,89,61,35,21,14,500,316,184
JEFFERSON COUNTY,245,53 Years,2884,1519,1365,1240,635,605,971,479,492,126,74,52,40,29,11,507,302,205
JEFFERSON COUNTY,245,54 Years,3133,1574,1559,1425,709,716,1008,468,540,141,78,63,36,21,15,523,298,225
JEFFERSON COUNTY,245,55 Years,3005,1528,1477,1412,720,692,959,446,513,120,74,46,28,12,16,486,276,210
JEFFERSON COUNTY,245,56 Years,3060,1561,1499,1460,743,717,980,456,524,138,83,55,25,13,12,457,266,191
JEFFERSON COUNTY,245,57 Years,3146,1593,1553,1558,782,776,999,460,539,134,80,54,29,12,17,426,259,167
JEFFERSON COUNTY,245,58 Years,3154,1572,1582,1551,761,790,1050,483,567,121,71,50,23,9,14,409,248,161
JEFFERSON COUNTY,245,59 Years,3180,1608,1572,1647,819,828,997,470,527,123,67,56,22,10,12,391,242,149
JEFFERSON COUNTY,245,60 Years,3087,1570,1517,1612,808,804,997,476,521,114,59,55,10,3,7,354,224,130
JEFFERSON COUNTY,245,61 Years,3061,1539,1522,1592,800,792,995,457,538,106,60,46,18,9,9,350,213,137
JEFFERSON COUNTY,245,62 Years,3054,1487,1567,1586,758,828,1002,462,540,99,53,46,19,4,15,348,210,138
JEFFERSON COUNTY,245,63 Years,2884,1391,1493,1496,730,766,971,432,539,101,54,47,16,7,9,300,168,132
JEFFERSON COUNTY,245,64 Years,2932,1424,1508,1581,789,792,945,420,525,83,42,41,28,8,20,295,165,130
JEFFERSON COUNTY,245,65 Years,2700,1299,1401,1488,714,774,827,369,458,90,50,40,22,7,15,273,159,114
JEFFERSON COUNTY,245,66 Years,2544,1246,1298,1394,692,702,817,368,449,81,44,37,21,7,14,231,135,96
JEFFERSON COUNTY,245,67 Years,2350,1147,1203,1283,635,648,753,353,400,71,37,34,19,6,13,224,116,108
JEFFERSON COUNTY,245,68 Years,2240,1075,1165,1247,612,635,705,327,378,62,28,34,23,6,17,203,102,101
JEFFERSON COUNTY,245,69 Years,2263,1063,1200,1233,591,642,729,321,408,73,30,43,20,4,16,208,117,91
JEFFERSON COUNTY,245,70 Years,2082,1009,1073,1147,563,584,680,316,364,52,31,21,18,6,12,185,93,92
JEFFERSON COUNTY,245,71 Years,2085,1003,1082,1194,584,610,661,304,357,45,29,16,17,5,12,168,81,87
JEFFERSON COUNTY,245,72 Years,1895,881,1014,1126,536,590,566,245,321,43,23,20,14,5,9,146,72,74
JEFFERSON COUNTY,245,73 Years,1580,718,862,917,418,499,478,205,273,38,19,19,13,5,8,134,71,63
JEFFERSON COUNTY,245,74 Years,1482,661,821,867,408,459,443,177,266,37,18,19,13,4,9,122,54,68
JEFFERSON COUNTY,245,75 Years,1485,657,828,906,411,495,417,160,257,39,22,17,10,4,6,113,60,53
JEFFERSON COUNTY,245,76 Years,1415,622,793,849,378,471,405,164,241,31,15,16,15,9,6,115,56,59
JEFFERSON COUNTY,245,77 Years,1255,545,710,760,339,421,354,144,210,25,12,13,15,9,6,101,41,60
JEFFERSON COUNTY,245,78 Years,1140,488,652,686,303,383,324,126,198,19,12,7,14,6,8,97,41,56
JEFFERSON COUNTY,245,79 Years,1087,430,657,670,276,394,308,111,197,22,10,12,9,3,6,78,30,48
JEFFERSON COUNTY,245,80 Years,1007,405,602,633,249,384,271,107,164,20,8,12,10,5,5,73,36,37
JEFFERSON COUNTY,245,81 Years,920,383,537,594,248,346,238,94,144,17,7,10,7,4,3,64,30,34
JEFFERSON COUNTY,245,82 Years,852,341,511,532,219,313,237,86,151,15,5,10,9,5,4,59,26,33
JEFFERSON COUNTY,245,83 Years,795,323,472,504,212,292,210,73,137,15,6,9,10,5,5,56,27,29
JEFFERSON COUNTY,245,84 Years,778,302,476,483,195,288,214,77,137,19,5,14,9,3,6,53,22,31
JEFFERSON COUNTY,245,85 Years,696,271,425,448,176,272,172,66,106,14,6,8,6,2,4,56,21,35
JEFFERSON COUNTY,245,86 Years,641,237,404,414,157,257,157,54,103,14,7,7,5,1,4,51,18,33
JEFFERSON COUNTY,245,87 Years,581,217,364,392,150,242,132,44,88,12,6,6,5,1,4,40,16,24
JEFFERSON COUNTY,245,88 Years,535,205,330,361,139,222,122,43,79,12,6,6,6,2,4,34,15,19
JEFFERSON COUNTY,245,89 Years,480,169,311,317,115,202,118,37,81,11,5,6,4,1,3,30,11,19
JEFFERSON COUNTY,245,90 Years,407,135,272,277,96,181,95,30,65,6,1,5,4,1,3,25,7,18
JEFFERSON COUNTY,245,91 Years,347,114,233,234,84,150,82,21,61,7,2,5,3,1,2,21,6,15
JEFFERSON COUNTY,245,92 Years,299,96,203,204,69,135,64,16,48,7,3,4,3,1,2,21,7,14
JEFFERSON COUNTY,245,93 Years,243,81,162,170,56,114,51,17,34,4,1,3,2,0,2,16,7,9
JEFFERSON COUNTY,245,94 Years,175,58,117,115,38,77,42,13,29,3,2,1,1,0,1,14,5,9
JEFFERSON COUNTY,245,95 Years +,443,125,318,269,78,191,121,27,94,14,7,7,4,2,2,35,11,24
JIM HOGG COUNTY,247,All Ages,5092,2592,2500,364,194,170,17,17,0,22,9,13,44,16,28,4645,2356,2289
JIM HOGG COUNTY,247,< 1 Year,59,33,26,0,0,0,0,0,0,2,1,1,2,1,1,55,31,24
JIM HOGG COUNTY,247,1 Years,66,38,28,2,1,1,0,0,0,1,0,1,2,0,2,61,37,24
JIM HOGG COUNTY,247,2 Years,75,35,40,2,1,1,0,0,0,1,0,1,3,0,3,69,34,35
JIM HOGG COUNTY,247,3 Years,87,43,44,3,1,2,0,0,0,2,0,2,2,0,2,80,42,38
JIM HOGG COUNTY,247,4 Years,95,48,47,5,2,3,0,0,0,2,1,1,2,1,1,86,44,42
JIM HOGG COUNTY,247,5 Years,96,52,44,5,3,2,0,0,0,1,1,0,1,1,0,89,47,42
JIM HOGG COUNTY,247,6 Years,95,51,44,6,4,2,0,0,0,0,0,0,0,0,0,89,47,42
JIM HOGG COUNTY,247,7 Years,95,49,46,6,4,2,0,0,0,0,0,0,0,0,0,89,45,44
JIM HOGG COUNTY,247,8 Years,89,46,43,5,3,2,0,0,0,0,0,0,1,0,1,83,43,40
JIM HOGG COUNTY,247,9 Years,87,47,40,3,3,0,1,1,0,0,0,0,0,0,0,83,43,40
JIM HOGG COUNTY,247,10 Years,75,40,35,4,2,2,0,0,0,0,0,0,1,1,0,70,37,33
JIM HOGG COUNTY,247,11 Years,93,47,46,5,2,3,0,0,0,0,0,0,1,1,0,87,44,43
JIM HOGG COUNTY,247,12 Years,75,34,41,5,3,2,0,0,0,0,0,0,1,0,1,69,31,38
JIM HOGG COUNTY,247,13 Years,93,47,46,6,3,3,1,1,0,0,0,0,1,1,0,85,42,43
JIM HOGG COUNTY,247,14 Years,70,41,29,4,2,2,1,1,0,0,0,0,2,2,0,63,36,27
JIM HOGG COUNTY,247,15 Years,78,38,40,2,1,1,2,2,0,0,0,0,1,0,1,73,35,38
JIM HOGG COUNTY,247,16 Years,80,47,33,2,1,1,0,0,0,0,0,0,0,0,0,78,46,32
JIM HOGG COUNTY,247,17 Years,69,35,34,2,1,1,0,0,0,1,1,0,0,0,0,66,33,33
JIM HOGG COUNTY,247,18 Years,57,29,28,1,1,0,0,0,0,0,0,0,1,1,0,55,27,28
JIM HOGG COUNTY,247,19 Years,51,29,22,2,2,0,0,0,0,0,0,0,1,0,1,48,27,21
JIM HOGG COUNTY,247,20 Years,72,40,32,3,2,1,0,0,0,0,0,0,1,0,1,68,38,30
JIM HOGG COUNTY,247,21 Years,69,34,35,3,1,2,0,0,0,0,0,0,1,1,0,65,32,33
JIM HOGG COUNTY,247,22 Years,67,34,33,2,1,1,0,0,0,0,0,0,1,0,1,64,33,31
JIM HOGG COUNTY,247,23 Years,67,29,38,2,2,0,0,0,0,0,0,0,1,0,1,64,27,37
JIM HOGG COUNTY,247,24 Years,47,24,23,2,2,0,1,1,0,0,0,0,0,0,0,44,21,23
JIM HOGG COUNTY,247,25 Years,60,35,25,1,1,0,2,2,0,0,0,0,1,1,0,56,31,25
JIM HOGG COUNTY,247,26 Years,82,42,40,2,2,0,1,1,0,0,0,0,1,1,0,78,38,40
JIM HOGG COUNTY,247,27 Years,60,29,31,5,3,2,0,0,0,0,0,0,0,0,0,55,26,29
JIM HOGG COUNTY,247,28 Years,51,23,28,2,1,1,0,0,0,0,0,0,0,0,0,49,22,27
JIM HOGG COUNTY,247,29 Years,53,22,31,1,0,1,0,0,0,0,0,0,0,0,0,52,22,30
JIM HOGG COUNTY,247,30 Years,53,26,27,3,1,2,0,0,0,0,0,0,0,0,0,50,25,25
JIM HOGG COUNTY,247,31 Years,62,36,26,1,0,1,0,0,0,0,0,0,0,0,0,61,36,25
JIM HOGG COUNTY,247,32 Years,71,42,29,2,0,2,0,0,0,0,0,0,0,0,0,69,42,27
JIM HOGG COUNTY,247,33 Years,66,36,30,4,3,1,0,0,0,0,0,0,0,0,0,62,33,29
JIM HOGG COUNTY,247,34 Years,65,34,31,5,4,1,0,0,0,1,0,1,0,0,0,59,30,29
JIM HOGG COUNTY,247,35 Years,63,38,25,6,3,3,0,0,0,1,0,1,0,0,0,56,35,21
JIM HOGG COUNTY,247,36 Years,68,40,28,3,2,1,0,0,0,1,0,1,0,0,0,64,38,26
JIM HOGG COUNTY,247,37 Years,68,42,26,6,2,4,0,0,0,0,0,0,1,1,0,61,39,22
JIM HOGG COUNTY,247,38 Years,68,42,26,9,6,3,0,0,0,0,0,0,1,0,1,58,36,22
JIM HOGG COUNTY,247,39 Years,62,35,27,7,4,3,0,0,0,0,0,0,0,0,0,55,31,24
JIM HOGG COUNTY,247,40 Years,56,32,24,3,2,1,0,0,0,0,0,0,1,0,1,52,30,22
JIM HOGG COUNTY,247,41 Years,68,37,31,6,2,4,0,0,0,1,1,0,0,0,0,61,34,27
JIM HOGG COUNTY,247,42 Years,53,31,22,2,1,1,1,1,0,0,0,0,0,0,0,50,29,21
JIM HOGG COUNTY,247,43 Years,51,24,27,2,1,1,0,0,0,0,0,0,0,0,0,49,23,26
JIM HOGG COUNTY,247,44 Years,62,28,34,5,2,3,1,1,0,0,0,0,0,0,0,56,25,31
JIM HOGG COUNTY,247,45 Years,51,24,27,3,0,3,0,0,0,0,0,0,0,0,0,48,24,24
JIM HOGG COUNTY,247,46 Years,50,26,24,3,3,0,0,0,0,0,0,0,0,0,0,47,23,24
JIM HOGG COUNTY,247,47 Years,49,25,24,4,2,2,0,0,0,1,0,1,0,0,0,44,23,21
JIM HOGG COUNTY,247,48 Years,47,23,24,3,2,1,0,0,0,0,0,0,1,0,1,43,21,22
JIM HOGG COUNTY,247,49 Years,53,21,32,3,1,2,0,0,0,0,0,0,1,0,1,49,20,29
JIM HOGG COUNTY,247,50 Years,52,24,28,7,3,4,0,0,0,1,1,0,1,1,0,43,19,24
JIM HOGG COUNTY,247,51 Years,53,31,22,4,3,1,1,1,0,0,0,0,0,0,0,48,27,21
JIM HOGG COUNTY,247,52 Years,47,25,22,3,1,2,1,1,0,0,0,0,0,0,0,43,23,20
JIM HOGG COUNTY,247,53 Years,62,34,28,5,3,2,0,0,0,0,0,0,0,0,0,57,31,26
JIM HOGG COUNTY,247,54 Years,54,31,23,5,3,2,0,0,0,0,0,0,0,0,0,49,28,21
JIM HOGG COUNTY,247,55 Years,49,27,22,3,1,2,0,0,0,0,0,0,0,0,0,46,26,20
JIM HOGG COUNTY,247,56 Years,58,28,30,4,2,2,0,0,0,0,0,0,0,0,0,54,26,28
JIM HOGG COUNTY,247,57 Years,45,21,24,2,0,2,0,0,0,0,0,0,0,0,0,43,21,22
JIM HOGG COUNTY,247,58 Years,59,28,31,3,1,2,0,0,0,0,0,0,5,0,5,51,27,24
JIM HOGG COUNTY,247,59 Years,55,25,30,5,3,2,0,0,0,0,0,0,2,0,2,48,22,26
JIM HOGG COUNTY,247,60 Years,50,32,18,4,3,1,1,1,0,0,0,0,0,0,0,45,28,17
JIM HOGG COUNTY,247,61 Years,59,38,21,6,3,3,0,0,0,1,1,0,0,0,0,52,34,18
JIM HOGG COUNTY,247,62 Years,57,30,27,6,3,3,0,0,0,0,0,0,0,0,0,51,27,24
JIM HOGG COUNTY,247,63 Years,48,27,21,6,5,1,0,0,0,0,0,0,0,0,0,42,22,20
JIM HOGG COUNTY,247,64 Years,47,23,24,5,2,3,1,1,0,1,0,1,0,0,0,40,20,20
JIM HOGG COUNTY,247,65 Years,44,18,26,3,1,2,0,0,0,1,1,0,0,0,0,40,16,24
JIM HOGG COUNTY,247,66 Years,61,28,33,8,3,5,0,0,0,1,0,1,0,0,0,52,25,27
JIM HOGG COUNTY,247,67 Years,50,23,27,7,2,5,0,0,0,0,0,0,1,1,0,42,20,22
JIM HOGG COUNTY,247,68 Years,39,15,24,3,0,3,0,0,0,0,0,0,0,0,0,36,15,21
JIM HOGG COUNTY,247,69 Years,50,19,31,5,4,1,0,0,0,0,0,0,0,0,0,45,15,30
JIM HOGG COUNTY,247,70 Years,54,18,36,5,3,2,0,0,0,0,0,0,0,0,0,49,15,34
JIM HOGG COUNTY,247,71 Years,46,21,25,6,5,1,0,0,0,0,0,0,0,0,0,40,16,24
JIM HOGG COUNTY,247,72 Years,60,28,32,7,5,2,1,1,0,0,0,0,0,0,0,52,22,30
JIM HOGG COUNTY,247,73 Years,59,31,28,8,4,4,1,1,0,1,0,1,1,1,0,48,25,23
JIM HOGG COUNTY,247,74 Years,51,24,27,4,2,2,0,0,0,0,0,0,1,0,1,46,22,24
JIM HOGG COUNTY,247,75 Years,37,19,18,2,1,1,0,0,0,0,0,0,0,0,0,35,18,17
JIM HOGG COUNTY,247,76 Years,34,16,18,7,2,5,0,0,0,0,0,0,0,0,0,27,14,13
JIM HOGG COUNTY,247,77 Years,28,11,17,6,2,4,0,0,0,0,0,0,0,0,0,22,9,13
JIM HOGG COUNTY,247,78 Years,30,16,14,5,4,1,0,0,0,1,1,0,0,0,0,24,11,13
JIM HOGG COUNTY,247,79 Years,25,12,13,3,3,0,0,0,0,0,0,0,0,0,0,22,9,13
JIM HOGG COUNTY,247,80 Years,28,11,17,3,2,1,0,0,0,0,0,0,0,0,0,25,9,16
JIM HOGG COUNTY,247,81 Years,25,11,14,7,4,3,0,0,0,0,0,0,0,0,0,18,7,11
JIM HOGG COUNTY,247,82 Years,21,8,13,4,2,2,0,0,0,0,0,0,0,0,0,17,6,11
JIM HOGG COUNTY,247,83 Years,22,9,13,3,0,3,0,0,0,0,0,0,0,0,0,19,9,10
JIM HOGG COUNTY,247,84 Years,19,9,10,3,2,1,0,0,0,0,0,0,0,0,0,16,7,9
JIM HOGG COUNTY,247,85 Years,12,3,9,0,0,0,0,0,0,0,0,0,0,0,0,12,3,9
JIM HOGG COUNTY,247,86 Years,19,5,14,4,2,2,0,0,0,0,0,0,0,0,0,15,3,12
JIM HOGG COUNTY,247,87 Years,19,6,13,7,3,4,0,0,0,0,0,0,0,0,0,12,3,9
JIM HOGG COUNTY,247,88 Years,16,5,11,4,2,2,0,0,0,0,0,0,0,0,0,12,3,9
JIM HOGG COUNTY,247,89 Years,8,4,4,1,1,0,0,0,0,0,0,0,0,0,0,7,3,4
JIM HOGG COUNTY,247,90 Years,6,2,4,1,0,1,0,0,0,0,0,0,0,0,0,5,2,3
JIM HOGG COUNTY,247,91 Years,6,2,4,1,1,0,0,0,0,0,0,0,0,0,0,5,1,4
JIM HOGG COUNTY,247,92 Years,5,3,2,1,1,0,0,0,0,0,0,0,0,0,0,4,2,2
JIM HOGG COUNTY,247,93 Years,7,3,4,3,1,2,0,0,0,0,0,0,0,0,0,4,2,2
JIM HOGG COUNTY,247,94 Years,7,2,5,1,0,1,0,0,0,0,0,0,0,0,0,6,2,4
JIM HOGG COUNTY,247,95 Years +,10,3,7,1,0,1,0,0,0,0,0,0,0,0,0,9,3,6
JIM WELLS COUNTY,249,All Ages,40204,19890,20314,6893,3413,3480,156,89,67,137,70,67,264,139,125,32754,16179,16575
JIM WELLS COUNTY,249,< 1 Year,577,285,292,63,33,30,1,0,1,0,0,0,0,0,0,513,252,261
JIM WELLS COUNTY,249,1 Years,568,281,287,62,31,31,1,0,1,0,0,0,4,3,1,501,247,254
JIM WELLS COUNTY,249,2 Years,605,304,301,70,32,38,1,0,1,0,0,0,4,3,1,530,269,261
JIM WELLS COUNTY,249,3 Years,646,329,317,73,34,39,1,0,1,3,3,0,7,5,2,562,287,275
JIM WELLS COUNTY,249,4 Years,727,360,367,89,44,45,1,0,1,2,2,0,6,5,1,629,309,320
JIM WELLS COUNTY,249,5 Years,740,369,371,89,44,45,1,1,0,2,2,0,5,4,1,643,318,325
JIM WELLS COUNTY,249,6 Years,727,355,372,91,43,48,1,1,0,1,1,0,4,3,1,630,307,323
JIM WELLS COUNTY,249,7 Years,693,341,352,88,37,51,1,1,0,2,1,1,6,2,4,596,300,296
JIM WELLS COUNTY,249,8 Years,696,337,359,95,42,53,1,1,0,3,1,2,8,3,5,589,290,299
JIM WELLS COUNTY,249,9 Years,704,360,344,97,43,54,1,1,0,0,0,0,9,6,3,597,310,287
JIM WELLS COUNTY,249,10 Years,568,293,275,88,49,39,2,2,0,2,1,1,5,2,3,471,239,232
JIM WELLS COUNTY,249,11 Years,648,333,315,89,45,44,3,2,1,1,1,0,4,1,3,551,284,267
JIM WELLS COUNTY,249,12 Years,635,314,321,92,41,51,4,1,3,1,0,1,3,1,2,535,271,264
JIM WELLS COUNTY,249,13 Years,599,303,296,90,47,43,5,1,4,1,0,1,3,2,1,500,253,247
JIM WELLS COUNTY,249,14 Years,553,286,267,92,48,44,2,1,1,2,1,1,2,2,0,455,234,221
JIM WELLS COUNTY,249,15 Years,530,286,244,72,38,34,3,2,1,2,2,0,5,3,2,448,241,207
JIM WELLS COUNTY,249,16 Years,525,277,248,67,38,29,4,2,2,1,1,0,3,1,2,450,235,215
JIM WELLS COUNTY,249,17 Years,483,250,233,60,32,28,1,1,0,2,2,0,2,2,0,418,213,205
JIM WELLS COUNTY,249,18 Years,515,273,242,61,32,29,2,2,0,3,1,2,5,2,3,444,236,208
JIM WELLS COUNTY,249,19 Years,511,271,240,51,25,26,3,2,1,1,0,1,5,2,3,451,242,209
JIM WELLS COUNTY,249,20 Years,505,261,244,62,31,31,3,1,2,1,0,1,3,2,1,436,227,209
JIM WELLS COUNTY,249,21 Years,501,234,267,64,27,37,3,1,2,2,2,0,5,4,1,427,200,227
JIM WELLS COUNTY,249,22 Years,509,265,244,60,29,31,1,0,1,1,1,0,2,2,0,445,233,212
JIM WELLS COUNTY,249,23 Years,535,280,255,71,37,34,1,0,1,0,0,0,2,0,2,461,243,218
JIM WELLS COUNTY,249,24 Years,549,275,274,79,37,42,1,0,1,0,0,0,1,0,1,468,238,230
JIM WELLS COUNTY,249,25 Years,548,284,264,78,39,39,0,0,0,1,1,0,1,0,1,468,244,224
JIM WELLS COUNTY,249,26 Years,576,293,283,74,39,35,3,1,2,4,3,1,5,4,1,490,246,244
JIM WELLS COUNTY,249,27 Years,621,319,302,82,48,34,2,1,1,2,1,1,3,1,2,532,268,264
JIM WELLS COUNTY,249,28 Years,604,297,307,79,47,32,2,0,2,1,0,1,3,1,2,519,249,270
JIM WELLS COUNTY,249,29 Years,567,303,264,72,42,30,3,2,1,2,2,0,5,2,3,485,255,230
JIM WELLS COUNTY,249,30 Years,554,283,271,72,35,37,3,2,1,1,1,0,4,2,2,474,243,231
JIM WELLS COUNTY,249,31 Years,523,288,235,60,34,26,2,2,0,1,0,1,4,2,2,456,250,206
JIM WELLS COUNTY,249,32 Years,547,288,259,69,30,39,3,2,1,0,0,0,2,0,2,473,256,217
JIM WELLS COUNTY,249,33 Years,540,280,260,75,39,36,2,2,0,2,0,2,3,2,1,458,237,221
JIM WELLS COUNTY,249,34 Years,509,251,258,76,36,40,0,0,0,1,1,0,3,2,1,429,212,217
JIM WELLS COUNTY,249,35 Years,498,258,240,79,37,42,4,2,2,3,1,2,2,0,2,410,218,192
JIM WELLS COUNTY,249,36 Years,546,269,277,82,47,35,4,2,2,4,2,2,4,0,4,452,218,234
JIM WELLS COUNTY,249,37 Years,541,290,251,87,46,41,4,2,2,3,2,1,3,0,3,444,240,204
JIM WELLS COUNTY,249,38 Years,484,250,234,86,42,44,2,2,0,5,2,3,2,1,1,389,203,186
JIM WELLS COUNTY,249,39 Years,469,235,234,81,34,47,1,1,0,4,2,2,3,1,2,380,197,183
JIM WELLS COUNTY,249,40 Years,439,215,224,79,35,44,2,2,0,2,1,1,4,3,1,352,174,178
JIM WELLS COUNTY,249,41 Years,455,230,225,82,41,41,5,5,0,1,1,0,3,2,1,364,181,183
JIM WELLS COUNTY,249,42 Years,423,223,200,72,39,33,2,2,0,3,1,2,2,0,2,344,181,163
JIM WELLS COUNTY,249,43 Years,399,189,210,61,25,36,0,0,0,4,1,3,0,0,0,334,163,171
JIM WELLS COUNTY,249,44 Years,428,194,234,72,39,33,1,0,1,2,1,1,0,0,0,353,154,199
JIM WELLS COUNTY,249,45 Years,404,198,206,82,45,37,0,0,0,1,0,1,0,0,0,321,153,168
JIM WELLS COUNTY,249,46 Years,427,220,207,84,47,37,0,0,0,0,0,0,2,1,1,341,172,169
JIM WELLS COUNTY,249,47 Years,449,229,220,88,41,47,1,0,1,1,1,0,2,1,1,357,186,171
JIM WELLS COUNTY,249,48 Years,463,232,231,90,49,41,1,1,0,2,1,1,1,0,1,369,181,188
JIM WELLS COUNTY,249,49 Years,462,215,247,84,46,38,1,1,0,5,2,3,0,0,0,372,166,206
JIM WELLS COUNTY,249,50 Years,417,190,227,70,32,38,3,3,0,1,0,1,1,0,1,342,155,187
JIM WELLS COUNTY,249,51 Years,380,172,208,62,26,36,1,0,1,0,0,0,1,0,1,316,146,170
JIM WELLS COUNTY,249,52 Years,401,192,209,69,34,35,0,0,0,1,1,0,3,1,2,328,156,172
JIM WELLS COUNTY,249,53 Years,433,220,213,76,38,38,1,1,0,3,0,3,2,2,0,351,179,172
JIM WELLS COUNTY,249,54 Years,440,227,213,74,36,38,1,0,1,1,0,1,1,1,0,363,190,173
JIM WELLS COUNTY,249,55 Years,436,217,219,94,39,55,1,0,1,3,2,1,3,2,1,335,174,161
JIM WELLS COUNTY,249,56 Years,433,210,223,100,48,52,1,1,0,1,0,1,3,3,0,328,158,170
JIM WELLS COUNTY,249,57 Years,412,206,206,90,49,41,2,1,1,0,0,0,3,2,1,317,154,163
JIM WELLS COUNTY,249,58 Years,445,215,230,91,44,47,3,3,0,2,0,2,3,2,1,346,166,180
JIM WELLS COUNTY,249,59 Years,444,227,217,107,53,54,2,2,0,3,2,1,3,2,1,329,168,161
JIM WELLS COUNTY,249,60 Years,461,212,249,114,53,61,2,1,1,2,1,1,3,1,2,340,156,184
JIM WELLS COUNTY,249,61 Years,438,218,220,116,61,55,2,1,1,2,1,1,5,3,2,313,152,161
JIM WELLS COUNTY,249,62 Years,475,235,240,119,56,63,2,0,2,2,1,1,5,3,2,347,175,172
JIM WELLS COUNTY,249,63 Years,424,204,220,112,52,60,2,0,2,3,1,2,3,3,0,304,148,156
JIM WELLS COUNTY,249,64 Years,417,183,234,102,49,53,3,3,0,2,0,2,6,4,2,304,127,177
JIM WELLS COUNTY,249,65 Years,409,190,219,105,55,50,3,1,2,2,0,2,2,1,1,297,133,164
JIM WELLS COUNTY,249,66 Years,407,203,204,116,65,51,5,3,2,3,2,1,6,3,3,277,130,147
JIM WELLS COUNTY,249,67 Years,389,184,205,109,52,57,2,1,1,2,1,1,3,1,2,273,129,144
JIM WELLS COUNTY,249,68 Years,377,182,195,103,49,54,1,0,1,1,1,0,3,2,1,269,130,139
JIM WELLS COUNTY,249,69 Years,392,210,182,118,65,53,2,1,1,2,1,1,1,0,1,269,143,126
JIM WELLS COUNTY,249,70 Years,382,193,189,98,49,49,2,2,0,1,1,0,2,1,1,279,140,139
JIM WELLS COUNTY,249,71 Years,365,166,199,85,41,44,2,1,1,2,1,1,4,2,2,272,121,151
JIM WELLS COUNTY,249,72 Years,359,170,189,88,50,38,2,1,1,1,1,0,5,2,3,263,116,147
JIM WELLS COUNTY,249,73 Years,324,150,174,75,38,37,0,0,0,3,2,1,4,3,1,242,107,135
JIM WELLS COUNTY,249,74 Years,306,145,161,69,34,35,0,0,0,2,1,1,2,1,1,233,109,124
JIM WELLS COUNTY,249,75 Years,281,117,164,61,29,32,2,0,2,0,0,0,3,2,1,215,86,129
JIM WELLS COUNTY,249,76 Years,248,94,154,61,30,31,1,0,1,0,0,0,2,1,1,184,63,121
JIM WELLS COUNTY,249,77 Years,215,85,130,61,28,33,0,0,0,0,0,0,2,1,1,152,56,96
JIM WELLS COUNTY,249,78 Years,206,90,116,57,27,30,1,1,0,1,1,0,0,0,0,147,61,86
JIM WELLS COUNTY,249,79 Years,187,88,99,49,25,24,0,0,0,0,0,0,0,0,0,138,63,75
JIM WELLS COUNTY,249,80 Years,181,71,110,51,20,31,2,1,1,0,0,0,2,0,2,126,50,76
JIM WELLS COUNTY,249,81 Years,181,73,108,48,18,30,1,1,0,0,0,0,3,1,2,129,53,76
JIM WELLS COUNTY,249,82 Years,162,63,99,39,14,25,0,0,0,1,0,1,0,0,0,122,49,73
JIM WELLS COUNTY,249,83 Years,148,63,85,31,14,17,0,0,0,0,0,0,2,0,2,115,49,66
JIM WELLS COUNTY,249,84 Years,141,61,80,36,18,18,0,0,0,0,0,0,1,0,1,104,43,61
JIM WELLS COUNTY,249,85 Years,112,47,65,25,12,13,0,0,0,1,0,1,1,1,0,85,34,51
JIM WELLS COUNTY,249,86 Years,97,38,59,23,9,14,0,0,0,1,0,1,0,0,0,73,29,44
JIM WELLS COUNTY,249,87 Years,94,44,50,28,15,13,2,2,0,0,0,0,1,0,1,63,27,36
JIM WELLS COUNTY,249,88 Years,84,41,43,19,10,9,0,0,0,0,0,0,1,0,1,64,31,33
JIM WELLS COUNTY,249,89 Years,84,35,49,19,10,9,1,1,0,0,0,0,0,0,0,64,24,40
JIM WELLS COUNTY,249,90 Years,67,24,43,14,7,7,2,1,1,0,0,0,2,2,0,49,14,35
JIM WELLS COUNTY,249,91 Years,54,18,36,13,5,8,0,0,0,0,0,0,1,1,0,40,12,28
JIM WELLS COUNTY,249,92 Years,43,18,25,9,4,5,0,0,0,0,0,0,0,0,0,34,14,20
JIM WELLS COUNTY,249,93 Years,32,12,20,8,4,4,0,0,0,0,0,0,1,0,1,23,8,15
JIM WELLS COUNTY,249,94 Years,27,10,17,7,3,4,1,1,0,0,0,0,0,0,0,19,6,13
JIM WELLS COUNTY,249,95 Years +,69,22,47,11,2,9,2,0,2,0,0,0,1,0,1,55,20,35
JOHNSON COUNTY,251,All Ages,174777,86829,87948,124370,60865,63505,5568,2999,2569,1033,467,566,5007,2598,2409,38799,19900,18899
JOHNSON COUNTY,251,< 1 Year,2386,1209,1177,1366,697,669,76,42,34,6,4,2,134,68,66,804,398,406
JOHNSON COUNTY,251,1 Years,2418,1242,1176,1387,715,672,76,42,34,7,4,3,133,69,64,815,412,403
JOHNSON COUNTY,251,2 Years,2415,1236,1179,1416,726,690,76,40,36,5,3,2,123,66,57,795,401,394
JOHNSON COUNTY,251,3 Years,2456,1265,1191,1456,751,705,74,36,38,5,3,2,131,70,61,790,405,385
JOHNSON COUNTY,251,4 Years,2466,1260,1206,1491,760,731,75,34,41,5,3,2,132,71,61,763,392,371
JOHNSON COUNTY,251,5 Years,2474,1285,1189,1501,775,726,69,29,40,7,3,4,130,72,58,767,406,361
JOHNSON COUNTY,251,6 Years,2446,1246,1200,1489,755,734,71,31,40,6,4,2,117,66,51,763,390,373
JOHNSON COUNTY,251,7 Years,2435,1247,1188,1472,752,720,65,32,33,5,3,2,112,65,47,781,395,386
JOHNSON COUNTY,251,8 Years,2451,1266,1185,1489,770,719,65,37,28,6,3,3,105,58,47,786,398,388
JOHNSON COUNTY,251,9 Years,2582,1333,1249,1566,817,749,73,37,36,6,6,0,103,58,45,834,415,419
JOHNSON COUNTY,251,10 Years,2499,1307,1192,1496,778,718,80,42,38,9,5,4,101,51,50,813,431,382
JOHNSON COUNTY,251,11 Years,2468,1268,1200,1496,766,730,76,39,37,11,5,6,90,48,42,795,410,385
JOHNSON COUNTY,251,12 Years,2482,1260,1222,1516,779,737,75,36,39,8,3,5,92,55,37,791,387,404
JOHNSON COUNTY,251,13 Years,2515,1259,1256,1560,799,761,80,40,40,11,6,5,90,40,50,774,374,400
JOHNSON COUNTY,251,14 Years,2584,1316,1268,1601,835,766,76,37,39,10,5,5,122,62,60,775,377,398
JOHNSON COUNTY,251,15 Years,2512,1301,1211,1567,811,756,83,42,41,13,3,10,104,53,51,745,392,353
JOHNSON COUNTY,251,16 Years,2458,1242,1216,1517,766,751,77,40,37,15,2,13,93,44,49,756,390,366
JOHNSON COUNTY,251,17 Years,2396,1222,1174,1490,771,719,73,33,40,11,3,8,92,47,45,730,368,362
JOHNSON COUNTY,251,18 Years,2309,1185,1124,1398,707,691,85,46,39,6,2,4,100,51,49,720,379,341
JOHNSON COUNTY,251,19 Years,2071,1091,980,1231,643,588,84,47,37,15,7,8,93,53,40,648,341,307
JOHNSON COUNTY,251,20 Years,1981,1018,963,1177,598,579,73,36,37,14,9,5,92,51,41,625,324,301
JOHNSON COUNTY,251,21 Years,2051,1046,1005,1212,609,603,80,40,40,15,9,6,97,51,46,647,337,310
JOHNSON COUNTY,251,22 Years,2071,1042,1029,1234,614,620,80,42,38,11,5,6,102,56,46,644,325,319
JOHNSON COUNTY,251,23 Years,2106,1049,1057,1310,640,670,87,50,37,11,5,6,98,48,50,600,306,294
JOHNSON COUNTY,251,24 Years,2198,1094,1104,1416,697,719,82,46,36,12,9,3,95,53,42,593,289,304
JOHNSON COUNTY,251,25 Years,2233,1141,1092,1456,734,722,92,53,39,12,6,6,98,51,47,575,297,278
JOHNSON COUNTY,251,26 Years,2388,1196,1192,1604,796,808,82,45,37,15,8,7,70,43,27,617,304,313
JOHNSON COUNTY,251,27 Years,2479,1251,1228,1670,820,850,95,54,41,20,14,6,86,48,38,608,315,293
JOHNSON COUNTY,251,28 Years,2472,1274,1198,1650,859,791,102,53,49,17,10,7,86,41,45,617,311,306
JOHNSON COUNTY,251,29 Years,2507,1257,1250,1679,827,852,98,48,50,22,9,13,88,42,46,620,331,289
JOHNSON COUNTY,251,30 Years,2349,1218,1131,1638,816,822,94,51,43,20,12,8,47,25,22,550,314,236
JOHNSON COUNTY,251,31 Years,2262,1127,1135,1611,767,844,70,48,22,22,15,7,40,17,23,519,280,239
JOHNSON COUNTY,251,32 Years,2295,1139,1156,1572,759,813,84,50,34,18,9,9,56,19,37,565,302,263
JOHNSON COUNTY,251,33 Years,2269,1160,1109,1570,774,796,87,49,38,20,11,9,65,36,29,527,290,237
JOHNSON COUNTY,251,34 Years,2176,1078,1098,1523,739,784,79,47,32,17,10,7,49,24,25,508,258,250
JOHNSON COUNTY,251,35 Years,2204,1128,1076,1562,776,786,76,47,29,17,10,7,50,33,17,499,262,237
JOHNSON COUNTY,251,36 Years,2238,1142,1096,1566,770,796,79,51,28,29,14,15,46,24,22,518,283,235
JOHNSON COUNTY,251,37 Years,2205,1125,1080,1561,767,794,69,53,16,16,8,8,42,20,22,517,277,240
JOHNSON COUNTY,251,38 Years,2338,1181,1157,1652,809,843,75,48,27,8,2,6,57,34,23,546,288,258
JOHNSON COUNTY,251,39 Years,2342,1188,1154,1639,802,837,85,50,35,11,4,7,74,34,40,533,298,235
JOHNSON COUNTY,251,40 Years,2185,1131,1054,1547,765,782,68,41,27,19,10,9,47,19,28,504,296,208
JOHNSON COUNTY,251,41 Years,2094,1035,1059,1477,713,764,65,39,26,20,9,11,40,19,21,492,255,237
JOHNSON COUNTY,251,42 Years,2096,998,1098,1457,688,769,75,41,34,20,7,13,32,17,15,512,245,267
JOHNSON COUNTY,251,43 Years,2067,1019,1048,1449,724,725,65,36,29,15,6,9,49,18,31,489,235,254
JOHNSON COUNTY,251,44 Years,2110,1020,1090,1469,703,766,65,39,26,13,6,7,56,19,37,507,253,254
JOHNSON COUNTY,251,45 Years,2022,999,1023,1414,684,730,81,41,40,11,6,5,37,13,24,479,255,224
JOHNSON COUNTY,251,46 Years,2082,1038,1044,1504,738,766,82,46,36,12,4,8,35,16,19,449,234,215
JOHNSON COUNTY,251,47 Years,2178,1080,1098,1636,789,847,68,38,30,9,3,6,41,20,21,424,230,194
JOHNSON COUNTY,251,48 Years,2291,1145,1146,1671,817,854,82,49,33,11,5,6,48,28,20,479,246,233
JOHNSON COUNTY,251,49 Years,2280,1136,1144,1687,838,849,73,44,29,14,3,11,32,20,12,474,231,243
JOHNSON COUNTY,251,50 Years,2146,1064,1082,1612,783,829,65,38,27,16,6,10,40,20,20,413,217,196
JOHNSON COUNTY,251,51 Years,2064,1048,1016,1526,771,755,74,41,33,19,8,11,36,17,19,409,211,198
JOHNSON COUNTY,251,52 Years,2111,1072,1039,1569,794,775,78,46,32,16,8,8,34,16,18,414,208,206
JOHNSON COUNTY,251,53 Years,2135,1095,1040,1625,830,795,79,50,29,11,5,6,38,19,19,382,191,191
JOHNSON COUNTY,251,54 Years,2222,1144,1078,1714,874,840,67,39,28,18,10,8,27,14,13,396,207,189
JOHNSON COUNTY,251,55 Years,2280,1143,1137,1791,894,897,68,38,30,11,4,7,33,18,15,377,189,188
JOHNSON COUNTY,251,56 Years,2273,1131,1142,1791,877,914,74,36,38,11,3,8,56,37,19,341,178,163
JOHNSON COUNTY,251,57 Years,2283,1128,1155,1813,880,933,79,40,39,11,3,8,42,22,20,338,183,155
JOHNSON COUNTY,251,58 Years,2323,1155,1168,1871,917,954,70,38,32,14,6,8,41,21,20,327,173,154
JOHNSON COUNTY,251,59 Years,2387,1207,1180,1921,960,961,73,41,32,20,5,15,45,23,22,328,178,150
JOHNSON COUNTY,251,60 Years,2186,1100,1086,1798,887,911,70,40,30,17,4,13,36,20,16,265,149,116
JOHNSON COUNTY,251,61 Years,2190,1072,1118,1830,886,944,69,35,34,21,6,15,30,14,16,240,131,109
JOHNSON COUNTY,251,62 Years,2051,1008,1043,1711,832,879,72,38,34,13,5,8,39,18,21,216,115,101
JOHNSON COUNTY,251,63 Years,2065,977,1088,1733,813,920,69,35,34,21,8,13,29,11,18,213,110,103
JOHNSON COUNTY,251,64 Years,2000,962,1038,1683,806,877,57,24,33,19,9,10,29,16,13,212,107,105
JOHNSON COUNTY,251,65 Years,1898,915,983,1614,777,837,39,18,21,17,9,8,35,13,22,193,98,95
JOHNSON COUNTY,251,66 Years,1784,851,933,1506,720,786,54,22,32,17,9,8,28,13,15,179,87,92
JOHNSON COUNTY,251,67 Years,1768,832,936,1512,704,808,48,28,20,11,4,7,29,17,12,168,79,89
JOHNSON COUNTY,251,68 Years,1592,740,852,1360,630,730,37,20,17,7,4,3,28,15,13,160,71,89
JOHNSON COUNTY,251,69 Years,1530,708,822,1314,619,695,47,19,28,9,2,7,27,13,14,133,55,78
JOHNSON COUNTY,251,70 Years,1576,717,859,1366,627,739,38,12,26,7,1,6,34,17,17,131,60,71
JOHNSON COUNTY,251,71 Years,1637,755,882,1428,656,772,34,18,16,9,4,5,27,15,12,139,62,77
JOHNSON COUNTY,251,72 Years,1585,722,863,1400,630,770,31,16,15,8,4,4,25,15,10,121,57,64
JOHNSON COUNTY,251,73 Years,1282,593,689,1112,506,606,30,20,10,7,4,3,19,12,7,114,51,63
JOHNSON COUNTY,251,74 Years,1183,561,622,1016,481,535,31,16,15,5,2,3,14,12,2,117,50,67
JOHNSON COUNTY,251,75 Years,1149,537,612,1003,467,536,20,10,10,6,2,4,14,7,7,106,51,55
JOHNSON COUNTY,251,76 Years,1108,505,603,991,454,537,16,7,9,6,3,3,12,5,7,83,36,47
JOHNSON COUNTY,251,77 Years,968,437,531,862,384,478,18,8,10,7,4,3,18,10,8,63,31,32
JOHNSON COUNTY,251,78 Years,877,406,471,780,359,421,15,10,5,6,2,4,10,7,3,66,28,38
JOHNSON COUNTY,251,79 Years,802,369,433,711,328,383,16,11,5,5,1,4,7,2,5,63,27,36
JOHNSON COUNTY,251,80 Years,760,340,420,671,300,371,18,8,10,4,1,3,10,4,6,57,27,30
JOHNSON COUNTY,251,81 Years,694,304,390,619,271,348,12,3,9,2,0,2,12,7,5,49,23,26
JOHNSON COUNTY,251,82 Years,622,274,348,550,243,307,11,4,7,5,1,4,7,5,2,49,21,28
JOHNSON COUNTY,251,83 Years,584,248,336,521,221,300,5,1,4,4,1,3,6,3,3,48,22,26
JOHNSON COUNTY,251,84 Years,504,203,301,453,182,271,6,3,3,4,2,2,4,1,3,37,15,22
JOHNSON COUNTY,251,85 Years,451,191,260,406,171,235,13,6,7,1,1,0,8,3,5,23,10,13
JOHNSON COUNTY,251,86 Years,400,162,238,360,143,217,9,4,5,0,0,0,7,4,3,24,11,13
JOHNSON COUNTY,251,87 Years,345,129,216,309,113,196,8,4,4,1,0,1,4,2,2,23,10,13
JOHNSON COUNTY,251,88 Years,311,123,188,278,110,168,7,3,4,3,0,3,2,1,1,21,9,12
JOHNSON COUNTY,251,89 Years,285,101,184,260,93,167,7,3,4,1,0,1,3,1,2,14,4,10
JOHNSON COUNTY,251,90 Years,235,79,156,209,69,140,7,3,4,1,0,1,4,1,3,14,6,8
JOHNSON COUNTY,251,91 Years,194,65,129,174,59,115,7,3,4,1,0,1,2,0,2,10,3,7
JOHNSON COUNTY,251,92 Years,157,51,106,140,45,95,4,1,3,2,1,1,1,0,1,10,4,6
JOHNSON COUNTY,251,93 Years,111,33,78,103,32,71,2,0,2,0,0,0,1,0,1,5,1,4
JOHNSON COUNTY,251,94 Years,78,23,55,69,22,47,3,0,3,1,0,1,0,0,0,5,1,4
JOHNSON COUNTY,251,95 Years +,199,54,145,167,40,127,9,2,7,0,0,0,2,1,1,21,11,10
JONES COUNTY,253,All Ages,19697,12501,7196,11247,6326,4921,2334,2026,308,81,35,46,324,172,152,5711,3942,1769
JONES COUNTY,253,< 1 Year,156,82,74,94,45,49,3,2,1,0,0,0,5,3,2,54,32,22
JONES COUNTY,253,1 Years,158,80,78,91,41,50,3,2,1,1,1,0,6,3,3,57,33,24
JONES COUNTY,253,2 Years,163,81,82,94,40,54,3,2,1,1,1,0,6,3,3,59,35,24
JONES COUNTY,253,3 Years,162,76,86,92,38,54,3,2,1,1,1,0,6,3,3,60,32,28
JONES COUNTY,253,4 Years,169,77,92,99,43,56,4,2,2,1,1,0,5,3,2,60,28,32
JONES COUNTY,253,5 Years,172,85,87,98,45,53,4,2,2,1,1,0,6,4,2,63,33,30
JONES COUNTY,253,6 Years,185,99,86,105,55,50,6,3,3,1,1,0,6,3,3,67,37,30
JONES COUNTY,253,7 Years,181,99,82,103,55,48,6,3,3,1,0,1,6,3,3,65,38,27
JONES COUNTY,253,8 Years,175,95,80,100,54,46,6,3,3,1,0,1,6,3,3,62,35,27
JONES COUNTY,253,9 Years,209,100,109,119,63,56,6,2,4,1,0,1,5,3,2,78,32,46
JONES COUNTY,253,10 Years,194,104,90,112,62,50,8,4,4,0,0,0,4,3,1,70,35,35
JONES COUNTY,253,11 Years,179,103,76,100,54,46,6,3,3,0,0,0,6,4,2,67,42,25
JONES COUNTY,253,12 Years,186,104,82,110,61,49,4,2,2,1,0,1,6,4,2,65,37,28
JONES COUNTY,253,13 Years,197,103,94,100,54,46,5,2,3,0,0,0,10,7,3,82,40,42
JONES COUNTY,253,14 Years,193,92,101,104,48,56,7,4,3,0,0,0,7,6,1,75,34,41
JONES COUNTY,253,15 Years,191,97,94,107,54,53,8,5,3,0,0,0,9,5,4,67,33,34
JONES COUNTY,253,16 Years,197,93,104,101,53,48,17,4,13,1,0,1,9,4,5,69,32,37
JONES COUNTY,253,17 Years,183,94,89,87,42,45,11,4,7,1,0,1,5,3,2,79,45,34
JONES COUNTY,253,18 Years,209,128,81,92,48,44,32,25,7,1,0,1,10,5,5,74,50,24
JONES COUNTY,253,19 Years,196,128,68,79,47,32,28,23,5,2,1,1,6,3,3,81,54,27
JONES COUNTY,253,20 Years,269,199,70,99,71,28,54,48,6,0,0,0,10,5,5,106,75,31
JONES COUNTY,253,21 Years,282,211,71,99,66,33,59,53,6,4,1,3,9,3,6,111,88,23
JONES COUNTY,253,22 Years,268,199,69,110,69,41,45,41,4,1,0,1,4,2,2,108,87,21
JONES COUNTY,253,23 Years,300,224,76,127,81,46,42,36,6,3,2,1,10,7,3,118,98,20
JONES COUNTY,253,24 Years,315,244,71,128,84,44,46,44,2,2,0,2,5,2,3,134,114,20
JONES COUNTY,253,25 Years,317,235,82,150,90,60,42,40,2,0,0,0,6,5,1,119,100,19
JONES COUNTY,253,26 Years,337,243,94,165,102,63,41,37,4,1,0,1,5,5,0,125,99,26
JONES COUNTY,253,27 Years,361,267,94,181,119,62,53,47,6,1,0,1,2,2,0,124,99,25
JONES COUNTY,253,28 Years,390,300,90,191,129,62,67,61,6,0,0,0,2,1,1,130,109,21
JONES COUNTY,253,29 Years,367,268,99,170,103,67,62,60,2,0,0,0,2,1,1,133,104,29
JONES COUNTY,253,30 Years,349,266,83,168,102,66,71,71,0,0,0,0,1,0,1,109,93,16
JONES COUNTY,253,31 Years,370,274,96,168,106,62,83,79,4,0,0,0,3,2,1,116,87,29
JONES COUNTY,253,32 Years,375,289,86,163,111,52,76,73,3,1,1,0,5,4,1,130,100,30
JONES COUNTY,253,33 Years,366,279,87,150,91,59,82,78,4,1,1,0,1,0,1,132,109,23
JONES COUNTY,253,34 Years,361,263,98,161,96,65,72,70,2,0,0,0,4,3,1,124,94,30
JONES COUNTY,253,35 Years,333,246,87,148,96,52,75,72,3,1,1,0,1,1,0,108,76,32
JONES COUNTY,253,36 Years,341,260,81,150,104,46,70,66,4,1,1,0,2,1,1,118,88,30
JONES COUNTY,253,37 Years,320,244,76,158,107,51,59,58,1,2,2,0,2,0,2,99,77,22
JONES COUNTY,253,38 Years,319,233,86,164,104,60,50,48,2,1,0,1,4,1,3,100,80,20
JONES COUNTY,253,39 Years,316,225,91,151,97,54,54,51,3,0,0,0,3,1,2,108,76,32
JONES COUNTY,253,40 Years,295,226,69,145,99,46,59,56,3,1,0,1,0,0,0,90,71,19
JONES COUNTY,253,41 Years,289,222,67,142,94,48,60,56,4,0,0,0,2,2,0,85,70,15
JONES COUNTY,253,42 Years,257,193,64,131,86,45,53,49,4,0,0,0,1,1,0,72,57,15
JONES COUNTY,253,43 Years,270,196,74,137,86,51,46,42,4,0,0,0,1,1,0,86,67,19
JONES COUNTY,253,44 Years,290,204,86,145,89,56,56,52,4,2,0,2,2,1,1,85,62,23
JONES COUNTY,253,45 Years,281,208,73,136,84,52,52,49,3,2,1,1,5,4,1,86,70,16
JONES COUNTY,253,46 Years,260,188,72,144,92,52,38,38,0,2,2,0,4,1,3,72,55,17
JONES COUNTY,253,47 Years,272,197,75,142,92,50,43,41,2,3,1,2,3,1,2,81,62,19
JONES COUNTY,253,48 Years,263,186,77,137,87,50,45,39,6,0,0,0,3,0,3,78,60,18
JONES COUNTY,253,49 Years,283,191,92,168,100,68,42,38,4,2,1,1,2,1,1,69,51,18
JONES COUNTY,253,50 Years,252,176,76,145,90,55,39,36,3,4,2,2,3,3,0,61,45,16
JONES COUNTY,253,51 Years,227,158,69,141,89,52,28,27,1,2,0,2,5,4,1,51,38,13
JONES COUNTY,253,52 Years,223,153,70,139,88,51,25,21,4,2,2,0,3,1,2,54,41,13
JONES COUNTY,253,53 Years,228,152,76,144,88,56,24,21,3,2,2,0,3,2,1,55,39,16
JONES COUNTY,253,54 Years,254,165,89,162,96,66,24,19,5,1,1,0,3,1,2,64,48,16
JONES COUNTY,253,55 Years,245,145,100,171,94,77,17,13,4,3,0,3,4,4,0,50,34,16
JONES COUNTY,253,56 Years,239,137,102,172,91,81,13,10,3,1,0,1,1,0,1,52,36,16
JONES COUNTY,253,57 Years,245,146,99,176,95,81,19,16,3,1,1,0,3,1,2,46,33,13
JONES COUNTY,253,58 Years,249,135,114,174,86,88,21,15,6,1,1,0,4,3,1,49,30,19
JONES COUNTY,253,59 Years,248,136,112,176,89,87,20,16,4,1,0,1,4,3,1,47,28,19
JONES COUNTY,253,60 Years,222,130,92,168,97,71,18,12,6,2,0,2,0,0,0,34,21,13
JONES COUNTY,253,61 Years,217,122,95,159,86,73,21,13,8,2,1,1,4,3,1,31,19,12
JONES COUNTY,253,62 Years,209,110,99,157,82,75,17,11,6,0,0,0,3,1,2,32,16,16
JONES COUNTY,253,63 Years,219,112,107,168,84,84,15,10,5,0,0,0,3,1,2,33,17,16
JONES COUNTY,253,64 Years,222,113,109,169,83,86,12,9,3,1,0,1,5,1,4,35,20,15
JONES COUNTY,253,65 Years,206,98,108,163,77,86,10,5,5,1,0,1,3,0,3,29,16,13
JONES COUNTY,253,66 Years,188,96,92,147,75,72,14,7,7,1,1,0,0,0,0,26,13,13
JONES COUNTY,253,67 Years,187,97,90,147,73,74,11,8,3,0,0,0,1,0,1,28,16,12
JONES COUNTY,253,68 Years,172,91,81,133,70,63,10,6,4,1,0,1,2,0,2,26,15,11
JONES COUNTY,253,69 Years,160,86,74,127,68,59,6,5,1,1,0,1,3,0,3,23,13,10
JONES COUNTY,253,70 Years,158,81,77,126,63,63,7,5,2,1,0,1,2,0,2,22,13,9
JONES COUNTY,253,71 Years,178,84,94,142,66,76,6,5,1,1,0,1,0,0,0,29,13,16
JONES COUNTY,253,72 Years,173,94,79,142,77,65,6,4,2,0,0,0,1,0,1,24,13,11
JONES COUNTY,253,73 Years,134,73,61,107,59,48,4,2,2,1,0,1,1,0,1,21,12,9
JONES COUNTY,253,74 Years,127,66,61,100,50,50,4,3,1,0,0,0,1,0,1,22,13,9
JONES COUNTY,253,75 Years,143,62,81,105,40,65,7,4,3,1,0,1,1,1,0,29,17,12
JONES COUNTY,253,76 Years,132,63,69,100,44,56,5,3,2,0,0,0,1,0,1,26,16,10
JONES COUNTY,253,77 Years,111,56,55,89,44,45,5,2,3,1,1,0,1,0,1,15,9,6
JONES COUNTY,253,78 Years,115,55,60,89,42,47,6,2,4,0,0,0,3,2,1,17,9,8
JONES COUNTY,253,79 Years,109,52,57,80,40,40,3,1,2,1,1,0,4,2,2,21,8,13
JONES COUNTY,253,80 Years,96,48,48,71,34,37,5,2,3,1,1,0,1,1,0,18,10,8
JONES COUNTY,253,81 Years,91,45,46,70,35,35,4,2,2,0,0,0,3,1,2,14,7,7
JONES COUNTY,253,82 Years,88,41,47,65,30,35,7,5,2,0,0,0,1,1,0,15,5,10
JONES COUNTY,253,83 Years,76,32,44,60,26,34,5,3,2,0,0,0,1,0,1,10,3,7
JONES COUNTY,253,84 Years,64,29,35,47,24,23,2,0,2,0,0,0,1,0,1,14,5,9
JONES COUNTY,253,85 Years,59,21,38,41,16,25,5,1,4,0,0,0,2,0,2,11,4,7
JONES COUNTY,253,86 Years,53,22,31,38,16,22,2,1,1,1,0,1,2,1,1,10,4,6
JONES COUNTY,253,87 Years,57,21,36,42,15,27,3,2,1,0,0,0,2,0,2,10,4,6
JONES COUNTY,253,88 Years,44,19,25,32,12,20,5,3,2,0,0,0,1,0,1,6,4,2
JONES COUNTY,253,89 Years,41,17,24,30,12,18,3,1,2,0,0,0,0,0,0,8,4,4
JONES COUNTY,253,90 Years,33,13,20,23,8,15,1,0,1,0,0,0,1,1,0,8,4,4
JONES COUNTY,253,91 Years,31,14,17,23,9,14,2,1,1,0,0,0,1,1,0,5,3,2
JONES COUNTY,253,92 Years,26,13,13,21,9,12,1,1,0,0,0,0,0,0,0,4,3,1
JONES COUNTY,253,93 Years,20,8,12,14,5,9,0,0,0,0,0,0,1,0,1,5,3,2
JONES COUNTY,253,94 Years,17,4,13,11,3,8,1,0,1,0,0,0,1,0,1,4,1,3
JONES COUNTY,253,95 Years +,38,10,28,26,7,19,4,1,3,0,0,0,1,0,1,7,2,5
KARNES COUNTY,255,All Ages,15508,9047,6461,5658,3101,2557,1132,1023,109,34,14,20,154,77,77,8530,4832,3698
KARNES COUNTY,255,< 1 Year,167,87,80,53,25,28,5,2,3,1,0,1,3,1,2,105,59,46
KARNES COUNTY,255,1 Years,179,92,87,55,26,29,2,1,1,1,0,1,4,2,2,117,63,54
KARNES COUNTY,255,2 Years,189,95,94,58,29,29,3,2,1,1,0,1,5,2,3,122,62,60
KARNES COUNTY,255,3 Years,201,105,96,61,35,26,3,2,1,2,1,1,5,3,2,130,64,66
KARNES COUNTY,255,4 Years,210,115,95,66,39,27,4,3,1,2,1,1,6,3,3,132,69,63
KARNES COUNTY,255,5 Years,209,115,94,69,41,28,4,3,1,1,0,1,2,1,1,133,70,63
KARNES COUNTY,255,6 Years,203,110,93,66,36,30,3,3,0,0,0,0,3,1,2,131,70,61
KARNES COUNTY,255,7 Years,190,102,88,66,34,32,2,1,1,0,0,0,0,0,0,122,67,55
KARNES COUNTY,255,8 Years,180,96,84,56,29,27,4,2,2,0,0,0,3,1,2,117,64,53
KARNES COUNTY,255,9 Years,189,106,83,58,40,18,6,3,3,0,0,0,3,0,3,122,63,59
KARNES COUNTY,255,10 Years,177,91,86,39,25,14,3,0,3,0,0,0,3,1,2,132,65,67
KARNES COUNTY,255,11 Years,171,88,83,45,21,24,1,1,0,0,0,0,2,1,1,123,65,58
KARNES COUNTY,255,12 Years,191,97,94,50,25,25,4,3,1,0,0,0,5,2,3,132,67,65
KARNES COUNTY,255,13 Years,202,102,100,56,30,26,8,6,2,0,0,0,4,2,2,134,64,70
KARNES COUNTY,255,14 Years,166,85,81,47,26,21,5,4,1,0,0,0,2,1,1,112,54,58
KARNES COUNTY,255,15 Years,161,85,76,44,20,24,4,2,2,0,0,0,3,1,2,110,62,48
KARNES COUNTY,255,16 Years,178,95,83,60,25,35,1,1,0,0,0,0,4,3,1,113,66,47
KARNES COUNTY,255,17 Years,154,76,78,44,18,26,3,1,2,0,0,0,4,2,2,103,55,48
KARNES COUNTY,255,18 Years,186,101,85,52,24,28,6,5,1,0,0,0,5,5,0,123,67,56
KARNES COUNTY,255,19 Years,179,98,81,45,18,27,8,7,1,0,0,0,3,2,1,123,71,52
KARNES COUNTY,255,20 Years,203,130,73,51,30,21,13,11,2,0,0,0,4,3,1,135,86,49
KARNES COUNTY,255,21 Years,204,134,70,47,30,17,14,13,1,0,0,0,3,2,1,140,89,51
KARNES COUNTY,255,22 Years,227,151,76,65,37,28,14,14,0,0,0,0,2,2,0,146,98,48
KARNES COUNTY,255,23 Years,224,157,67,57,35,22,20,20,0,1,1,0,1,0,1,145,101,44
KARNES COUNTY,255,24 Years,221,147,74,62,36,26,26,25,1,0,0,0,3,3,0,130,83,47
KARNES COUNTY,255,25 Years,252,174,78,67,39,28,27,25,2,1,0,1,1,1,0,156,109,47
KARNES COUNTY,255,26 Years,266,178,88,75,45,30,24,22,2,0,0,0,3,2,1,164,109,55
KARNES COUNTY,255,27 Years,253,165,88,72,41,31,27,26,1,0,0,0,5,4,1,149,94,55
KARNES COUNTY,255,28 Years,287,191,96,86,53,33,29,29,0,0,0,0,2,2,0,170,107,63
KARNES COUNTY,255,29 Years,289,194,95,77,54,23,38,37,1,1,1,0,1,0,1,172,102,70
KARNES COUNTY,255,30 Years,269,192,77,66,48,18,34,32,2,0,0,0,2,1,1,167,111,56
KARNES COUNTY,255,31 Years,284,189,95,70,41,29,42,38,4,0,0,0,1,0,1,171,110,61
KARNES COUNTY,255,32 Years,288,201,87,79,48,31,34,32,2,0,0,0,2,1,1,173,120,53
KARNES COUNTY,255,33 Years,288,191,97,71,43,28,44,41,3,2,0,2,2,1,1,169,106,63
KARNES COUNTY,255,34 Years,262,183,79,66,41,25,47,45,2,2,1,1,4,3,1,143,93,50
KARNES COUNTY,255,35 Years,241,172,69,58,35,23,44,42,2,1,1,0,0,0,0,138,94,44
KARNES COUNTY,255,36 Years,209,143,66,54,31,23,37,35,2,0,0,0,0,0,0,118,77,41
KARNES COUNTY,255,37 Years,210,140,70,60,35,25,35,33,2,1,1,0,3,2,1,111,69,42
KARNES COUNTY,255,38 Years,232,155,77,68,40,28,34,32,2,1,1,0,2,1,1,127,81,46
KARNES COUNTY,255,39 Years,232,153,79,77,45,32,31,31,0,0,0,0,1,0,1,123,77,46
KARNES COUNTY,255,40 Years,208,134,74,62,34,28,32,31,1,0,0,0,1,0,1,113,69,44
KARNES COUNTY,255,41 Years,190,122,68,60,32,28,21,20,1,0,0,0,2,1,1,107,69,38
KARNES COUNTY,255,42 Years,194,120,74,60,34,26,28,27,1,0,0,0,0,0,0,106,59,47
KARNES COUNTY,255,43 Years,183,114,69,61,33,28,26,25,1,0,0,0,4,4,0,92,52,40
KARNES COUNTY,255,44 Years,190,127,63,65,45,20,29,28,1,0,0,0,1,1,0,95,53,42
KARNES COUNTY,255,45 Years,182,112,70,69,43,26,22,20,2,1,0,1,2,0,2,88,49,39
KARNES COUNTY,255,46 Years,178,112,66,62,42,20,22,21,1,1,0,1,2,2,0,91,47,44
KARNES COUNTY,255,47 Years,171,109,62,61,40,21,18,17,1,0,0,0,0,0,0,92,52,40
KARNES COUNTY,255,48 Years,174,108,66,71,42,29,13,13,0,0,0,0,2,2,0,88,51,37
KARNES COUNTY,255,49 Years,186,117,69,74,46,28,17,16,1,1,1,0,0,0,0,94,54,40
KARNES COUNTY,255,50 Years,138,87,51,50,31,19,14,12,2,0,0,0,2,1,1,72,43,29
KARNES COUNTY,255,51 Years,149,81,68,61,29,32,11,11,0,0,0,0,1,0,1,76,41,35
KARNES COUNTY,255,52 Years,139,74,65,55,26,29,11,11,0,0,0,0,0,0,0,73,37,36
KARNES COUNTY,255,53 Years,152,85,67,56,31,25,11,11,0,2,0,2,2,1,1,81,42,39
KARNES COUNTY,255,54 Years,182,98,84,84,45,39,10,9,1,3,0,3,0,0,0,85,44,41
KARNES COUNTY,255,55 Years,184,103,81,96,53,43,10,9,1,1,0,1,0,0,0,77,41,36
KARNES COUNTY,255,56 Years,171,100,71,83,48,35,10,10,0,0,0,0,1,0,1,77,42,35
KARNES COUNTY,255,57 Years,179,106,73,79,52,27,11,9,2,1,1,0,1,0,1,87,44,43
KARNES COUNTY,255,58 Years,176,100,76,80,50,30,10,8,2,1,1,0,3,1,2,82,40,42
KARNES COUNTY,255,59 Years,179,105,74,92,55,37,7,6,1,1,1,0,3,1,2,76,42,34
KARNES COUNTY,255,60 Years,178,96,82,87,47,40,7,5,2,0,0,0,1,0,1,83,44,39
KARNES COUNTY,255,61 Years,174,84,90,83,39,44,6,5,1,0,0,0,0,0,0,85,40,45
KARNES COUNTY,255,62 Years,185,97,88,86,43,43,8,6,2,0,0,0,2,0,2,89,48,41
KARNES COUNTY,255,63 Years,176,92,84,84,42,42,6,3,3,0,0,0,1,0,1,85,47,38
KARNES COUNTY,255,64 Years,178,91,87,86,48,38,6,3,3,0,0,0,0,0,0,86,40,46
KARNES COUNTY,255,65 Years,174,86,88,83,39,44,7,5,2,1,1,0,2,0,2,81,41,40
KARNES COUNTY,255,66 Years,175,90,85,90,43,47,7,6,1,0,0,0,1,0,1,77,41,36
KARNES COUNTY,255,67 Years,154,71,83,83,37,46,3,2,1,1,0,1,1,0,1,66,32,34
KARNES COUNTY,255,68 Years,138,67,71,74,36,38,2,2,0,1,0,1,0,0,0,61,29,32
KARNES COUNTY,255,69 Years,131,68,63,68,37,31,4,4,0,0,0,0,1,0,1,58,27,31
KARNES COUNTY,255,70 Years,125,68,57,72,39,33,3,3,0,0,0,0,0,0,0,50,26,24
KARNES COUNTY,255,71 Years,140,70,70,81,42,39,3,2,1,0,0,0,0,0,0,56,26,30
KARNES COUNTY,255,72 Years,140,72,68,87,46,41,4,3,1,0,0,0,0,0,0,49,23,26
KARNES COUNTY,255,73 Years,107,50,57,63,31,32,3,2,1,1,1,0,0,0,0,40,16,24
KARNES COUNTY,255,74 Years,94,46,48,51,26,25,4,3,1,0,0,0,0,0,0,39,17,22
KARNES COUNTY,255,75 Years,98,49,49,61,31,30,3,3,0,0,0,0,0,0,0,34,15,19
KARNES COUNTY,255,76 Years,84,45,39,51,28,23,2,1,1,0,0,0,1,1,0,30,15,15
KARNES COUNTY,255,77 Years,79,41,38,47,23,24,2,2,0,0,0,0,0,0,0,30,16,14
KARNES COUNTY,255,78 Years,83,45,38,50,28,22,2,2,0,0,0,0,0,0,0,31,15,16
KARNES COUNTY,255,79 Years,70,34,36,45,25,20,1,1,0,0,0,0,1,0,1,23,8,15
KARNES COUNTY,255,80 Years,77,36,41,48,24,24,3,1,2,0,0,0,2,0,2,24,11,13
KARNES COUNTY,255,81 Years,77,36,41,46,21,25,1,0,1,0,0,0,1,0,1,29,15,14
KARNES COUNTY,255,82 Years,66,35,31,42,19,23,2,1,1,0,0,0,0,0,0,22,15,7
KARNES COUNTY,255,83 Years,64,28,36,43,20,23,2,1,1,0,0,0,0,0,0,19,7,12
KARNES COUNTY,255,84 Years,56,21,35,35,16,19,0,0,0,0,0,0,0,0,0,21,5,16
KARNES COUNTY,255,85 Years,50,18,32,30,14,16,0,0,0,0,0,0,1,0,1,19,4,15
KARNES COUNTY,255,86 Years,49,20,29,29,13,16,1,1,0,0,0,0,1,0,1,18,6,12
KARNES COUNTY,255,87 Years,41,18,23,25,12,13,1,1,0,0,0,0,0,0,0,15,5,10
KARNES COUNTY,255,88 Years,37,12,25,23,7,16,1,1,0,0,0,0,0,0,0,13,4,9
KARNES COUNTY,255,89 Years,38,15,23,24,9,15,1,1,0,0,0,0,0,0,0,13,5,8
KARNES COUNTY,255,90 Years,28,11,17,17,8,9,2,0,2,0,0,0,0,0,0,9,3,6
KARNES COUNTY,255,91 Years,24,8,16,17,6,11,1,0,1,0,0,0,0,0,0,6,2,4
KARNES COUNTY,255,92 Years,23,7,16,15,5,10,1,0,1,0,0,0,0,0,0,7,2,5
KARNES COUNTY,255,93 Years,16,6,10,11,5,6,0,0,0,0,0,0,0,0,0,5,1,4
KARNES COUNTY,255,94 Years,15,8,7,8,4,4,2,2,0,0,0,0,0,0,0,5,2,3
KARNES COUNTY,255,95 Years +,36,11,25,14,4,10,5,2,3,0,0,0,0,0,0,17,5,12
KAUFMAN COUNTY,257,All Ages,135410,66957,68453,87360,43109,44251,14485,7093,7392,1207,527,680,3033,1447,1586,29325,14781,14544
KAUFMAN COUNTY,257,< 1 Year,1892,962,930,960,481,479,273,144,129,22,13,9,88,48,40,549,276,273
KAUFMAN COUNTY,257,1 Years,1894,964,930,951,481,470,264,138,126,22,12,10,90,48,42,567,285,282
KAUFMAN COUNTY,257,2 Years,1885,983,902,979,511,468,231,118,113,24,14,10,92,47,45,559,293,266
KAUFMAN COUNTY,257,3 Years,1846,965,881,969,519,450,210,105,105,23,12,11,93,44,49,551,285,266
KAUFMAN COUNTY,257,4 Years,1833,955,878,983,532,451,207,101,106,21,10,11,88,40,48,534,272,262
KAUFMAN COUNTY,257,5 Years,1819,936,883,987,529,458,212,103,109,19,8,11,76,34,42,525,262,263
KAUFMAN COUNTY,257,6 Years,1814,928,886,1011,533,478,204,99,105,16,8,8,65,27,38,518,261,257
KAUFMAN COUNTY,257,7 Years,1793,916,877,990,520,470,205,103,102,13,6,7,55,22,33,530,265,265
KAUFMAN COUNTY,257,8 Years,1800,926,874,996,529,467,201,100,101,11,5,6,52,22,30,540,270,270
KAUFMAN COUNTY,257,9 Years,1822,919,903,959,483,476,211,109,102,12,5,7,52,28,24,588,294,294
KAUFMAN COUNTY,257,10 Years,1977,989,988,1052,521,531,218,122,96,12,5,7,51,24,27,644,317,327
KAUFMAN COUNTY,257,11 Years,2096,1020,1076,1143,531,612,234,128,106,19,9,10,62,27,35,638,325,313
KAUFMAN COUNTY,257,12 Years,2069,1044,1025,1165,581,584,241,138,103,14,8,6,68,30,38,581,287,294
KAUFMAN COUNTY,257,13 Years,2113,1056,1057,1166,597,569,207,107,100,15,10,5,72,33,39,653,309,344
KAUFMAN COUNTY,257,14 Years,2022,1037,985,1088,561,527,232,126,106,26,7,19,71,36,35,605,307,298
KAUFMAN COUNTY,257,15 Years,1999,1046,953,1075,582,493,225,119,106,18,8,10,61,32,29,620,305,315
KAUFMAN COUNTY,257,16 Years,1924,996,928,1042,546,496,204,114,90,19,9,10,59,30,29,600,297,303
KAUFMAN COUNTY,257,17 Years,1881,960,921,1041,525,516,197,100,97,14,8,6,67,35,32,562,292,270
KAUFMAN COUNTY,257,18 Years,1822,935,887,1006,529,477,187,94,93,19,10,9,69,34,35,541,268,273
KAUFMAN COUNTY,257,19 Years,1597,847,750,849,448,401,156,80,76,16,12,4,65,32,33,511,275,236
KAUFMAN COUNTY,257,20 Years,1465,773,692,806,419,387,157,89,68,15,8,7,44,22,22,443,235,208
KAUFMAN COUNTY,257,21 Years,1524,797,727,803,434,369,144,83,61,27,6,21,54,33,21,496,241,255
KAUFMAN COUNTY,257,22 Years,1565,827,738,873,457,416,162,95,67,21,8,13,44,25,19,465,242,223
KAUFMAN COUNTY,257,23 Years,1673,853,820,947,487,460,179,94,85,13,7,6,52,20,32,482,245,237
KAUFMAN COUNTY,257,24 Years,1732,902,830,1011,537,474,191,99,92,13,7,6,63,26,37,454,233,221
KAUFMAN COUNTY,257,25 Years,1852,905,947,1084,539,545,200,102,98,13,3,10,57,30,27,498,231,267
KAUFMAN COUNTY,257,26 Years,1969,950,1019,1152,565,587,220,105,115,10,4,6,67,32,35,520,244,276
KAUFMAN COUNTY,257,27 Years,2006,961,1045,1210,603,607,268,124,144,8,4,4,46,18,28,474,212,262
KAUFMAN COUNTY,257,28 Years,1936,964,972,1154,596,558,268,115,153,15,8,7,37,22,15,462,223,239
KAUFMAN COUNTY,257,29 Years,1931,965,966,1166,610,556,266,112,154,9,6,3,31,17,14,459,220,239
KAUFMAN COUNTY,257,30 Years,1858,908,950,1114,553,561,234,104,130,10,6,4,25,14,11,475,231,244
KAUFMAN COUNTY,257,31 Years,1770,853,917,1121,527,594,178,88,90,11,7,4,22,10,12,438,221,217
KAUFMAN COUNTY,257,32 Years,1823,910,913,1192,582,610,187,97,90,15,8,7,29,8,21,400,215,185
KAUFMAN COUNTY,257,33 Years,1875,927,948,1181,576,605,223,97,126,13,4,9,28,14,14,430,236,194
KAUFMAN COUNTY,257,34 Years,1808,876,932,1122,557,565,225,106,119,6,2,4,27,11,16,428,200,228
KAUFMAN COUNTY,257,35 Years,1834,896,938,1170,573,597,219,95,124,10,6,4,22,11,11,413,211,202
KAUFMAN COUNTY,257,36 Years,1905,924,981,1165,553,612,218,102,116,15,5,10,23,11,12,484,253,231
KAUFMAN COUNTY,257,37 Years,1822,884,938,1125,537,588,223,117,106,13,3,10,27,10,17,434,217,217
KAUFMAN COUNTY,257,38 Years,1895,914,981,1204,569,635,204,108,96,10,5,5,26,13,13,451,219,232
KAUFMAN COUNTY,257,39 Years,1851,902,949,1191,561,630,169,88,81,14,5,9,20,11,9,457,237,220
KAUFMAN COUNTY,257,40 Years,1787,879,908,1159,565,594,166,79,87,12,5,7,23,10,13,427,220,207
KAUFMAN COUNTY,257,41 Years,1795,895,900,1133,558,575,194,101,93,10,3,7,22,12,10,436,221,215
KAUFMAN COUNTY,257,42 Years,1752,880,872,1078,546,532,179,84,95,25,6,19,23,11,12,447,233,214
KAUFMAN COUNTY,257,43 Years,1776,874,902,1133,568,565,173,71,102,31,7,24,20,11,9,419,217,202
KAUFMAN COUNTY,257,44 Years,1791,900,891,1133,572,561,189,90,99,19,4,15,20,9,11,430,225,205
KAUFMAN COUNTY,257,45 Years,1763,871,892,1132,555,577,195,100,95,21,10,11,21,8,13,394,198,196
KAUFMAN COUNTY,257,46 Years,1737,849,888,1100,537,563,203,103,100,31,8,23,23,9,14,380,192,188
KAUFMAN COUNTY,257,47 Years,1798,873,925,1183,575,608,199,102,97,21,8,13,23,11,12,372,177,195
KAUFMAN COUNTY,257,48 Years,1821,904,917,1228,617,611,198,94,104,18,8,10,21,11,10,356,174,182
KAUFMAN COUNTY,257,49 Years,1823,931,892,1227,636,591,199,101,98,34,11,23,24,14,10,339,169,170
KAUFMAN COUNTY,257,50 Years,1736,862,874,1152,569,583,192,97,95,29,13,16,25,14,11,338,169,169
KAUFMAN COUNTY,257,51 Years,1610,823,787,1086,548,538,182,90,92,21,10,11,20,9,11,301,166,135
KAUFMAN COUNTY,257,52 Years,1631,825,806,1134,557,577,177,92,85,14,6,8,19,12,7,287,158,129
KAUFMAN COUNTY,257,53 Years,1605,787,818,1113,536,577,209,105,104,14,5,9,18,6,12,251,135,116
KAUFMAN COUNTY,257,54 Years,1649,809,840,1140,560,580,205,97,108,13,7,6,28,12,16,263,133,130
KAUFMAN COUNTY,257,55 Years,1735,858,877,1249,617,632,189,87,102,16,9,7,27,13,14,254,132,122
KAUFMAN COUNTY,257,56 Years,1700,843,857,1247,614,633,169,79,90,15,9,6,20,8,12,249,133,116
KAUFMAN COUNTY,257,57 Years,1645,833,812,1226,626,600,171,81,90,12,4,8,21,7,14,215,115,100
KAUFMAN COUNTY,257,58 Years,1682,845,837,1265,640,625,168,79,89,11,5,6,29,12,17,209,109,100
KAUFMAN COUNTY,257,59 Years,1706,848,858,1302,641,661,163,78,85,16,7,9,31,19,12,194,103,91
KAUFMAN COUNTY,257,60 Years,1600,799,801,1239,600,639,157,79,78,11,6,5,31,18,13,162,96,66
KAUFMAN COUNTY,257,61 Years,1639,808,831,1287,633,654,171,78,93,12,6,6,29,16,13,140,75,65
KAUFMAN COUNTY,257,62 Years,1548,775,773,1225,604,621,153,79,74,13,5,8,24,11,13,133,76,57
KAUFMAN COUNTY,257,63 Years,1474,728,746,1131,547,584,147,73,74,10,5,5,36,17,19,150,86,64
KAUFMAN COUNTY,257,64 Years,1451,707,744,1133,550,583,133,57,76,14,8,6,27,12,15,144,80,64
KAUFMAN COUNTY,257,65 Years,1381,693,688,1098,545,553,123,58,65,10,4,6,22,12,10,128,74,54
KAUFMAN COUNTY,257,66 Years,1375,688,687,1096,543,553,122,57,65,13,8,5,22,9,13,122,71,51
KAUFMAN COUNTY,257,67 Years,1289,620,669,1036,500,536,119,56,63,6,4,2,23,10,13,105,50,55
KAUFMAN COUNTY,257,68 Years,1205,577,628,955,454,501,117,56,61,7,2,5,22,13,9,104,52,52
KAUFMAN COUNTY,257,69 Years,1203,559,644,974,456,518,113,48,65,13,5,8,17,7,10,86,43,43
KAUFMAN COUNTY,257,70 Years,1157,565,592,949,471,478,101,45,56,9,5,4,17,8,9,81,36,45
KAUFMAN COUNTY,257,71 Years,1117,535,582,900,442,458,101,37,64,6,3,3,13,4,9,97,49,48
KAUFMAN COUNTY,257,72 Years,1045,491,554,868,418,450,87,30,57,8,5,3,12,3,9,70,35,35
KAUFMAN COUNTY,257,73 Years,934,426,508,752,358,394,82,29,53,9,4,5,14,4,10,77,31,46
KAUFMAN COUNTY,257,74 Years,873,376,497,705,314,391,69,25,44,10,3,7,13,6,7,76,28,48
KAUFMAN COUNTY,257,75 Years,813,362,451,659,298,361,63,28,35,7,2,5,11,5,6,73,29,44
KAUFMAN COUNTY,257,76 Years,780,335,445,654,282,372,50,23,27,7,3,4,12,7,5,57,20,37
KAUFMAN COUNTY,257,77 Years,716,311,405,599,269,330,47,22,25,7,3,4,11,4,7,52,13,39
KAUFMAN COUNTY,257,78 Years,649,293,356,542,253,289,45,17,28,6,1,5,12,3,9,44,19,25
KAUFMAN COUNTY,257,79 Years,562,265,297,480,229,251,44,14,30,5,3,2,8,5,3,25,14,11
KAUFMAN COUNTY,257,80 Years,528,240,288,447,204,243,38,13,25,3,0,3,6,3,3,34,20,14
KAUFMAN COUNTY,257,81 Years,439,187,252,367,158,209,29,11,18,2,0,2,6,3,3,35,15,20
KAUFMAN COUNTY,257,82 Years,405,177,228,321,143,178,31,10,21,3,2,1,8,5,3,42,17,25
KAUFMAN COUNTY,257,83 Years,358,157,201,302,134,168,23,9,14,5,1,4,7,2,5,21,11,10
KAUFMAN COUNTY,257,84 Years,348,137,211,302,114,188,18,8,10,4,2,2,7,2,5,17,11,6
KAUFMAN COUNTY,257,85 Years,304,121,183,268,103,165,17,8,9,0,0,0,6,3,3,13,7,6
KAUFMAN COUNTY,257,86 Years,295,111,184,255,95,160,23,9,14,1,0,1,2,1,1,14,6,8
KAUFMAN COUNTY,257,87 Years,244,94,150,214,82,132,17,8,9,1,0,1,2,0,2,10,4,6
KAUFMAN COUNTY,257,88 Years,231,79,152,202,69,133,12,6,6,2,0,2,1,1,0,14,3,11
KAUFMAN COUNTY,257,89 Years,195,64,131,177,58,119,9,4,5,0,0,0,0,0,0,9,2,7
KAUFMAN COUNTY,257,90 Years,156,49,107,134,42,92,9,3,6,1,0,1,3,1,2,9,3,6
KAUFMAN COUNTY,257,91 Years,129,41,88,111,34,77,9,3,6,0,0,0,2,1,1,7,3,4
KAUFMAN COUNTY,257,92 Years,101,33,68,87,27,60,6,2,4,1,0,1,2,1,1,5,3,2
KAUFMAN COUNTY,257,93 Years,87,26,61,73,22,51,5,2,3,1,0,1,2,0,2,6,2,4
KAUFMAN COUNTY,257,94 Years,76,21,55,63,17,46,5,2,3,0,0,0,2,0,2,6,2,4
KAUFMAN COUNTY,257,95 Years +,169,43,126,132,30,102,16,6,10,1,1,0,3,1,2,17,5,12
KENDALL COUNTY,259,All Ages,47284,23034,24250,34314,16558,17756,176,99,77,226,92,134,586,307,279,11982,5978,6004
KENDALL COUNTY,259,< 1 Year,440,221,219,266,132,134,5,2,3,0,0,0,16,11,5,153,76,77
KENDALL COUNTY,259,1 Years,468,242,226,289,149,140,5,2,3,0,0,0,12,8,4,162,83,79
KENDALL COUNTY,259,2 Years,482,244,238,303,152,151,7,3,4,0,0,0,11,7,4,161,82,79
KENDALL COUNTY,259,3 Years,512,265,247,324,163,161,5,3,2,0,0,0,6,3,3,177,96,81
KENDALL COUNTY,259,4 Years,531,265,266,345,167,178,2,1,1,0,0,0,5,2,3,179,95,84
KENDALL COUNTY,259,5 Years,535,275,260,352,173,179,2,1,1,0,0,0,4,2,2,177,99,78
KENDALL COUNTY,259,6 Years,553,276,277,368,182,186,1,1,0,2,2,0,6,4,2,176,87,89
KENDALL COUNTY,259,7 Years,569,279,290,366,176,190,2,1,1,1,1,0,8,4,4,192,97,95
KENDALL COUNTY,259,8 Years,616,293,323,388,180,208,1,1,0,1,1,0,8,5,3,218,106,112
KENDALL COUNTY,259,9 Years,656,318,338,418,201,217,1,1,0,1,0,1,6,6,0,230,110,120
KENDALL COUNTY,259,10 Years,597,292,305,375,182,193,1,1,0,1,1,0,9,4,5,211,104,107
KENDALL COUNTY,259,11 Years,646,332,314,404,210,194,0,0,0,2,1,1,4,1,3,236,120,116
KENDALL COUNTY,259,12 Years,598,310,288,390,206,184,1,1,0,1,1,0,6,3,3,200,99,101
KENDALL COUNTY,259,13 Years,642,314,328,420,203,217,2,1,1,1,0,1,6,2,4,213,108,105
KENDALL COUNTY,259,14 Years,687,328,359,433,204,229,2,1,1,3,1,2,13,4,9,236,118,118
KENDALL COUNTY,259,15 Years,678,351,327,467,230,237,2,1,1,1,0,1,11,7,4,197,113,84
KENDALL COUNTY,259,16 Years,642,323,319,437,216,221,3,1,2,1,0,1,5,3,2,196,103,93
KENDALL COUNTY,259,17 Years,636,353,283,418,224,194,3,2,1,5,2,3,10,3,7,200,122,78
KENDALL COUNTY,259,18 Years,584,326,258,375,205,170,2,1,1,2,1,1,12,6,6,193,113,80
KENDALL COUNTY,259,19 Years,525,278,247,341,179,162,2,1,1,3,1,2,8,4,4,171,93,78
KENDALL COUNTY,259,20 Years,493,284,209,312,175,137,3,2,1,2,1,1,8,5,3,168,101,67
KENDALL COUNTY,259,21 Years,485,271,214,308,175,133,4,2,2,7,1,6,14,6,8,152,87,65
KENDALL COUNTY,259,22 Years,499,270,229,302,166,136,4,2,2,10,1,9,12,6,6,171,95,76
KENDALL COUNTY,259,23 Years,559,301,258,357,188,169,5,3,2,4,2,2,10,6,4,183,102,81
KENDALL COUNTY,259,24 Years,558,266,292,361,178,183,6,3,3,7,2,5,10,6,4,174,77,97
KENDALL COUNTY,259,25 Years,527,245,282,342,159,183,2,1,1,5,3,2,10,6,4,168,76,92
KENDALL COUNTY,259,26 Years,599,277,322,391,187,204,5,3,2,4,2,2,8,6,2,191,79,112
KENDALL COUNTY,259,27 Years,617,282,335,425,206,219,2,2,0,5,2,3,6,3,3,179,69,110
KENDALL COUNTY,259,28 Years,608,288,320,397,188,209,1,1,0,2,1,1,7,4,3,201,94,107
KENDALL COUNTY,259,29 Years,547,276,271,373,197,176,1,0,1,1,1,0,5,4,1,167,74,93
KENDALL COUNTY,259,30 Years,543,281,262,367,202,165,0,0,0,4,4,0,7,4,3,165,71,94
KENDALL COUNTY,259,31 Years,547,255,292,368,167,201,2,2,0,3,1,2,6,4,2,168,81,87
KENDALL COUNTY,259,32 Years,523,246,277,322,160,162,2,2,0,2,1,1,5,3,2,192,80,112
KENDALL COUNTY,259,33 Years,577,290,287,383,208,175,0,0,0,1,0,1,5,3,2,188,79,109
KENDALL COUNTY,259,34 Years,546,276,270,347,169,178,2,0,2,2,1,1,2,1,1,193,105,88
KENDALL COUNTY,259,35 Years,531,256,275,340,164,176,0,0,0,2,1,1,0,0,0,189,91,98
KENDALL COUNTY,259,36 Years,555,272,283,368,182,186,0,0,0,3,2,1,1,0,1,183,88,95
KENDALL COUNTY,259,37 Years,535,267,268,355,173,182,0,0,0,4,2,2,3,1,2,173,91,82
KENDALL COUNTY,259,38 Years,557,285,272,349,178,171,1,1,0,1,1,0,4,1,3,202,104,98
KENDALL COUNTY,259,39 Years,527,262,265,348,168,180,1,1,0,0,0,0,3,2,1,175,91,84
KENDALL COUNTY,259,40 Years,539,251,288,341,157,184,2,0,2,5,2,3,4,1,3,187,91,96
KENDALL COUNTY,259,41 Years,532,254,278,356,163,193,3,2,1,1,0,1,5,3,2,167,86,81
KENDALL COUNTY,259,42 Years,537,282,255,364,190,174,2,1,1,0,0,0,6,3,3,165,88,77
KENDALL COUNTY,259,43 Years,560,312,248,370,202,168,0,0,0,3,1,2,4,3,1,183,106,77
KENDALL COUNTY,259,44 Years,575,301,274,399,205,194,1,1,0,3,0,3,6,4,2,166,91,75
KENDALL COUNTY,259,45 Years,549,283,266,396,207,189,0,0,0,5,2,3,4,3,1,144,71,73
KENDALL COUNTY,259,46 Years,548,272,276,379,191,188,0,0,0,2,0,2,3,1,2,164,80,84
KENDALL COUNTY,259,47 Years,566,287,279,403,199,204,0,0,0,3,0,3,7,3,4,153,85,68
KENDALL COUNTY,259,48 Years,598,273,325,451,203,248,3,1,2,3,0,3,7,4,3,134,65,69
KENDALL COUNTY,259,49 Years,558,263,295,428,205,223,3,1,2,8,3,5,4,2,2,115,52,63
KENDALL COUNTY,259,50 Years,533,267,266,418,211,207,1,1,0,5,2,3,5,3,2,104,50,54
KENDALL COUNTY,259,51 Years,548,254,294,401,184,217,3,2,1,3,1,2,8,5,3,133,62,71
KENDALL COUNTY,259,52 Years,568,272,296,415,204,211,2,1,1,7,4,3,7,4,3,137,59,78
KENDALL COUNTY,259,53 Years,551,282,269,406,213,193,1,1,0,4,3,1,7,2,5,133,63,70
KENDALL COUNTY,259,54 Years,635,307,328,483,238,245,2,1,1,3,2,1,6,3,3,141,63,78
KENDALL COUNTY,259,55 Years,667,331,336,493,245,248,2,2,0,7,5,2,8,4,4,157,75,82
KENDALL COUNTY,259,56 Years,640,316,324,507,250,257,3,2,1,5,2,3,10,4,6,115,58,57
KENDALL COUNTY,259,57 Years,672,306,366,522,235,287,5,3,2,2,0,2,7,3,4,136,65,71
KENDALL COUNTY,259,58 Years,659,306,353,517,239,278,2,0,2,3,0,3,7,3,4,130,64,66
KENDALL COUNTY,259,59 Years,650,306,344,507,240,267,2,0,2,3,1,2,8,4,4,130,61,69
KENDALL COUNTY,259,60 Years,615,289,326,505,240,265,2,2,0,3,0,3,9,5,4,96,42,54
KENDALL COUNTY,259,61 Years,631,304,327,521,241,280,3,2,1,4,2,2,9,5,4,94,54,40
KENDALL COUNTY,259,62 Years,646,319,327,529,259,270,4,2,2,2,1,1,8,5,3,103,52,51
KENDALL COUNTY,259,63 Years,585,266,319,484,216,268,2,0,2,2,1,1,8,3,5,89,46,43
KENDALL COUNTY,259,64 Years,613,275,338,522,230,292,1,0,1,3,1,2,11,8,3,76,36,40
KENDALL COUNTY,259,65 Years,644,313,331,547,261,286,1,0,1,2,2,0,10,7,3,84,43,41
KENDALL COUNTY,259,66 Years,601,293,308,509,245,264,2,1,1,3,2,1,6,3,3,81,42,39
KENDALL COUNTY,259,67 Years,568,260,308,480,215,265,3,3,0,3,0,3,6,4,2,76,38,38
KENDALL COUNTY,259,68 Years,599,284,315,507,232,275,7,6,1,2,0,2,5,2,3,78,44,34
KENDALL COUNTY,259,69 Years,591,276,315,497,228,269,4,2,2,2,0,2,8,2,6,80,44,36
KENDALL COUNTY,259,70 Years,565,276,289,475,234,241,3,2,1,2,0,2,6,2,4,79,38,41
KENDALL COUNTY,259,71 Years,577,282,295,491,239,252,3,2,1,1,1,0,6,2,4,76,38,38
KENDALL COUNTY,259,72 Years,597,282,315,523,250,273,3,2,1,1,1,0,6,2,4,64,27,37
KENDALL COUNTY,259,73 Years,477,233,244,419,203,216,2,2,0,0,0,0,6,3,3,50,25,25
KENDALL COUNTY,259,74 Years,449,214,235,391,184,207,0,0,0,2,1,1,9,5,4,47,24,23
KENDALL COUNTY,259,75 Years,428,205,223,381,187,194,0,0,0,2,2,0,7,3,4,38,13,25
KENDALL COUNTY,259,76 Years,410,189,221,361,167,194,2,2,0,3,2,1,7,3,4,37,15,22
KENDALL COUNTY,259,77 Years,377,174,203,319,151,168,0,0,0,2,1,1,6,3,3,50,19,31
KENDALL COUNTY,259,78 Years,336,141,195,286,124,162,0,0,0,1,0,1,2,1,1,47,16,31
KENDALL COUNTY,259,79 Years,291,116,175,246,99,147,1,0,1,3,1,2,1,1,0,40,15,25
KENDALL COUNTY,259,80 Years,287,131,156,257,119,138,1,0,1,1,0,1,2,1,1,26,11,15
KENDALL COUNTY,259,81 Years,254,129,125,223,108,115,1,0,1,2,1,1,2,1,1,26,19,7
KENDALL COUNTY,259,82 Years,246,114,132,218,99,119,0,0,0,2,1,1,4,2,2,22,12,10
KENDALL COUNTY,259,83 Years,226,94,132,203,81,122,0,0,0,2,2,0,5,2,3,16,9,7
KENDALL COUNTY,259,84 Years,194,79,115,168,72,96,0,0,0,3,1,2,3,1,2,20,5,15
KENDALL COUNTY,259,85 Years,189,85,104,157,71,86,1,1,0,1,0,1,5,3,2,25,10,15
KENDALL COUNTY,259,86 Years,175,66,109,150,54,96,0,0,0,2,0,2,4,2,2,19,10,9
KENDALL COUNTY,259,87 Years,138,61,77,124,53,71,0,0,0,0,0,0,2,1,1,12,7,5
KENDALL COUNTY,259,88 Years,121,45,76,109,39,70,0,0,0,0,0,0,1,0,1,11,6,5
KENDALL COUNTY,259,89 Years,120,36,84,105,32,73,1,0,1,0,0,0,2,1,1,12,3,9
KENDALL COUNTY,259,90 Years,114,31,83,102,27,75,1,0,1,0,0,0,1,1,0,10,3,7
KENDALL COUNTY,259,91 Years,96,30,66,85,27,58,0,0,0,0,0,0,1,0,1,10,3,7
KENDALL COUNTY,259,92 Years,76,22,54,68,21,47,0,0,0,0,0,0,1,0,1,7,1,6
KENDALL COUNTY,259,93 Years,59,15,44,53,11,42,0,0,0,0,0,0,1,1,0,5,3,2
KENDALL COUNTY,259,94 Years,42,12,30,35,9,26,0,0,0,1,0,1,0,0,0,6,3,3
KENDALL COUNTY,259,95 Years +,132,33,99,114,25,89,1,0,1,0,0,0,1,0,1,16,8,8
KENEDY COUNTY,261,All Ages,390,201,189,83,42,41,1,0,1,1,1,0,9,5,4,296,153,143
KENEDY COUNTY,261,< 1 Year,5,2,3,0,0,0,0,0,0,0,0,0,0,0,0,5,2,3
KENEDY COUNTY,261,1 Years,2,1,1,0,0,0,0,0,0,0,0,0,0,0,0,2,1,1
KENEDY COUNTY,261,2 Years,7,4,3,3,1,2,0,0,0,0,0,0,0,0,0,4,3,1
KENEDY COUNTY,261,3 Years,3,2,1,0,0,0,0,0,0,0,0,0,0,0,0,3,2,1
KENEDY COUNTY,261,4 Years,4,3,1,0,0,0,0,0,0,0,0,0,0,0,0,4,3,1
KENEDY COUNTY,261,5 Years,5,2,3,0,0,0,0,0,0,0,0,0,0,0,0,5,2,3
KENEDY COUNTY,261,6 Years,6,2,4,0,0,0,0,0,0,0,0,0,0,0,0,6,2,4
KENEDY COUNTY,261,7 Years,6,2,4,1,1,0,0,0,0,0,0,0,0,0,0,5,1,4
KENEDY COUNTY,261,8 Years,5,2,3,2,1,1,0,0,0,0,0,0,0,0,0,3,1,2
KENEDY COUNTY,261,9 Years,10,6,4,4,2,2,0,0,0,0,0,0,1,1,0,5,3,2
KENEDY COUNTY,261,10 Years,5,3,2,2,0,2,0,0,0,0,0,0,1,1,0,2,2,0
KENEDY COUNTY,261,11 Years,5,3,2,1,0,1,0,0,0,0,0,0,1,0,1,3,3,0
KENEDY COUNTY,261,12 Years,3,3,0,0,0,0,0,0,0,0,0,0,0,0,0,3,3,0
KENEDY COUNTY,261,13 Years,3,2,1,0,0,0,0,0,0,0,0,0,0,0,0,3,2,1
KENEDY COUNTY,261,14 Years,4,1,3,1,0,1,0,0,0,0,0,0,0,0,0,3,1,2
KENEDY COUNTY,261,15 Years,2,0,2,0,0,0,0,0,0,0,0,0,0,0,0,2,0,2
KENEDY COUNTY,261,16 Years,3,2,1,0,0,0,0,0,0,0,0,0,0,0,0,3,2,1
KENEDY COUNTY,261,17 Years,4,3,1,1,1,0,0,0,0,0,0,0,0,0,0,3,2,1
KENEDY COUNTY,261,18 Years,4,1,3,1,0,1,0,0,0,0,0,0,0,0,0,3,1,2
KENEDY COUNTY,261,19 Years,5,3,2,1,0,1,0,0,0,0,0,0,0,0,0,4,3,1
KENEDY COUNTY,261,20 Years,6,3,3,2,1,1,0,0,0,0,0,0,0,0,0,4,2,2
KENEDY COUNTY,261,21 Years,6,3,3,1,1,0,0,0,0,0,0,0,0,0,0,5,2,3
KENEDY COUNTY,261,22 Years,6,3,3,0,0,0,0,0,0,0,0,0,0,0,0,6,3,3
KENEDY COUNTY,261,23 Years,3,2,1,0,0,0,0,0,0,0,0,0,0,0,0,3,2,1
KENEDY COUNTY,261,24 Years,4,3,1,0,0,0,0,0,0,0,0,0,1,1,0,3,2,1
KENEDY COUNTY,261,25 Years,6,4,2,1,0,1,0,0,0,0,0,0,1,1,0,4,3,1
KENEDY COUNTY,261,26 Years,8,5,3,3,1,2,0,0,0,0,0,0,0,0,0,5,4,1
KENEDY COUNTY,261,27 Years,6,4,2,1,1,0,0,0,0,0,0,0,0,0,0,5,3,2
KENEDY COUNTY,261,28 Years,2,1,1,0,0,0,0,0,0,0,0,0,0,0,0,2,1,1
KENEDY COUNTY,261,29 Years,3,0,3,0,0,0,0,0,0,0,0,0,0,0,0,3,0,3
KENEDY COUNTY,261,30 Years,5,1,4,1,1,0,1,0,1,0,0,0,0,0,0,3,0,3
KENEDY COUNTY,261,31 Years,3,3,0,1,1,0,0,0,0,0,0,0,0,0,0,2,2,0
KENEDY COUNTY,261,32 Years,11,7,4,1,1,0,0,0,0,0,0,0,1,1,0,9,5,4
KENEDY COUNTY,261,33 Years,6,3,3,2,0,2,0,0,0,0,0,0,0,0,0,4,3,1
KENEDY COUNTY,261,34 Years,4,2,2,3,1,2,0,0,0,0,0,0,0,0,0,1,1,0
KENEDY COUNTY,261,35 Years,4,2,2,2,1,1,0,0,0,0,0,0,0,0,0,2,1,1
KENEDY COUNTY,261,36 Years,2,1,1,2,1,1,0,0,0,0,0,0,0,0,0,0,0,0
KENEDY COUNTY,261,37 Years,4,2,2,1,1,0,0,0,0,0,0,0,0,0,0,3,1,2
KENEDY COUNTY,261,38 Years,8,3,5,2,1,1,0,0,0,0,0,0,0,0,0,6,2,4
KENEDY COUNTY,261,39 Years,3,1,2,1,1,0,0,0,0,0,0,0,0,0,0,2,0,2
KENEDY COUNTY,261,40 Years,3,1,2,0,0,0,0,0,0,0,0,0,0,0,0,3,1,2
KENEDY COUNTY,261,41 Years,3,2,1,1,1,0,0,0,0,0,0,0,0,0,0,2,1,1
KENEDY COUNTY,261,42 Years,3,1,2,1,0,1,0,0,0,0,0,0,0,0,0,2,1,1
KENEDY COUNTY,261,43 Years,2,1,1,0,0,0,0,0,0,0,0,0,0,0,0,2,1,1
KENEDY COUNTY,261,44 Years,1,1,0,0,0,0,0,0,0,0,0,0,0,0,0,1,1,0
KENEDY COUNTY,261,45 Years,3,2,1,1,0,1,0,0,0,0,0,0,0,0,0,2,2,0
KENEDY COUNTY,261,46 Years,3,2,1,1,1,0,0,0,0,0,0,0,0,0,0,2,1,1
KENEDY COUNTY,261,47 Years,2,1,1,1,1,0,0,0,0,0,0,0,0,0,0,1,0,1
KENEDY COUNTY,261,48 Years,3,2,1,1,1,0,0,0,0,1,1,0,0,0,0,1,0,1
KENEDY COUNTY,261,49 Years,4,3,1,1,1,0,0,0,0,0,0,0,0,0,0,3,2,1
KENEDY COUNTY,261,50 Years,4,3,1,1,1,0,0,0,0,0,0,0,0,0,0,3,2,1
KENEDY COUNTY,261,51 Years,7,3,4,1,0,1,0,0,0,0,0,0,0,0,0,6,3,3
KENEDY COUNTY,261,52 Years,7,2,5,0,0,0,0,0,0,0,0,0,0,0,0,7,2,5
KENEDY COUNTY,261,53 Years,4,2,2,0,0,0,0,0,0,0,0,0,0,0,0,4,2,2
KENEDY COUNTY,261,54 Years,4,2,2,1,1,0,0,0,0,0,0,0,0,0,0,3,1,2
KENEDY COUNTY,261,55 Years,7,3,4,1,0,1,0,0,0,0,0,0,1,0,1,5,3,2
KENEDY COUNTY,261,56 Years,5,1,4,1,0,1,0,0,0,0,0,0,1,0,1,3,1,2
KENEDY COUNTY,261,57 Years,6,3,3,0,0,0,0,0,0,0,0,0,0,0,0,6,3,3
KENEDY COUNTY,261,58 Years,5,4,1,2,2,0,0,0,0,0,0,0,0,0,0,3,2,1
KENEDY COUNTY,261,59 Years,4,3,1,1,1,0,0,0,0,0,0,0,0,0,0,3,2,1
KENEDY COUNTY,261,60 Years,6,3,3,1,0,1,0,0,0,0,0,0,0,0,0,5,3,2
KENEDY COUNTY,261,61 Years,6,3,3,1,0,1,0,0,0,0,0,0,0,0,0,5,3,2
KENEDY COUNTY,261,62 Years,3,1,2,1,0,1,0,0,0,0,0,0,0,0,0,2,1,1
KENEDY COUNTY,261,63 Years,6,4,2,2,1,1,0,0,0,0,0,0,0,0,0,4,3,1
KENEDY COUNTY,261,64 Years,4,3,1,1,1,0,0,0,0,0,0,0,0,0,0,3,2,1
KENEDY COUNTY,261,65 Years,7,4,3,1,0,1,0,0,0,0,0,0,0,0,0,6,4,2
KENEDY COUNTY,261,66 Years,6,3,3,0,0,0,0,0,0,0,0,0,0,0,0,6,3,3
KENEDY COUNTY,261,67 Years,5,3,2,2,1,1,0,0,0,0,0,0,0,0,0,3,2,1
KENEDY COUNTY,261,68 Years,1,1,0,1,1,0,0,0,0,0,0,0,0,0,0,0,0,0
KENEDY COUNTY,261,69 Years,2,2,0,1,1,0,0,0,0,0,0,0,0,0,0,1,1,0
KENEDY COUNTY,261,70 Years,5,4,1,1,1,0,0,0,0,0,0,0,0,0,0,4,3,1
KENEDY COUNTY,261,71 Years,5,2,3,0,0,0,0,0,0,0,0,0,0,0,0,5,2,3
KENEDY COUNTY,261,72 Years,9,3,6,2,1,1,0,0,0,0,0,0,0,0,0,7,2,5
KENEDY COUNTY,261,73 Years,6,2,4,0,0,0,0,0,0,0,0,0,0,0,0,6,2,4
KENEDY COUNTY,261,74 Years,3,2,1,0,0,0,0,0,0,0,0,0,0,0,0,3,2,1
KENEDY COUNTY,261,75 Years,2,2,0,1,1,0,0,0,0,0,0,0,0,0,0,1,1,0
KENEDY COUNTY,261,76 Years,1,1,0,0,0,0,0,0,0,0,0,0,0,0,0,1,1,0
KENEDY COUNTY,261,77 Years,2,2,0,0,0,0,0,0,0,0,0,0,0,0,0,2,2,0
KENEDY COUNTY,261,78 Years,3,0,3,0,0,0,0,0,0,0,0,0,0,0,0,3,0,3
KENEDY COUNTY,261,79 Years,3,1,2,1,0,1,0,0,0,0,0,0,0,0,0,2,1,1
KENEDY COUNTY,261,80 Years,3,0,3,1,0,1,0,0,0,0,0,0,0,0,0,2,0,2
KENEDY COUNTY,261,81 Years,2,0,2,0,0,0,0,0,0,0,0,0,0,0,0,2,0,2
KENEDY COUNTY,261,82 Years,4,4,0,2,2,0,0,0,0,0,0,0,0,0,0,2,2,0
KENEDY COUNTY,261,83 Years,2,2,0,1,1,0,0,0,0,0,0,0,0,0,0,1,1,0
KENEDY COUNTY,261,84 Years,1,0,1,1,0,1,0,0,0,0,0,0,0,0,0,0,0,0
KENEDY COUNTY,261,85 Years,2,1,1,1,0,1,0,0,0,0,0,0,0,0,0,1,1,0
KENEDY COUNTY,261,86 Years,0,0,0,0,0,0,0,0,0,0,0,0,0,0,0,0,0,0
KENEDY COUNTY,261,87 Years,2,0,2,1,0,1,0,0,0,0,0,0,1,0,1,0,0,0
KENEDY COUNTY,261,88 Years,2,0,2,0,0,0,0,0,0,0,0,0,0,0,0,2,0,2
KENEDY COUNTY,261,89 Years,2,0,2,1,0,1,0,0,0,0,0,0,0,0,0,1,0,1
KENEDY COUNTY,261,90 Years,2,0,2,0,0,0,0,0,0,0,0,0,0,0,0,2,0,2
KENEDY COUNTY,261,91 Years,3,2,1,1,1,0,0,0,0,0,0,0,0,0,0,2,1,1
KENEDY COUNTY,261,92 Years,3,2,1,1,1,0,0,0,0,0,0,0,0,0,0,2,1,1
KENEDY COUNTY,261,93 Years,1,0,1,0,0,0,0,0,0,0,0,0,0,0,0,1,0,1
KENEDY COUNTY,261,94 Years,1,1,0,0,0,0,0,0,0,0,0,0,0,0,0,1,1,0
KENEDY COUNTY,261,95 Years +,4,1,3,1,0,1,0,0,0,0,0,0,0,0,0,3,1,2
KENT COUNTY,263,All Ages,759,377,382,618,302,316,7,2,5,0,0,0,13,7,6,121,66,55
KENT COUNTY,263,< 1 Year,6,4,2,6,4,2,0,0,0,0,0,0,0,0,0,0,0,0
KENT COUNTY,263,1 Years,5,3,2,5,3,2,0,0,0,0,0,0,0,0,0,0,0,0
KENT COUNTY,263,2 Years,7,4,3,7,4,3,0,0,0,0,0,0,0,0,0,0,0,0
KENT COUNTY,263,3 Years,6,3,3,6,3,3,0,0,0,0,0,0,0,0,0,0,0,0
KENT COUNTY,263,4 Years,8,4,4,8,4,4,0,0,0,0,0,0,0,0,0,0,0,0
KENT COUNTY,263,5 Years,11,6,5,11,6,5,0,0,0,0,0,0,0,0,0,0,0,0
KENT COUNTY,263,6 Years,11,6,5,7,3,4,0,0,0,0,0,0,0,0,0,4,3,1
KENT COUNTY,263,7 Years,9,5,4,5,2,3,0,0,0,0,0,0,0,0,0,4,3,1
KENT COUNTY,263,8 Years,7,4,3,5,3,2,0,0,0,0,0,0,0,0,0,2,1,1
KENT COUNTY,263,9 Years,9,4,5,6,3,3,1,1,0,0,0,0,0,0,0,2,0,2
KENT COUNTY,263,10 Years,9,6,3,5,3,2,0,0,0,0,0,0,0,0,0,4,3,1
KENT COUNTY,263,11 Years,7,5,2,5,4,1,0,0,0,0,0,0,0,0,0,2,1,1
KENT COUNTY,263,12 Years,7,4,3,5,3,2,0,0,0,0,0,0,1,0,1,1,1,0
KENT COUNTY,263,13 Years,6,3,3,3,2,1,0,0,0,0,0,0,0,0,0,3,1,2
KENT COUNTY,263,14 Years,7,4,3,5,3,2,0,0,0,0,0,0,0,0,0,2,1,1
KENT COUNTY,263,15 Years,11,5,6,8,3,5,0,0,0,0,0,0,0,0,0,3,2,1
KENT COUNTY,263,16 Years,8,3,5,6,2,4,0,0,0,0,0,0,0,0,0,2,1,1
KENT COUNTY,263,17 Years,13,8,5,9,5,4,0,0,0,0,0,0,0,0,0,4,3,1
KENT COUNTY,263,18 Years,10,5,5,6,3,3,0,0,0,0,0,0,0,0,0,4,2,2
KENT COUNTY,263,19 Years,9,5,4,5,2,3,0,0,0,0,0,0,0,0,0,4,3,1
KENT COUNTY,263,20 Years,7,3,4,4,2,2,0,0,0,0,0,0,0,0,0,3,1,2
KENT COUNTY,263,21 Years,9,3,6,5,2,3,0,0,0,0,0,0,1,0,1,3,1,2
KENT COUNTY,263,22 Years,8,2,6,6,2,4,0,0,0,0,0,0,0,0,0,2,0,2
KENT COUNTY,263,23 Years,10,4,6,8,3,5,0,0,0,0,0,0,1,1,0,1,0,1
KENT COUNTY,263,24 Years,8,3,5,6,2,4,0,0,0,0,0,0,0,0,0,2,1,1
KENT COUNTY,263,25 Years,7,3,4,4,1,3,1,1,0,0,0,0,0,0,0,2,1,1
KENT COUNTY,263,26 Years,8,3,5,6,2,4,0,0,0,0,0,0,1,1,0,1,0,1
KENT COUNTY,263,27 Years,8,4,4,5,2,3,0,0,0,0,0,0,0,0,0,3,2,1
KENT COUNTY,263,28 Years,7,4,3,6,3,3,0,0,0,0,0,0,0,0,0,1,1,0
KENT COUNTY,263,29 Years,4,1,3,3,1,2,0,0,0,0,0,0,0,0,0,1,0,1
KENT COUNTY,263,30 Years,3,2,1,3,2,1,0,0,0,0,0,0,0,0,0,0,0,0
KENT COUNTY,263,31 Years,4,2,2,4,2,2,0,0,0,0,0,0,0,0,0,0,0,0
KENT COUNTY,263,32 Years,6,2,4,4,1,3,0,0,0,0,0,0,1,1,0,1,0,1
KENT COUNTY,263,33 Years,5,2,3,5,2,3,0,0,0,0,0,0,0,0,0,0,0,0
KENT COUNTY,263,34 Years,7,5,2,7,5,2,0,0,0,0,0,0,0,0,0,0,0,0
KENT COUNTY,263,35 Years,4,3,1,3,2,1,0,0,0,0,0,0,0,0,0,1,1,0
KENT COUNTY,263,36 Years,7,2,5,6,1,5,0,0,0,0,0,0,0,0,0,1,1,0
KENT COUNTY,263,37 Years,6,2,4,6,2,4,0,0,0,0,0,0,0,0,0,0,0,0
KENT COUNTY,263,38 Years,7,2,5,7,2,5,0,0,0,0,0,0,0,0,0,0,0,0
KENT COUNTY,263,39 Years,9,6,3,6,4,2,0,0,0,0,0,0,0,0,0,3,2,1
KENT COUNTY,263,40 Years,6,4,2,4,3,1,0,0,0,0,0,0,1,1,0,1,0,1
KENT COUNTY,263,41 Years,2,2,0,1,1,0,0,0,0,0,0,0,0,0,0,1,1,0
KENT COUNTY,263,42 Years,4,2,2,3,1,2,0,0,0,0,0,0,0,0,0,1,1,0
KENT COUNTY,263,43 Years,6,2,4,4,2,2,2,0,2,0,0,0,0,0,0,0,0,0
KENT COUNTY,263,44 Years,8,3,5,5,3,2,0,0,0,0,0,0,0,0,0,3,0,3
KENT COUNTY,263,45 Years,6,4,2,5,3,2,0,0,0,0,0,0,0,0,0,1,1,0
KENT COUNTY,263,46 Years,7,3,4,5,2,3,0,0,0,0,0,0,0,0,0,2,1,1
KENT COUNTY,263,47 Years,8,3,5,6,2,4,0,0,0,0,0,0,0,0,0,2,1,1
KENT COUNTY,263,48 Years,8,5,3,7,4,3,0,0,0,0,0,0,0,0,0,1,1,0
KENT COUNTY,263,49 Years,5,3,2,3,1,2,0,0,0,0,0,0,0,0,0,2,2,0
KENT COUNTY,263,50 Years,8,5,3,5,3,2,0,0,0,0,0,0,0,0,0,3,2,1
KENT COUNTY,263,51 Years,6,2,4,4,1,3,0,0,0,0,0,0,1,1,0,1,0,1
KENT COUNTY,263,52 Years,10,4,6,10,4,6,0,0,0,0,0,0,0,0,0,0,0,0
KENT COUNTY,263,53 Years,13,6,7,11,6,5,0,0,0,0,0,0,0,0,0,2,0,2
KENT COUNTY,263,54 Years,13,6,7,9,3,6,0,0,0,0,0,0,0,0,0,4,3,1
KENT COUNTY,263,55 Years,11,7,4,9,6,3,0,0,0,0,0,0,0,0,0,2,1,1
KENT COUNTY,263,56 Years,9,7,2,8,6,2,0,0,0,0,0,0,0,0,0,1,1,0
KENT COUNTY,263,57 Years,7,1,6,6,1,5,0,0,0,0,0,0,0,0,0,1,0,1
KENT COUNTY,263,58 Years,11,5,6,10,5,5,0,0,0,0,0,0,0,0,0,1,0,1
KENT COUNTY,263,59 Years,14,7,7,13,7,6,0,0,0,0,0,0,0,0,0,1,0,1
KENT COUNTY,263,60 Years,8,3,5,7,3,4,0,0,0,0,0,0,0,0,0,1,0,1
KENT COUNTY,263,61 Years,17,10,7,14,7,7,0,0,0,0,0,0,0,0,0,3,3,0
KENT COUNTY,263,62 Years,15,12,3,13,10,3,0,0,0,0,0,0,0,0,0,2,2,0
KENT COUNTY,263,63 Years,11,7,4,10,6,4,0,0,0,0,0,0,0,0,0,1,1,0
KENT COUNTY,263,64 Years,11,6,5,11,6,5,0,0,0,0,0,0,0,0,0,0,0,0
KENT COUNTY,263,65 Years,8,3,5,8,3,5,0,0,0,0,0,0,0,0,0,0,0,0
KENT COUNTY,263,66 Years,10,5,5,10,5,5,0,0,0,0,0,0,0,0,0,0,0,0
KENT COUNTY,263,67 Years,7,3,4,6,3,3,0,0,0,0,0,0,0,0,0,1,0,1
KENT COUNTY,263,68 Years,5,2,3,4,2,2,0,0,0,0,0,0,0,0,0,1,0,1
KENT COUNTY,263,69 Years,9,5,4,9,5,4,0,0,0,0,0,0,0,0,0,0,0,0
KENT COUNTY,263,70 Years,9,4,5,7,3,4,0,0,0,0,0,0,0,0,0,2,1,1
KENT COUNTY,263,71 Years,20,8,12,18,8,10,0,0,0,0,0,0,1,0,1,1,0,1
KENT COUNTY,263,72 Years,17,10,7,15,9,6,0,0,0,0,0,0,0,0,0,2,1,1
KENT COUNTY,263,73 Years,11,6,5,9,5,4,0,0,0,0,0,0,0,0,0,2,1,1
KENT COUNTY,263,74 Years,8,4,4,8,4,4,0,0,0,0,0,0,0,0,0,0,0,0
KENT COUNTY,263,75 Years,9,4,5,8,4,4,0,0,0,0,0,0,0,0,0,1,0,1
KENT COUNTY,263,76 Years,7,4,3,7,4,3,0,0,0,0,0,0,0,0,0,0,0,0
KENT COUNTY,263,77 Years,9,4,5,8,4,4,0,0,0,0,0,0,1,0,1,0,0,0
KENT COUNTY,263,78 Years,9,5,4,7,3,4,0,0,0,0,0,0,0,0,0,2,2,0
KENT COUNTY,263,79 Years,11,4,7,10,3,7,0,0,0,0,0,0,0,0,0,1,1,0
KENT COUNTY,263,80 Years,15,5,10,13,5,8,2,0,2,0,0,0,0,0,0,0,0,0
KENT COUNTY,263,81 Years,6,3,3,5,3,2,1,0,1,0,0,0,0,0,0,0,0,0
KENT COUNTY,263,82 Years,6,3,3,4,1,3,0,0,0,0,0,0,1,1,0,1,1,0
KENT COUNTY,263,83 Years,3,2,1,2,1,1,0,0,0,0,0,0,1,1,0,0,0,0
KENT COUNTY,263,84 Years,5,3,2,5,3,2,0,0,0,0,0,0,0,0,0,0,0,0
KENT COUNTY,263,85 Years,6,3,3,4,2,2,0,0,0,0,0,0,0,0,0,2,1,1
KENT COUNTY,263,86 Years,5,1,4,3,0,3,0,0,0,0,0,0,0,0,0,2,1,1
KENT COUNTY,263,87 Years,5,3,2,5,3,2,0,0,0,0,0,0,0,0,0,0,0,0
KENT COUNTY,263,88 Years,6,3,3,6,3,3,0,0,0,0,0,0,0,0,0,0,0,0
KENT COUNTY,263,89 Years,4,1,3,4,1,3,0,0,0,0,0,0,0,0,0,0,0,0
KENT COUNTY,263,90 Years,5,2,3,5,2,3,0,0,0,0,0,0,0,0,0,0,0,0
KENT COUNTY,263,91 Years,5,2,3,4,2,2,0,0,0,0,0,0,1,0,1,0,0,0
KENT COUNTY,263,92 Years,5,2,3,4,2,2,0,0,0,0,0,0,1,0,1,0,0,0
KENT COUNTY,263,93 Years,4,2,2,4,2,2,0,0,0,0,0,0,0,0,0,0,0,0
KENT COUNTY,263,94 Years,3,1,2,3,1,2,0,0,0,0,0,0,0,0,0,0,0,0
KENT COUNTY,263,95 Years +,3,2,1,3,2,1,0,0,0,0,0,0,0,0,0,0,0,0
KERR COUNTY,265,All Ages,52829,25535,27294,35321,16690,18631,806,467,339,442,196,246,963,483,480,15297,7699,7598
KERR COUNTY,265,< 1 Year,565,283,282,248,129,119,8,3,5,7,3,4,28,14,14,274,134,140
KERR COUNTY,265,1 Years,573,290,283,259,130,129,7,3,4,7,2,5,25,12,13,275,143,132
KERR COUNTY,265,2 Years,593,311,282,271,138,133,8,3,5,7,5,2,22,13,9,285,152,133
KERR COUNTY,265,3 Years,604,310,294,274,136,138,7,4,3,6,4,2,23,12,11,294,154,140
KERR COUNTY,265,4 Years,605,312,293,272,142,130,6,4,2,8,4,4,23,12,11,296,150,146
KERR COUNTY,265,5 Years,593,291,302,264,133,131,7,4,3,9,5,4,21,10,11,292,139,153
KERR COUNTY,265,6 Years,578,288,290,262,128,134,8,4,4,9,6,3,17,8,9,282,142,140
KERR COUNTY,265,7 Years,557,269,288,252,119,133,7,3,4,10,5,5,18,7,11,270,135,135
KERR COUNTY,265,8 Years,565,279,286,259,119,140,8,5,3,8,4,4,18,9,9,272,142,130
KERR COUNTY,265,9 Years,578,284,294,263,131,132,8,4,4,6,2,4,15,9,6,286,138,148
KERR COUNTY,265,10 Years,545,267,278,265,121,144,7,3,4,4,2,2,13,8,5,256,133,123
KERR COUNTY,265,11 Years,562,286,276,268,128,140,4,2,2,2,2,0,8,5,3,280,149,131
KERR COUNTY,265,12 Years,550,292,258,251,125,126,3,3,0,3,3,0,11,7,4,282,154,128
KERR COUNTY,265,13 Years,557,291,266,270,132,138,9,4,5,4,2,2,14,10,4,260,143,117
KERR COUNTY,265,14 Years,592,298,294,286,140,146,9,5,4,4,2,2,8,6,2,285,145,140
KERR COUNTY,265,15 Years,601,305,296,311,155,156,10,7,3,6,3,3,11,5,6,263,135,128
KERR COUNTY,265,16 Years,598,310,288,311,163,148,7,4,3,8,2,6,12,4,8,260,137,123
KERR COUNTY,265,17 Years,636,335,301,349,184,165,8,4,4,8,2,6,12,5,7,259,140,119
KERR COUNTY,265,18 Years,611,308,303,346,174,172,6,3,3,5,1,4,12,4,8,242,126,116
KERR COUNTY,265,19 Years,551,274,277,281,145,136,6,3,3,5,2,3,12,5,7,247,119,128
KERR COUNTY,265,20 Years,527,263,264,269,135,134,9,5,4,4,2,2,9,4,5,236,117,119
KERR COUNTY,265,21 Years,510,269,241,272,150,122,9,6,3,6,2,4,12,7,5,211,104,107
KERR COUNTY,265,22 Years,498,250,248,273,135,138,13,9,4,3,0,3,14,7,7,195,99,96
KERR COUNTY,265,23 Years,537,296,241,295,163,132,10,7,3,4,3,1,21,10,11,207,113,94
KERR COUNTY,265,24 Years,528,272,256,283,154,129,12,7,5,2,2,0,14,10,4,217,99,118
KERR COUNTY,265,25 Years,526,254,272,283,143,140,12,7,5,1,0,1,14,8,6,216,96,120
KERR COUNTY,265,26 Years,575,290,285,317,164,153,15,11,4,5,2,3,15,9,6,223,104,119
KERR COUNTY,265,27 Years,648,312,336,344,172,172,17,11,6,6,3,3,12,6,6,269,120,149
KERR COUNTY,265,28 Years,744,355,389,414,200,214,16,11,5,4,2,2,18,10,8,292,132,160
KERR COUNTY,265,29 Years,688,330,358,381,177,204,25,13,12,7,6,1,16,8,8,259,126,133
KERR COUNTY,265,30 Years,604,300,304,356,165,191,22,13,9,7,5,2,9,5,4,210,112,98
KERR COUNTY,265,31 Years,606,311,295,362,177,185,10,7,3,5,2,3,12,8,4,217,117,100
KERR COUNTY,265,32 Years,552,288,264,332,174,158,6,5,1,5,3,2,6,3,3,203,103,100
KERR COUNTY,265,33 Years,560,286,274,319,164,155,10,9,1,4,2,2,4,3,1,223,108,115
KERR COUNTY,265,34 Years,536,272,264,306,160,146,8,7,1,2,0,2,7,3,4,213,102,111
KERR COUNTY,265,35 Years,531,260,271,310,156,154,6,2,4,1,0,1,7,3,4,207,99,108
KERR COUNTY,265,36 Years,519,232,287,307,138,169,4,2,2,4,2,2,6,5,1,198,85,113
KERR COUNTY,265,37 Years,535,244,291,312,148,164,7,6,1,6,4,2,8,2,6,202,84,118
KERR COUNTY,265,38 Years,515,256,259,308,156,152,8,7,1,4,2,2,9,2,7,186,89,97
KERR COUNTY,265,39 Years,498,262,236,298,154,144,8,4,4,7,3,4,3,0,3,182,101,81
KERR COUNTY,265,40 Years,453,220,233,270,135,135,12,7,5,4,1,3,9,3,6,158,74,84
KERR COUNTY,265,41 Years,488,239,249,298,144,154,8,4,4,4,1,3,8,5,3,170,85,85
KERR COUNTY,265,42 Years,480,227,253,299,134,165,9,5,4,3,1,2,5,3,2,164,84,80
KERR COUNTY,265,43 Years,483,240,243,315,152,163,3,2,1,5,1,4,4,3,1,156,82,74
KERR COUNTY,265,44 Years,456,236,220,281,144,137,4,3,1,3,0,3,5,4,1,163,85,78
KERR COUNTY,265,45 Years,455,229,226,254,131,123,9,4,5,7,2,5,5,3,2,180,89,91
KERR COUNTY,265,46 Years,510,247,263,307,149,158,9,3,6,6,4,2,4,2,2,184,89,95
KERR COUNTY,265,47 Years,492,235,257,303,142,161,10,7,3,8,1,7,4,1,3,167,84,83
KERR COUNTY,265,48 Years,515,239,276,343,153,190,8,5,3,4,2,2,5,3,2,155,76,79
KERR COUNTY,265,49 Years,557,269,288,352,169,183,12,7,5,6,3,3,8,3,5,179,87,92
KERR COUNTY,265,50 Years,555,278,277,365,174,191,9,6,3,9,5,4,9,4,5,163,89,74
KERR COUNTY,265,51 Years,538,273,265,355,173,182,10,8,2,7,5,2,9,2,7,157,85,72
KERR COUNTY,265,52 Years,582,272,310,396,187,209,12,7,5,5,2,3,12,7,5,157,69,88
KERR COUNTY,265,53 Years,579,273,306,377,171,206,14,9,5,4,2,2,10,6,4,174,85,89
KERR COUNTY,265,54 Years,637,299,338,432,203,229,12,8,4,6,1,5,8,2,6,179,85,94
KERR COUNTY,265,55 Years,662,324,338,451,208,243,8,4,4,9,1,8,11,6,5,183,105,78
KERR COUNTY,265,56 Years,715,342,373,499,227,272,12,8,4,12,2,10,11,5,6,181,100,81
KERR COUNTY,265,57 Years,720,348,372,522,249,273,13,10,3,6,3,3,14,7,7,165,79,86
KERR COUNTY,265,58 Years,799,368,431,594,261,333,14,7,7,7,6,1,17,9,8,167,85,82
KERR COUNTY,265,59 Years,829,382,447,620,280,340,13,5,8,6,3,3,18,9,9,172,85,87
KERR COUNTY,265,60 Years,816,375,441,619,275,344,15,7,8,5,4,1,17,7,10,160,82,78
KERR COUNTY,265,61 Years,860,401,459,674,306,368,15,8,7,8,5,3,8,3,5,155,79,76
KERR COUNTY,265,62 Years,818,395,423,662,307,355,16,11,5,7,5,2,9,5,4,124,67,57
KERR COUNTY,265,63 Years,795,384,411,621,296,325,17,9,8,7,3,4,9,4,5,141,72,69
KERR COUNTY,265,64 Years,784,363,421,630,279,351,11,7,4,9,4,5,10,6,4,124,67,57
KERR COUNTY,265,65 Years,796,382,414,664,309,355,6,5,1,7,3,4,9,6,3,110,59,51
KERR COUNTY,265,66 Years,832,396,436,693,321,372,7,5,2,5,3,2,14,5,9,113,62,51
KERR COUNTY,265,67 Years,805,371,434,687,312,375,8,4,4,6,5,1,10,5,5,94,45,49
KERR COUNTY,265,68 Years,805,376,429,679,320,359,6,3,3,7,2,5,8,5,3,105,46,59
KERR COUNTY,265,69 Years,787,375,412,680,324,356,7,4,3,7,3,4,6,3,3,87,41,46
KERR COUNTY,265,70 Years,812,410,402,695,352,343,9,5,4,3,1,2,6,2,4,99,50,49
KERR COUNTY,265,71 Years,831,383,448,711,324,387,9,6,3,5,1,4,10,5,5,96,47,49
KERR COUNTY,265,72 Years,829,385,444,725,332,393,11,8,3,5,1,4,11,6,5,77,38,39
KERR COUNTY,265,73 Years,679,318,361,598,272,326,7,4,3,1,0,1,9,7,2,64,35,29
KERR COUNTY,265,74 Years,633,294,339,553,245,308,5,2,3,0,0,0,9,6,3,66,41,25
KERR COUNTY,265,75 Years,652,304,348,579,263,316,9,5,4,1,0,1,4,2,2,59,34,25
KERR COUNTY,265,76 Years,614,286,328,546,246,300,5,3,2,1,0,1,6,3,3,56,34,22
KERR COUNTY,265,77 Years,547,255,292,492,224,268,4,3,1,1,0,1,11,3,8,39,25,14
KERR COUNTY,265,78 Years,527,254,273,465,221,244,8,2,6,2,1,1,8,4,4,44,26,18
KERR COUNTY,265,79 Years,508,227,281,451,200,251,7,4,3,1,0,1,11,3,8,38,20,18
KERR COUNTY,265,80 Years,452,206,246,408,186,222,4,2,2,3,1,2,6,3,3,31,14,17
KERR COUNTY,265,81 Years,428,195,233,385,181,204,5,2,3,4,1,3,8,3,5,26,8,18
KERR COUNTY,265,82 Years,400,175,225,358,159,199,4,2,2,2,0,2,8,3,5,28,11,17
KERR COUNTY,265,83 Years,331,147,184,303,137,166,4,1,3,1,0,1,3,1,2,20,8,12
KERR COUNTY,265,84 Years,309,142,167,276,127,149,6,4,2,0,0,0,5,0,5,22,11,11
KERR COUNTY,265,85 Years,269,117,152,241,103,138,4,3,1,1,0,1,4,2,2,19,9,10
KERR COUNTY,265,86 Years,252,102,150,228,92,136,3,0,3,1,0,1,5,3,2,15,7,8
KERR COUNTY,265,87 Years,220,92,128,197,82,115,2,0,2,0,0,0,6,3,3,15,7,8
KERR COUNTY,265,88 Years,203,87,116,184,79,105,2,0,2,1,0,1,4,2,2,12,6,6
KERR COUNTY,265,89 Years,174,72,102,160,64,96,3,1,2,0,0,0,2,2,0,9,5,4
KERR COUNTY,265,90 Years,158,53,105,139,45,94,4,2,2,1,0,1,3,2,1,11,4,7
KERR COUNTY,265,91 Years,125,45,80,112,39,73,2,1,1,2,1,1,1,1,0,8,3,5
KERR COUNTY,265,92 Years,108,38,70,95,35,60,2,0,2,2,0,2,2,1,1,7,2,5
KERR COUNTY,265,93 Years,86,31,55,75,27,48,2,0,2,1,0,1,1,1,0,7,3,4
KERR COUNTY,265,94 Years,69,23,46,62,21,41,2,0,2,0,0,0,1,0,1,4,2,2
KERR COUNTY,265,95 Years +,159,51,108,138,42,96,4,1,3,1,0,1,4,1,3,12,7,5
KIMBLE COUNTY,267,All Ages,4604,2268,2336,3139,1484,1655,18,13,5,20,10,10,45,24,21,1382,737,645
KIMBLE COUNTY,267,< 1 Year,60,31,29,23,10,13,0,0,0,0,0,0,0,0,0,37,21,16
KIMBLE COUNTY,267,1 Years,59,31,28,21,11,10,0,0,0,0,0,0,0,0,0,38,20,18
KIMBLE COUNTY,267,2 Years,55,29,26,22,12,10,0,0,0,0,0,0,0,0,0,33,17,16
KIMBLE COUNTY,267,3 Years,46,25,21,14,8,6,0,0,0,0,0,0,0,0,0,32,17,15
KIMBLE COUNTY,267,4 Years,43,24,19,15,9,6,0,0,0,0,0,0,0,0,0,28,15,13
KIMBLE COUNTY,267,5 Years,48,29,19,17,10,7,0,0,0,0,0,0,0,0,0,31,19,12
KIMBLE COUNTY,267,6 Years,48,27,21,20,11,9,0,0,0,0,0,0,0,0,0,28,16,12
KIMBLE COUNTY,267,7 Years,46,26,20,18,9,9,0,0,0,0,0,0,0,0,0,28,17,11
KIMBLE COUNTY,267,8 Years,45,24,21,17,9,8,0,0,0,0,0,0,0,0,0,28,15,13
KIMBLE COUNTY,267,9 Years,39,18,21,17,6,11,0,0,0,0,0,0,0,0,0,22,12,10
KIMBLE COUNTY,267,10 Years,42,23,19,25,14,11,0,0,0,0,0,0,0,0,0,17,9,8
KIMBLE COUNTY,267,11 Years,48,25,23,28,16,12,2,0,2,0,0,0,0,0,0,18,9,9
KIMBLE COUNTY,267,12 Years,51,32,19,24,14,10,0,0,0,0,0,0,0,0,0,27,18,9
KIMBLE COUNTY,267,13 Years,50,28,22,27,15,12,0,0,0,0,0,0,0,0,0,23,13,10
KIMBLE COUNTY,267,14 Years,42,21,21,23,12,11,0,0,0,0,0,0,0,0,0,19,9,10
KIMBLE COUNTY,267,15 Years,38,17,21,19,9,10,0,0,0,0,0,0,0,0,0,19,8,11
KIMBLE COUNTY,267,16 Years,40,26,14,20,14,6,1,1,0,0,0,0,0,0,0,19,11,8
KIMBLE COUNTY,267,17 Years,59,26,33,36,15,21,0,0,0,0,0,0,0,0,0,23,11,12
KIMBLE COUNTY,267,18 Years,42,18,24,25,11,14,0,0,0,1,0,1,0,0,0,16,7,9
KIMBLE COUNTY,267,19 Years,32,17,15,18,10,8,0,0,0,0,0,0,0,0,0,14,7,7
KIMBLE COUNTY,267,20 Years,42,21,21,29,15,14,0,0,0,1,1,0,1,1,0,11,4,7
KIMBLE COUNTY,267,21 Years,43,22,21,24,11,13,0,0,0,0,0,0,0,0,0,19,11,8
KIMBLE COUNTY,267,22 Years,43,21,22,26,11,15,0,0,0,0,0,0,0,0,0,17,10,7
KIMBLE COUNTY,267,23 Years,53,29,24,32,19,13,0,0,0,0,0,0,0,0,0,21,10,11
KIMBLE COUNTY,267,24 Years,46,27,19,27,16,11,0,0,0,0,0,0,0,0,0,19,11,8
KIMBLE COUNTY,267,25 Years,55,31,24,35,19,16,0,0,0,0,0,0,1,1,0,19,11,8
KIMBLE COUNTY,267,26 Years,63,42,21,30,17,13,0,0,0,0,0,0,2,1,1,31,24,7
KIMBLE COUNTY,267,27 Years,58,38,20,24,15,9,0,0,0,0,0,0,0,0,0,34,23,11
KIMBLE COUNTY,267,28 Years,48,29,19,24,15,9,0,0,0,0,0,0,1,0,1,23,14,9
KIMBLE COUNTY,267,29 Years,29,14,15,17,8,9,0,0,0,0,0,0,0,0,0,12,6,6
KIMBLE COUNTY,267,30 Years,34,17,17,24,12,12,0,0,0,0,0,0,0,0,0,10,5,5
KIMBLE COUNTY,267,31 Years,35,16,19,23,12,11,0,0,0,0,0,0,0,0,0,12,4,8
KIMBLE COUNTY,267,32 Years,38,22,16,23,12,11,2,2,0,0,0,0,0,0,0,13,8,5
KIMBLE COUNTY,267,33 Years,39,17,22,25,11,14,1,1,0,0,0,0,0,0,0,13,5,8
KIMBLE COUNTY,267,34 Years,32,18,14,20,9,11,0,0,0,0,0,0,0,0,0,12,9,3
KIMBLE COUNTY,267,35 Years,31,17,14,19,8,11,0,0,0,0,0,0,0,0,0,12,9,3
KIMBLE COUNTY,267,36 Years,39,15,24,25,8,17,0,0,0,0,0,0,0,0,0,14,7,7
KIMBLE COUNTY,267,37 Years,39,19,20,23,8,15,2,2,0,0,0,0,0,0,0,14,9,5
KIMBLE COUNTY,267,38 Years,39,16,23,26,10,16,0,0,0,0,0,0,0,0,0,13,6,7
KIMBLE COUNTY,267,39 Years,41,17,24,28,9,19,0,0,0,0,0,0,0,0,0,13,8,5
KIMBLE COUNTY,267,40 Years,43,15,28,27,5,22,0,0,0,0,0,0,0,0,0,16,10,6
KIMBLE COUNTY,267,41 Years,44,23,21,26,11,15,0,0,0,0,0,0,1,1,0,17,11,6
KIMBLE COUNTY,267,42 Years,49,24,25,29,10,19,2,2,0,0,0,0,0,0,0,18,12,6
KIMBLE COUNTY,267,43 Years,42,19,23,24,9,15,1,1,0,1,0,1,0,0,0,16,9,7
KIMBLE COUNTY,267,44 Years,49,22,27,32,16,16,0,0,0,2,0,2,1,0,1,14,6,8
KIMBLE COUNTY,267,45 Years,42,17,25,24,11,13,0,0,0,1,0,1,0,0,0,17,6,11
KIMBLE COUNTY,267,46 Years,46,21,25,35,16,19,0,0,0,0,0,0,0,0,0,11,5,6
KIMBLE COUNTY,267,47 Years,56,25,31,42,23,19,1,1,0,0,0,0,1,0,1,12,1,11
KIMBLE COUNTY,267,48 Years,57,29,28,43,24,19,0,0,0,0,0,0,0,0,0,14,5,9
KIMBLE COUNTY,267,49 Years,62,33,29,46,25,21,0,0,0,2,2,0,0,0,0,14,6,8
KIMBLE COUNTY,267,50 Years,44,21,23,34,18,16,0,0,0,1,1,0,0,0,0,9,2,7
KIMBLE COUNTY,267,51 Years,51,32,19,32,17,15,0,0,0,3,3,0,0,0,0,16,12,4
KIMBLE COUNTY,267,52 Years,44,24,20,33,16,17,0,0,0,1,1,0,0,0,0,10,7,3
KIMBLE COUNTY,267,53 Years,49,22,27,33,15,18,0,0,0,0,0,0,0,0,0,16,7,9
KIMBLE COUNTY,267,54 Years,53,27,26,36,18,18,0,0,0,0,0,0,0,0,0,17,9,8
KIMBLE COUNTY,267,55 Years,61,34,27,46,25,21,0,0,0,0,0,0,0,0,0,15,9,6
KIMBLE COUNTY,267,56 Years,73,35,38,60,30,30,0,0,0,1,0,1,0,0,0,12,5,7
KIMBLE COUNTY,267,57 Years,74,42,32,61,35,26,0,0,0,0,0,0,1,0,1,12,7,5
KIMBLE COUNTY,267,58 Years,75,40,35,61,37,24,0,0,0,1,0,1,0,0,0,13,3,10
KIMBLE COUNTY,267,59 Years,74,32,42,62,26,36,0,0,0,0,0,0,0,0,0,12,6,6
KIMBLE COUNTY,267,60 Years,78,34,44,62,24,38,0,0,0,0,0,0,1,1,0,15,9,6
KIMBLE COUNTY,267,61 Years,72,38,34,59,29,30,0,0,0,0,0,0,0,0,0,13,9,4
KIMBLE COUNTY,267,62 Years,65,36,29,52,27,25,0,0,0,1,1,0,0,0,0,12,8,4
KIMBLE COUNTY,267,63 Years,67,32,35,51,25,26,2,2,0,0,0,0,2,0,2,12,5,7
KIMBLE COUNTY,267,64 Years,75,35,40,63,30,33,1,1,0,0,0,0,3,0,3,8,4,4
KIMBLE COUNTY,267,65 Years,92,44,48,70,29,41,2,0,2,1,1,0,7,5,2,12,9,3
KIMBLE COUNTY,267,66 Years,71,32,39,57,25,32,1,0,1,0,0,0,3,2,1,10,5,5
KIMBLE COUNTY,267,67 Years,75,30,45,62,23,39,0,0,0,0,0,0,1,1,0,12,6,6
KIMBLE COUNTY,267,68 Years,77,29,48,66,22,44,0,0,0,0,0,0,0,0,0,11,7,4
KIMBLE COUNTY,267,69 Years,72,26,46,60,20,40,0,0,0,0,0,0,0,0,0,12,6,6
KIMBLE COUNTY,267,70 Years,81,38,43,68,33,35,0,0,0,0,0,0,0,0,0,13,5,8
KIMBLE COUNTY,267,71 Years,78,37,41,68,34,34,0,0,0,2,0,2,0,0,0,8,3,5
KIMBLE COUNTY,267,72 Years,74,32,42,62,28,34,0,0,0,1,0,1,2,2,0,9,2,7
KIMBLE COUNTY,267,73 Years,64,28,36,52,21,31,0,0,0,0,0,0,1,1,0,11,6,5
KIMBLE COUNTY,267,74 Years,59,25,34,49,20,29,0,0,0,0,0,0,1,0,1,9,5,4
KIMBLE COUNTY,267,75 Years,69,33,36,56,27,29,0,0,0,0,0,0,2,2,0,11,4,7
KIMBLE COUNTY,267,76 Years,52,22,30,46,19,27,0,0,0,0,0,0,1,1,0,5,2,3
KIMBLE COUNTY,267,77 Years,46,20,26,37,15,22,0,0,0,0,0,0,0,0,0,9,5,4
KIMBLE COUNTY,267,78 Years,47,23,24,37,16,21,0,0,0,0,0,0,1,1,0,9,6,3
KIMBLE COUNTY,267,79 Years,44,20,24,35,13,22,0,0,0,0,0,0,2,2,0,7,5,2
KIMBLE COUNTY,267,80 Years,47,23,24,40,20,20,0,0,0,0,0,0,0,0,0,7,3,4
KIMBLE COUNTY,267,81 Years,53,27,26,47,24,23,0,0,0,0,0,0,1,1,0,5,2,3
KIMBLE COUNTY,267,82 Years,42,24,18,35,21,14,0,0,0,0,0,0,2,0,2,5,3,2
KIMBLE COUNTY,267,83 Years,22,11,11,19,10,9,0,0,0,0,0,0,1,0,1,2,1,1
KIMBLE COUNTY,267,84 Years,32,14,18,28,14,14,0,0,0,0,0,0,0,0,0,4,0,4
KIMBLE COUNTY,267,85 Years,30,18,12,25,15,10,0,0,0,0,0,0,1,0,1,4,3,1
KIMBLE COUNTY,267,86 Years,18,8,10,16,7,9,0,0,0,0,0,0,0,0,0,2,1,1
KIMBLE COUNTY,267,87 Years,17,10,7,13,7,6,0,0,0,0,0,0,1,1,0,3,2,1
KIMBLE COUNTY,267,88 Years,21,7,14,16,5,11,0,0,0,0,0,0,1,0,1,4,2,2
KIMBLE COUNTY,267,89 Years,18,5,13,15,4,11,0,0,0,0,0,0,0,0,0,3,1,2
KIMBLE COUNTY,267,90 Years,14,5,9,10,5,5,0,0,0,0,0,0,1,0,1,3,0,3
KIMBLE COUNTY,267,91 Years,20,8,12,14,6,8,0,0,0,0,0,0,1,0,1,5,2,3
KIMBLE COUNTY,267,92 Years,14,4,10,10,3,7,0,0,0,0,0,0,0,0,0,4,1,3
KIMBLE COUNTY,267,93 Years,7,2,5,5,2,3,0,0,0,0,0,0,0,0,0,2,0,2
KIMBLE COUNTY,267,94 Years,6,2,4,4,2,2,0,0,0,0,0,0,0,0,0,2,0,2
KIMBLE COUNTY,267,95 Years +,17,4,13,11,2,9,0,0,0,0,0,0,0,0,0,6,2,4
KING COUNTY,269,All Ages,274,132,142,234,111,123,0,0,0,0,0,0,3,2,1,37,19,18
KING COUNTY,269,< 1 Year,5,2,3,5,2,3,0,0,0,0,0,0,0,0,0,0,0,0
KING COUNTY,269,1 Years,4,2,2,4,2,2,0,0,0,0,0,0,0,0,0,0,0,0
KING COUNTY,269,2 Years,5,3,2,5,3,2,0,0,0,0,0,0,0,0,0,0,0,0
KING COUNTY,269,3 Years,2,1,1,2,1,1,0,0,0,0,0,0,0,0,0,0,0,0
KING COUNTY,269,4 Years,3,3,0,3,3,0,0,0,0,0,0,0,0,0,0,0,0,0
KING COUNTY,269,5 Years,0,0,0,0,0,0,0,0,0,0,0,0,0,0,0,0,0,0
KING COUNTY,269,6 Years,0,0,0,0,0,0,0,0,0,0,0,0,0,0,0,0,0,0
KING COUNTY,269,7 Years,2,0,2,2,0,2,0,0,0,0,0,0,0,0,0,0,0,0
KING COUNTY,269,8 Years,4,0,4,4,0,4,0,0,0,0,0,0,0,0,0,0,0,0
KING COUNTY,269,9 Years,2,0,2,2,0,2,0,0,0,0,0,0,0,0,0,0,0,0
KING COUNTY,269,10 Years,2,1,1,1,0,1,0,0,0,0,0,0,0,0,0,1,1,0
KING COUNTY,269,11 Years,2,0,2,2,0,2,0,0,0,0,0,0,0,0,0,0,0,0
KING COUNTY,269,12 Years,1,0,1,1,0,1,0,0,0,0,0,0,0,0,0,0,0,0
KING COUNTY,269,13 Years,3,1,2,3,1,2,0,0,0,0,0,0,0,0,0,0,0,0
KING COUNTY,269,14 Years,3,1,2,3,1,2,0,0,0,0,0,0,0,0,0,0,0,0
KING COUNTY,269,15 Years,3,2,1,3,2,1,0,0,0,0,0,0,0,0,0,0,0,0
KING COUNTY,269,16 Years,3,2,1,3,2,1,0,0,0,0,0,0,0,0,0,0,0,0
KING COUNTY,269,17 Years,3,1,2,3,1,2,0,0,0,0,0,0,0,0,0,0,0,0
KING COUNTY,269,18 Years,2,1,1,2,1,1,0,0,0,0,0,0,0,0,0,0,0,0
KING COUNTY,269,19 Years,4,2,2,3,2,1,0,0,0,0,0,0,0,0,0,1,0,1
KING COUNTY,269,20 Years,4,2,2,3,2,1,0,0,0,0,0,0,0,0,0,1,0,1
KING COUNTY,269,21 Years,7,4,3,5,3,2,0,0,0,0,0,0,0,0,0,2,1,1
KING COUNTY,269,22 Years,3,1,2,2,1,1,0,0,0,0,0,0,0,0,0,1,0,1
KING COUNTY,269,23 Years,4,2,2,3,1,2,0,0,0,0,0,0,0,0,0,1,1,0
KING COUNTY,269,24 Years,3,2,1,2,1,1,0,0,0,0,0,0,0,0,0,1,1,0
KING COUNTY,269,25 Years,3,2,1,2,1,1,0,0,0,0,0,0,0,0,0,1,1,0
KING COUNTY,269,26 Years,4,3,1,3,2,1,0,0,0,0,0,0,0,0,0,1,1,0
KING COUNTY,269,27 Years,4,2,2,4,2,2,0,0,0,0,0,0,0,0,0,0,0,0
KING COUNTY,269,28 Years,5,3,2,3,2,1,0,0,0,0,0,0,1,1,0,1,0,1
KING COUNTY,269,29 Years,3,1,2,2,1,1,0,0,0,0,0,0,1,0,1,0,0,0
KING COUNTY,269,30 Years,0,0,0,0,0,0,0,0,0,0,0,0,0,0,0,0,0,0
KING COUNTY,269,31 Years,1,0,1,0,0,0,0,0,0,0,0,0,0,0,0,1,0,1
KING COUNTY,269,32 Years,2,1,1,1,1,0,0,0,0,0,0,0,0,0,0,1,0,1
KING COUNTY,269,33 Years,2,2,0,1,1,0,0,0,0,0,0,0,0,0,0,1,1,0
KING COUNTY,269,34 Years,3,2,1,3,2,1,0,0,0,0,0,0,0,0,0,0,0,0
KING COUNTY,269,35 Years,2,0,2,2,0,2,0,0,0,0,0,0,0,0,0,0,0,0
KING COUNTY,269,36 Years,2,2,0,2,2,0,0,0,0,0,0,0,0,0,0,0,0,0
KING COUNTY,269,37 Years,1,1,0,1,1,0,0,0,0,0,0,0,0,0,0,0,0,0
KING COUNTY,269,38 Years,2,0,2,2,0,2,0,0,0,0,0,0,0,0,0,0,0,0
KING COUNTY,269,39 Years,3,1,2,3,1,2,0,0,0,0,0,0,0,0,0,0,0,0
KING COUNTY,269,40 Years,2,1,1,1,0,1,0,0,0,0,0,0,1,1,0,0,0,0
KING COUNTY,269,41 Years,2,1,1,2,1,1,0,0,0,0,0,0,0,0,0,0,0,0
KING COUNTY,269,42 Years,1,0,1,1,0,1,0,0,0,0,0,0,0,0,0,0,0,0
KING COUNTY,269,43 Years,2,1,1,0,0,0,0,0,0,0,0,0,0,0,0,2,1,1
KING COUNTY,269,44 Years,4,4,0,3,3,0,0,0,0,0,0,0,0,0,0,1,1,0
KING COUNTY,269,45 Years,3,1,2,3,1,2,0,0,0,0,0,0,0,0,0,0,0,0
KING COUNTY,269,46 Years,2,1,1,1,0,1,0,0,0,0,0,0,0,0,0,1,1,0
KING COUNTY,269,47 Years,1,1,0,1,1,0,0,0,0,0,0,0,0,0,0,0,0,0
KING COUNTY,269,48 Years,4,2,2,3,2,1,0,0,0,0,0,0,0,0,0,1,0,1
KING COUNTY,269,49 Years,6,4,2,4,3,1,0,0,0,0,0,0,0,0,0,2,1,1
KING COUNTY,269,50 Years,3,2,1,3,2,1,0,0,0,0,0,0,0,0,0,0,0,0
KING COUNTY,269,51 Years,4,1,3,3,1,2,0,0,0,0,0,0,0,0,0,1,0,1
KING COUNTY,269,52 Years,6,1,5,3,0,3,0,0,0,0,0,0,0,0,0,3,1,2
KING COUNTY,269,53 Years,5,1,4,3,0,3,0,0,0,0,0,0,0,0,0,2,1,1
KING COUNTY,269,54 Years,5,2,3,5,2,3,0,0,0,0,0,0,0,0,0,0,0,0
KING COUNTY,269,55 Years,4,1,3,3,1,2,0,0,0,0,0,0,0,0,0,1,0,1
KING COUNTY,269,56 Years,2,1,1,1,1,0,0,0,0,0,0,0,0,0,0,1,0,1
KING COUNTY,269,57 Years,4,2,2,3,1,2,0,0,0,0,0,0,0,0,0,1,1,0
KING COUNTY,269,58 Years,6,1,5,6,1,5,0,0,0,0,0,0,0,0,0,0,0,0
KING COUNTY,269,59 Years,6,1,5,6,1,5,0,0,0,0,0,0,0,0,0,0,0,0
KING COUNTY,269,60 Years,6,4,2,5,3,2,0,0,0,0,0,0,0,0,0,1,1,0
KING COUNTY,269,61 Years,6,5,1,5,4,1,0,0,0,0,0,0,0,0,0,1,1,0
KING COUNTY,269,62 Years,6,4,2,6,4,2,0,0,0,0,0,0,0,0,0,0,0,0
KING COUNTY,269,63 Years,7,3,4,5,1,4,0,0,0,0,0,0,0,0,0,2,2,0
KING COUNTY,269,64 Years,6,3,3,5,2,3,0,0,0,0,0,0,0,0,0,1,1,0
KING COUNTY,269,65 Years,5,2,3,5,2,3,0,0,0,0,0,0,0,0,0,0,0,0
KING COUNTY,269,66 Years,3,1,2,3,1,2,0,0,0,0,0,0,0,0,0,0,0,0
KING COUNTY,269,67 Years,2,2,0,2,2,0,0,0,0,0,0,0,0,0,0,0,0,0
KING COUNTY,269,68 Years,4,4,0,4,4,0,0,0,0,0,0,0,0,0,0,0,0,0
KING COUNTY,269,69 Years,5,3,2,5,3,2,0,0,0,0,0,0,0,0,0,0,0,0
KING COUNTY,269,70 Years,2,1,1,2,1,1,0,0,0,0,0,0,0,0,0,0,0,0
KING COUNTY,269,71 Years,2,2,0,2,2,0,0,0,0,0,0,0,0,0,0,0,0,0
KING COUNTY,269,72 Years,1,1,0,1,1,0,0,0,0,0,0,0,0,0,0,0,0,0
KING COUNTY,269,73 Years,3,2,1,3,2,1,0,0,0,0,0,0,0,0,0,0,0,0
KING COUNTY,269,74 Years,1,0,1,1,0,1,0,0,0,0,0,0,0,0,0,0,0,0
KING COUNTY,269,75 Years,4,2,2,4,2,2,0,0,0,0,0,0,0,0,0,0,0,0
KING COUNTY,269,76 Years,1,1,0,1,1,0,0,0,0,0,0,0,0,0,0,0,0,0
KING COUNTY,269,77 Years,2,1,1,2,1,1,0,0,0,0,0,0,0,0,0,0,0,0
KING COUNTY,269,78 Years,1,0,1,1,0,1,0,0,0,0,0,0,0,0,0,0,0,0
KING COUNTY,269,79 Years,2,1,1,1,1,0,0,0,0,0,0,0,0,0,0,1,0,1
KING COUNTY,269,80 Years,2,1,1,1,1,0,0,0,0,0,0,0,0,0,0,1,0,1
KING COUNTY,269,81 Years,3,1,2,3,1,2,0,0,0,0,0,0,0,0,0,0,0,0
KING COUNTY,269,82 Years,1,0,1,1,0,1,0,0,0,0,0,0,0,0,0,0,0,0
KING COUNTY,269,83 Years,1,0,1,1,0,1,0,0,0,0,0,0,0,0,0,0,0,0
KING COUNTY,269,84 Years,2,0,2,2,0,2,0,0,0,0,0,0,0,0,0,0,0,0
KING COUNTY,269,85 Years,4,1,3,4,1,3,0,0,0,0,0,0,0,0,0,0,0,0
KING COUNTY,269,86 Years,2,1,1,2,1,1,0,0,0,0,0,0,0,0,0,0,0,0
KING COUNTY,269,87 Years,1,1,0,1,1,0,0,0,0,0,0,0,0,0,0,0,0,0
KING COUNTY,269,88 Years,0,0,0,0,0,0,0,0,0,0,0,0,0,0,0,0,0,0
KING COUNTY,269,89 Years,1,1,0,1,1,0,0,0,0,0,0,0,0,0,0,0,0,0
KING COUNTY,269,90 Years,2,1,1,2,1,1,0,0,0,0,0,0,0,0,0,0,0,0
KING COUNTY,269,91 Years,2,1,1,2,1,1,0,0,0,0,0,0,0,0,0,0,0,0
KING COUNTY,269,92 Years,0,0,0,0,0,0,0,0,0,0,0,0,0,0,0,0,0,0
KING COUNTY,269,93 Years,0,0,0,0,0,0,0,0,0,0,0,0,0,0,0,0,0,0
KING COUNTY,269,94 Years,0,0,0,0,0,0,0,0,0,0,0,0,0,0,0,0,0,0
KING COUNTY,269,95 Years +,1,0,1,1,0,1,0,0,0,0,0,0,0,0,0,0,0,0
KINNEY COUNTY,271,All Ages,3575,1995,1580,1215,627,588,39,20,19,12,6,6,62,35,27,2247,1307,940
KINNEY COUNTY,271,< 1 Year,46,20,26,9,6,3,0,0,0,0,0,0,0,0,0,37,14,23
KINNEY COUNTY,271,1 Years,43,18,25,7,5,2,0,0,0,0,0,0,3,1,2,33,12,21
KINNEY COUNTY,271,2 Years,41,20,21,8,5,3,0,0,0,0,0,0,2,1,1,31,14,17
KINNEY COUNTY,271,3 Years,41,23,18,8,6,2,0,0,0,0,0,0,0,0,0,33,17,16
KINNEY COUNTY,271,4 Years,37,23,14,7,5,2,0,0,0,0,0,0,0,0,0,30,18,12
KINNEY COUNTY,271,5 Years,37,22,15,5,2,3,0,0,0,0,0,0,0,0,0,32,20,12
KINNEY COUNTY,271,6 Years,33,20,13,6,2,4,0,0,0,0,0,0,4,3,1,23,15,8
KINNEY COUNTY,271,7 Years,40,23,17,11,5,6,0,0,0,0,0,0,2,2,0,27,16,11
KINNEY COUNTY,271,8 Years,38,22,16,11,6,5,0,0,0,0,0,0,0,0,0,27,16,11
KINNEY COUNTY,271,9 Years,49,23,26,14,11,3,0,0,0,0,0,0,2,0,2,33,12,21
KINNEY COUNTY,271,10 Years,41,27,14,13,11,2,2,1,1,0,0,0,1,1,0,25,14,11
KINNEY COUNTY,271,11 Years,37,28,9,14,12,2,1,1,0,0,0,0,0,0,0,22,15,7
KINNEY COUNTY,271,12 Years,40,17,23,16,3,13,1,1,0,0,0,0,0,0,0,23,13,10
KINNEY COUNTY,271,13 Years,52,25,27,21,8,13,0,0,0,0,0,0,1,0,1,30,17,13
KINNEY COUNTY,271,14 Years,33,16,17,10,5,5,0,0,0,0,0,0,1,0,1,22,11,11
KINNEY COUNTY,271,15 Years,36,25,11,10,8,2,1,0,1,0,0,0,1,1,0,24,16,8
KINNEY COUNTY,271,16 Years,45,23,22,18,11,7,1,0,1,0,0,0,1,1,0,25,11,14
KINNEY COUNTY,271,17 Years,33,16,17,12,7,5,0,0,0,0,0,0,0,0,0,21,9,12
KINNEY COUNTY,271,18 Years,37,23,14,10,4,6,0,0,0,0,0,0,1,1,0,26,18,8
KINNEY COUNTY,271,19 Years,32,17,15,7,2,5,0,0,0,0,0,0,0,0,0,25,15,10
KINNEY COUNTY,271,20 Years,41,28,13,5,2,3,0,0,0,0,0,0,0,0,0,36,26,10
KINNEY COUNTY,271,21 Years,44,29,15,6,3,3,0,0,0,1,1,0,1,0,1,36,25,11
KINNEY COUNTY,271,22 Years,50,36,14,6,3,3,0,0,0,1,1,0,0,0,0,43,32,11
KINNEY COUNTY,271,23 Years,49,30,19,6,2,4,1,0,1,0,0,0,1,1,0,41,27,14
KINNEY COUNTY,271,24 Years,53,37,16,6,2,4,0,0,0,0,0,0,0,0,0,47,35,12
KINNEY COUNTY,271,25 Years,45,30,15,8,5,3,0,0,0,0,0,0,3,1,2,34,24,10
KINNEY COUNTY,271,26 Years,55,37,18,9,5,4,1,0,1,0,0,0,1,1,0,44,31,13
KINNEY COUNTY,271,27 Years,56,35,21,9,5,4,0,0,0,0,0,0,1,1,0,46,29,17
KINNEY COUNTY,271,28 Years,45,28,17,6,3,3,0,0,0,0,0,0,1,1,0,38,24,14
KINNEY COUNTY,271,29 Years,45,27,18,9,5,4,1,1,0,0,0,0,0,0,0,35,21,14
KINNEY COUNTY,271,30 Years,44,28,16,8,3,5,1,1,0,0,0,0,0,0,0,35,24,11
KINNEY COUNTY,271,31 Years,37,28,9,8,4,4,0,0,0,0,0,0,0,0,0,29,24,5
KINNEY COUNTY,271,32 Years,45,37,8,9,7,2,0,0,0,0,0,0,0,0,0,36,30,6
KINNEY COUNTY,271,33 Years,49,39,10,6,3,3,0,0,0,0,0,0,0,0,0,43,36,7
KINNEY COUNTY,271,34 Years,50,33,17,6,1,5,2,2,0,0,0,0,0,0,0,42,30,12
KINNEY COUNTY,271,35 Years,37,19,18,7,2,5,1,0,1,0,0,0,0,0,0,29,17,12
KINNEY COUNTY,271,36 Years,40,27,13,9,6,3,0,0,0,0,0,0,0,0,0,31,21,10
KINNEY COUNTY,271,37 Years,48,37,11,7,4,3,0,0,0,0,0,0,1,0,1,40,33,7
KINNEY COUNTY,271,38 Years,34,25,9,7,4,3,0,0,0,0,0,0,0,0,0,27,21,6
KINNEY COUNTY,271,39 Years,38,18,20,14,3,11,1,1,0,0,0,0,0,0,0,23,14,9
KINNEY COUNTY,271,40 Years,34,18,16,8,3,5,0,0,0,0,0,0,2,1,1,24,14,10
KINNEY COUNTY,271,41 Years,24,18,6,7,6,1,0,0,0,0,0,0,0,0,0,17,12,5
KINNEY COUNTY,271,42 Years,38,17,21,16,4,12,0,0,0,0,0,0,0,0,0,22,13,9
KINNEY COUNTY,271,43 Years,34,21,13,9,2,7,0,0,0,0,0,0,1,0,1,24,19,5
KINNEY COUNTY,271,44 Years,40,18,22,8,4,4,1,0,1,1,0,1,0,0,0,30,14,16
KINNEY COUNTY,271,45 Years,37,22,15,11,7,4,0,0,0,0,0,0,0,0,0,26,15,11
KINNEY COUNTY,271,46 Years,35,19,16,9,2,7,1,0,1,0,0,0,0,0,0,25,17,8
KINNEY COUNTY,271,47 Years,41,22,19,7,4,3,0,0,0,0,0,0,1,1,0,33,17,16
KINNEY COUNTY,271,48 Years,42,22,20,16,10,6,0,0,0,0,0,0,1,1,0,25,11,14
KINNEY COUNTY,271,49 Years,38,21,17,14,7,7,0,0,0,0,0,0,0,0,0,24,14,10
KINNEY COUNTY,271,50 Years,31,16,15,8,4,4,0,0,0,1,0,1,0,0,0,22,12,10
KINNEY COUNTY,271,51 Years,33,16,17,9,5,4,0,0,0,1,0,1,0,0,0,23,11,12
KINNEY COUNTY,271,52 Years,48,30,18,16,10,6,1,1,0,0,0,0,1,0,1,30,19,11
KINNEY COUNTY,271,53 Years,36,21,15,14,7,7,0,0,0,1,1,0,0,0,0,21,13,8
KINNEY COUNTY,271,54 Years,39,21,18,11,4,7,0,0,0,0,0,0,1,1,0,27,16,11
KINNEY COUNTY,271,55 Years,41,24,17,12,9,3,0,0,0,0,0,0,1,1,0,28,14,14
KINNEY COUNTY,271,56 Years,42,25,17,15,8,7,0,0,0,0,0,0,1,1,0,26,16,10
KINNEY COUNTY,271,57 Years,39,22,17,20,12,8,0,0,0,0,0,0,0,0,0,19,10,9
KINNEY COUNTY,271,58 Years,33,16,17,17,9,8,1,0,1,0,0,0,0,0,0,15,7,8
KINNEY COUNTY,271,59 Years,42,25,17,24,13,11,0,0,0,0,0,0,0,0,0,18,12,6
KINNEY COUNTY,271,60 Years,40,20,20,20,12,8,0,0,0,0,0,0,0,0,0,20,8,12
KINNEY COUNTY,271,61 Years,44,23,21,19,11,8,0,0,0,0,0,0,0,0,0,25,12,13
KINNEY COUNTY,271,62 Years,54,24,30,25,9,16,0,0,0,1,1,0,0,0,0,28,14,14
KINNEY COUNTY,271,63 Years,54,27,27,25,8,17,1,0,1,1,1,0,1,1,0,26,17,9
KINNEY COUNTY,271,64 Years,51,23,28,21,8,13,1,1,0,0,0,0,2,0,2,27,14,13
KINNEY COUNTY,271,65 Years,57,29,28,28,16,12,1,1,0,0,0,0,2,0,2,26,12,14
KINNEY COUNTY,271,66 Years,43,21,22,20,14,6,1,0,1,0,0,0,0,0,0,22,7,15
KINNEY COUNTY,271,67 Years,43,19,24,19,6,13,2,2,0,0,0,0,2,2,0,20,9,11
KINNEY COUNTY,271,68 Years,38,17,21,21,8,13,1,1,0,0,0,0,1,1,0,15,7,8
KINNEY COUNTY,271,69 Years,41,21,20,23,11,12,1,1,0,0,0,0,0,0,0,17,9,8
KINNEY COUNTY,271,70 Years,42,21,21,24,12,12,1,0,1,0,0,0,1,0,1,16,9,7
KINNEY COUNTY,271,71 Years,43,25,18,25,14,11,1,0,1,0,0,0,0,0,0,17,11,6
KINNEY COUNTY,271,72 Years,53,26,27,26,14,12,1,0,1,0,0,0,4,3,1,22,9,13
KINNEY COUNTY,271,73 Years,41,20,21,26,14,12,1,0,1,0,0,0,1,0,1,13,6,7
KINNEY COUNTY,271,74 Years,33,18,15,25,14,11,1,1,0,0,0,0,0,0,0,7,3,4
KINNEY COUNTY,271,75 Years,38,20,18,24,14,10,1,0,1,0,0,0,2,2,0,11,4,7
KINNEY COUNTY,271,76 Years,40,19,21,24,14,10,1,0,1,0,0,0,1,1,0,14,4,10
KINNEY COUNTY,271,77 Years,34,14,20,23,11,12,0,0,0,0,0,0,1,0,1,10,3,7
KINNEY COUNTY,271,78 Years,34,16,18,25,11,14,0,0,0,2,0,2,0,0,0,7,5,2
KINNEY COUNTY,271,79 Years,30,16,14,20,11,9,0,0,0,1,0,1,0,0,0,9,5,4
KINNEY COUNTY,271,80 Years,33,17,16,19,11,8,0,0,0,0,0,0,1,1,0,13,5,8
KINNEY COUNTY,271,81 Years,34,12,22,17,6,11,1,1,0,0,0,0,1,0,1,15,5,10
KINNEY COUNTY,271,82 Years,26,10,16,16,6,10,2,2,0,0,0,0,0,0,0,8,2,6
KINNEY COUNTY,271,83 Years,22,8,14,14,6,8,0,0,0,0,0,0,0,0,0,8,2,6
KINNEY COUNTY,271,84 Years,25,12,13,13,8,5,0,0,0,0,0,0,1,1,0,11,3,8
KINNEY COUNTY,271,85 Years,24,9,15,9,5,4,1,0,1,0,0,0,2,0,2,12,4,8
KINNEY COUNTY,271,86 Years,19,8,11,8,5,3,0,0,0,0,0,0,1,0,1,10,3,7
KINNEY COUNTY,271,87 Years,13,5,8,4,2,2,0,0,0,0,0,0,0,0,0,9,3,6
KINNEY COUNTY,271,88 Years,15,10,5,8,6,2,0,0,0,0,0,0,1,1,0,6,3,3
KINNEY COUNTY,271,89 Years,13,9,4,7,5,2,0,0,0,1,1,0,0,0,0,5,3,2
KINNEY COUNTY,271,90 Years,10,5,5,4,2,2,0,0,0,0,0,0,0,0,0,6,3,3
KINNEY COUNTY,271,91 Years,10,4,6,4,2,2,0,0,0,0,0,0,0,0,0,6,2,4
KINNEY COUNTY,271,92 Years,8,4,4,2,1,1,1,1,0,0,0,0,0,0,0,5,2,3
KINNEY COUNTY,271,93 Years,7,3,4,2,1,1,1,0,1,0,0,0,0,0,0,4,2,2
KINNEY COUNTY,271,94 Years,7,3,4,2,1,1,0,0,0,0,0,0,0,0,0,5,2,3
KINNEY COUNTY,271,95 Years +,13,4,9,4,2,2,0,0,0,0,0,0,0,0,0,9,2,7
KLEBERG COUNTY,273,All Ages,32135,16435,15700,6220,3243,2977,1225,700,525,733,434,299,376,206,170,23581,11852,11729
KLEBERG COUNTY,273,< 1 Year,338,183,155,44,24,20,15,7,8,4,1,3,7,3,4,268,148,120
KLEBERG COUNTY,273,1 Years,332,177,155,44,23,21,15,6,9,3,1,2,7,3,4,263,144,119
KLEBERG COUNTY,273,2 Years,334,175,159,42,20,22,13,4,9,5,3,2,8,4,4,266,144,122
KLEBERG COUNTY,273,3 Years,340,175,165,44,21,23,13,5,8,6,5,1,7,4,3,270,140,130
KLEBERG COUNTY,273,4 Years,358,181,177,45,21,24,16,7,9,8,5,3,8,5,3,281,143,138
KLEBERG COUNTY,273,5 Years,375,188,187,50,25,25,16,7,9,9,5,4,8,4,4,292,147,145
KLEBERG COUNTY,273,6 Years,379,190,189,49,22,27,15,7,8,8,4,4,8,4,4,299,153,146
KLEBERG COUNTY,273,7 Years,371,186,185,50,23,27,13,6,7,5,3,2,7,4,3,296,150,146
KLEBERG COUNTY,273,8 Years,364,185,179,45,20,25,13,7,6,7,4,3,6,3,3,293,151,142
KLEBERG COUNTY,273,9 Years,393,205,188,47,23,24,16,7,9,6,4,2,8,4,4,316,167,149
KLEBERG COUNTY,273,10 Years,471,242,229,50,29,21,21,9,12,6,3,3,7,4,3,387,197,190
KLEBERG COUNTY,273,11 Years,487,254,233,57,35,22,12,4,8,4,2,2,6,3,3,408,210,198
KLEBERG COUNTY,273,12 Years,460,230,230,54,31,23,6,3,3,4,2,2,7,3,4,389,191,198
KLEBERG COUNTY,273,13 Years,436,226,210,40,23,17,9,6,3,6,4,2,7,4,3,374,189,185
KLEBERG COUNTY,273,14 Years,413,224,189,37,22,15,6,4,2,6,3,3,8,4,4,356,191,165
KLEBERG COUNTY,273,15 Years,422,220,202,37,23,14,5,3,2,5,1,4,9,5,4,366,188,178
KLEBERG COUNTY,273,16 Years,478,239,239,36,18,18,6,3,3,4,2,2,7,3,4,425,213,212
KLEBERG COUNTY,273,17 Years,567,252,315,55,21,34,13,9,4,7,5,2,3,1,2,489,216,273
KLEBERG COUNTY,273,18 Years,889,435,454,96,45,51,45,26,19,5,3,2,8,3,5,735,358,377
KLEBERG COUNTY,273,19 Years,1372,768,604,218,127,91,100,66,34,12,11,1,13,11,2,1029,553,476
KLEBERG COUNTY,273,20 Years,950,539,411,144,97,47,71,42,29,3,3,0,4,4,0,728,393,335
KLEBERG COUNTY,273,21 Years,1073,623,450,184,117,67,59,41,18,30,19,11,13,5,8,787,441,346
KLEBERG COUNTY,273,22 Years,980,563,417,181,101,80,31,15,16,50,35,15,12,6,6,706,406,300
KLEBERG COUNTY,273,23 Years,1020,584,436,196,118,78,60,43,17,92,60,32,10,2,8,662,361,301
KLEBERG COUNTY,273,24 Years,913,530,383,211,111,100,50,38,12,74,51,23,7,5,2,571,325,246
KLEBERG COUNTY,273,25 Years,715,407,308,182,103,79,44,35,9,41,39,2,2,2,0,446,228,218
KLEBERG COUNTY,273,26 Years,519,294,225,144,86,58,16,12,4,15,14,1,11,7,4,333,175,158
KLEBERG COUNTY,273,27 Years,428,226,202,105,60,45,5,4,1,16,8,8,7,5,2,295,149,146
KLEBERG COUNTY,273,28 Years,279,107,172,50,16,34,7,4,3,10,1,9,6,5,1,206,81,125
KLEBERG COUNTY,273,29 Years,313,118,195,64,10,54,10,7,3,2,1,1,4,2,2,233,98,135
KLEBERG COUNTY,273,30 Years,273,118,155,52,15,37,16,14,2,3,2,1,5,0,5,197,87,110
KLEBERG COUNTY,273,31 Years,261,97,164,42,14,28,12,4,8,2,1,1,3,2,1,202,76,126
KLEBERG COUNTY,273,32 Years,273,119,154,63,36,27,13,7,6,1,1,0,1,0,1,195,75,120
KLEBERG COUNTY,273,33 Years,308,151,157,77,45,32,5,3,2,1,1,0,2,1,1,223,101,122
KLEBERG COUNTY,273,34 Years,354,177,177,75,43,32,10,4,6,2,0,2,7,3,4,260,127,133
KLEBERG COUNTY,273,35 Years,346,178,168,69,32,37,13,5,8,5,2,3,5,4,1,254,135,119
KLEBERG COUNTY,273,36 Years,380,203,177,71,40,31,13,5,8,8,5,3,5,3,2,283,150,133
KLEBERG COUNTY,273,37 Years,341,184,157,71,39,32,12,9,3,6,4,2,2,0,2,250,132,118
KLEBERG COUNTY,273,38 Years,348,193,155,55,39,16,7,5,2,7,3,4,6,4,2,273,142,131
KLEBERG COUNTY,273,39 Years,355,197,158,83,56,27,4,2,2,11,6,5,4,3,1,253,130,123
KLEBERG COUNTY,273,40 Years,295,159,136,62,37,25,9,6,3,8,5,3,3,2,1,213,109,104
KLEBERG COUNTY,273,41 Years,282,131,151,58,29,29,4,3,1,7,2,5,4,2,2,209,95,114
KLEBERG COUNTY,273,42 Years,280,141,139,51,29,22,7,4,3,8,4,4,3,2,1,211,102,109
KLEBERG COUNTY,273,43 Years,253,130,123,46,21,25,8,4,4,6,3,3,2,2,0,191,100,91
KLEBERG COUNTY,273,44 Years,303,169,134,58,32,26,10,6,4,6,3,3,7,6,1,222,122,100
KLEBERG COUNTY,273,45 Years,305,151,154,58,29,29,8,6,2,6,2,4,3,2,1,230,112,118
KLEBERG COUNTY,273,46 Years,308,147,161,59,24,35,7,3,4,9,4,5,4,2,2,229,114,115
KLEBERG COUNTY,273,47 Years,327,160,167,61,29,32,8,4,4,9,3,6,4,2,2,245,122,123
KLEBERG COUNTY,273,48 Years,328,174,154,67,31,36,11,7,4,9,4,5,3,1,2,238,131,107
KLEBERG COUNTY,273,49 Years,314,140,174,64,28,36,9,4,5,6,1,5,1,0,1,234,107,127
KLEBERG COUNTY,273,50 Years,308,154,154,58,34,24,8,2,6,6,3,3,2,1,1,234,114,120
KLEBERG COUNTY,273,51 Years,310,158,152,58,35,23,11,2,9,6,2,4,3,1,2,232,118,114
KLEBERG COUNTY,273,52 Years,274,139,135,51,31,20,12,6,6,6,4,2,2,1,1,203,97,106
KLEBERG COUNTY,273,53 Years,293,146,147,60,33,27,11,4,7,8,3,5,2,1,1,212,105,107
KLEBERG COUNTY,273,54 Years,323,149,174,63,35,28,10,5,5,6,3,3,4,4,0,240,102,138
KLEBERG COUNTY,273,55 Years,315,166,149,57,32,25,12,5,7,4,2,2,1,1,0,241,126,115
KLEBERG COUNTY,273,56 Years,329,163,166,65,31,34,12,7,5,7,5,2,3,1,2,242,119,123
KLEBERG COUNTY,273,57 Years,288,146,142,65,32,33,12,7,5,4,2,2,2,1,1,205,104,101
KLEBERG COUNTY,273,58 Years,288,152,136,70,37,33,6,4,2,4,2,2,2,2,0,206,107,99
KLEBERG COUNTY,273,59 Years,296,167,129,70,38,32,8,7,1,4,1,3,3,2,1,211,119,92
KLEBERG COUNTY,273,60 Years,273,134,139,67,28,39,10,5,5,2,1,1,3,2,1,191,98,93
KLEBERG COUNTY,273,61 Years,304,160,144,79,44,35,12,4,8,11,8,3,4,4,0,198,100,98
KLEBERG COUNTY,273,62 Years,312,155,157,69,35,34,11,6,5,9,4,5,1,1,0,222,109,113
KLEBERG COUNTY,273,63 Years,313,149,164,75,31,44,9,3,6,3,0,3,5,4,1,221,111,110
KLEBERG COUNTY,273,64 Years,332,151,181,81,35,46,13,6,7,2,0,2,4,1,3,232,109,123
KLEBERG COUNTY,273,65 Years,309,138,171,75,32,43,8,2,6,4,0,4,2,0,2,220,104,116
KLEBERG COUNTY,273,66 Years,275,141,134,75,36,39,7,6,1,4,1,3,3,2,1,186,96,90
KLEBERG COUNTY,273,67 Years,277,139,138,83,42,41,7,5,2,1,0,1,2,0,2,184,92,92
KLEBERG COUNTY,273,68 Years,262,122,140,68,36,32,7,5,2,3,0,3,2,1,1,182,80,102
KLEBERG COUNTY,273,69 Years,272,133,139,87,47,40,8,3,5,6,5,1,1,0,1,170,78,92
KLEBERG COUNTY,273,70 Years,261,127,134,86,42,44,10,5,5,6,3,3,1,1,0,158,76,82
KLEBERG COUNTY,273,71 Years,244,104,140,69,29,40,4,1,3,4,1,3,2,0,2,165,73,92
KLEBERG COUNTY,273,72 Years,247,116,131,73,33,40,5,5,0,3,0,3,2,1,1,164,77,87
KLEBERG COUNTY,273,73 Years,227,107,120,75,36,39,8,3,5,4,2,2,1,1,0,139,65,74
KLEBERG COUNTY,273,74 Years,230,111,119,68,29,39,14,7,7,3,2,1,2,0,2,143,73,70
KLEBERG COUNTY,273,75 Years,205,89,116,64,24,40,10,7,3,3,1,2,3,0,3,125,57,68
KLEBERG COUNTY,273,76 Years,183,79,104,59,26,33,7,3,4,2,1,1,2,1,1,113,48,65
KLEBERG COUNTY,273,77 Years,167,79,88,61,28,33,6,3,3,3,2,1,2,2,0,95,44,51
KLEBERG COUNTY,273,78 Years,138,70,68,49,29,20,5,2,3,2,1,1,1,1,0,81,37,44
KLEBERG COUNTY,273,79 Years,146,65,81,48,25,23,6,2,4,3,1,2,2,1,1,87,36,51
KLEBERG COUNTY,273,80 Years,155,64,91,50,24,26,3,2,1,5,3,2,3,2,1,94,33,61
KLEBERG COUNTY,273,81 Years,128,54,74,35,18,17,10,6,4,2,1,1,1,1,0,80,28,52
KLEBERG COUNTY,273,82 Years,120,54,66,35,18,17,8,4,4,3,1,2,0,0,0,74,31,43
KLEBERG COUNTY,273,83 Years,113,46,67,32,17,15,4,2,2,3,1,2,0,0,0,74,26,48
KLEBERG COUNTY,273,84 Years,99,40,59,26,15,11,1,1,0,1,0,1,1,0,1,70,24,46
KLEBERG COUNTY,273,85 Years,77,38,39,23,14,9,3,3,0,2,2,0,0,0,0,49,19,30
KLEBERG COUNTY,273,86 Years,72,34,38,22,11,11,2,1,1,2,2,0,1,1,0,45,19,26
KLEBERG COUNTY,273,87 Years,60,30,30,21,11,10,3,2,1,1,1,0,1,1,0,34,15,19
KLEBERG COUNTY,273,88 Years,57,23,34,21,10,11,1,1,0,0,0,0,0,0,0,35,12,23
KLEBERG COUNTY,273,89 Years,46,18,28,18,8,10,0,0,0,1,0,1,0,0,0,27,10,17
KLEBERG COUNTY,273,90 Years,39,18,21,18,8,10,1,0,1,1,1,0,0,0,0,19,9,10
KLEBERG COUNTY,273,91 Years,30,13,17,11,5,6,1,0,1,1,1,0,0,0,0,17,7,10
KLEBERG COUNTY,273,92 Years,29,12,17,9,4,5,2,1,1,1,1,0,0,0,0,17,6,11
KLEBERG COUNTY,273,93 Years,26,11,15,9,5,4,2,0,2,1,1,0,0,0,0,14,5,9
KLEBERG COUNTY,273,94 Years,23,9,14,6,3,3,2,1,1,1,1,0,0,0,0,14,4,10
KLEBERG COUNTY,273,95 Years +,57,17,40,13,4,9,6,2,4,2,0,2,1,0,1,35,11,24
KNOX COUNTY,275,All Ages,3683,1813,1870,2127,1038,1089,209,97,112,7,5,2,59,34,25,1281,639,642
KNOX COUNTY,275,< 1 Year,46,28,18,19,13,6,0,0,0,0,0,0,5,3,2,22,12,10
KNOX COUNTY,275,1 Years,41,22,19,16,9,7,1,1,0,0,0,0,6,3,3,18,9,9
KNOX COUNTY,275,2 Years,42,23,19,18,11,7,1,1,0,0,0,0,0,0,0,23,11,12
KNOX COUNTY,275,3 Years,38,18,20,16,8,8,1,0,1,0,0,0,0,0,0,21,10,11
KNOX COUNTY,275,4 Years,48,25,23,17,10,7,1,0,1,0,0,0,0,0,0,30,15,15
KNOX COUNTY,275,5 Years,52,26,26,20,11,9,2,1,1,0,0,0,0,0,0,30,14,16
KNOX COUNTY,275,6 Years,55,26,29,21,11,10,1,0,1,0,0,0,0,0,0,33,15,18
KNOX COUNTY,275,7 Years,49,22,27,21,9,12,1,0,1,0,0,0,0,0,0,27,13,14
KNOX COUNTY,275,8 Years,50,26,24,19,10,9,1,0,1,0,0,0,0,0,0,30,16,14
KNOX COUNTY,275,9 Years,62,25,37,27,8,19,1,1,0,0,0,0,2,0,2,32,16,16
KNOX COUNTY,275,10 Years,61,36,25,28,10,18,0,0,0,0,0,0,2,1,1,31,25,6
KNOX COUNTY,275,11 Years,62,30,32,31,10,21,0,0,0,0,0,0,4,3,1,27,17,10
KNOX COUNTY,275,12 Years,59,24,35,33,11,22,2,2,0,0,0,0,1,1,0,23,10,13
KNOX COUNTY,275,13 Years,47,20,27,19,10,9,2,2,0,0,0,0,2,1,1,24,7,17
KNOX COUNTY,275,14 Years,61,29,32,34,17,17,5,3,2,0,0,0,0,0,0,22,9,13
KNOX COUNTY,275,15 Years,49,21,28,27,10,17,3,2,1,0,0,0,1,0,1,18,9,9
KNOX COUNTY,275,16 Years,46,19,27,18,9,9,1,0,1,0,0,0,1,0,1,26,10,16
KNOX COUNTY,275,17 Years,54,26,28,30,17,13,4,1,3,0,0,0,1,0,1,19,8,11
KNOX COUNTY,275,18 Years,57,37,20,27,18,9,8,3,5,0,0,0,1,1,0,21,15,6
KNOX COUNTY,275,19 Years,47,25,22,22,12,10,7,4,3,0,0,0,1,1,0,17,8,9
KNOX COUNTY,275,20 Years,50,25,25,26,15,11,5,2,3,0,0,0,3,0,3,16,8,8
KNOX COUNTY,275,21 Years,40,19,21,18,8,10,5,3,2,0,0,0,1,1,0,16,7,9
KNOX COUNTY,275,22 Years,36,17,19,12,4,8,2,1,1,0,0,0,1,1,0,21,11,10
KNOX COUNTY,275,23 Years,46,24,22,21,10,11,3,2,1,0,0,0,1,1,0,21,11,10
KNOX COUNTY,275,24 Years,45,24,21,21,12,9,6,3,3,0,0,0,1,1,0,17,8,9
KNOX COUNTY,275,25 Years,44,21,23,22,9,13,6,3,3,0,0,0,1,1,0,15,8,7
KNOX COUNTY,275,26 Years,48,25,23,20,10,10,4,3,1,0,0,0,2,2,0,22,10,12
KNOX COUNTY,275,27 Years,52,24,28,27,13,14,7,4,3,0,0,0,1,1,0,17,6,11
KNOX COUNTY,275,28 Years,38,15,23,16,6,10,5,3,2,0,0,0,1,0,1,16,6,10
KNOX COUNTY,275,29 Years,32,13,19,13,7,6,1,0,1,0,0,0,2,1,1,16,5,11
KNOX COUNTY,275,30 Years,25,12,13,13,7,6,1,1,0,0,0,0,1,0,1,10,4,6
KNOX COUNTY,275,31 Years,26,14,12,14,7,7,0,0,0,0,0,0,0,0,0,12,7,5
KNOX COUNTY,275,32 Years,32,15,17,22,10,12,0,0,0,0,0,0,0,0,0,10,5,5
KNOX COUNTY,275,33 Years,35,14,21,21,12,9,2,0,2,0,0,0,0,0,0,12,2,10
KNOX COUNTY,275,34 Years,43,22,21,25,13,12,3,2,1,0,0,0,1,1,0,14,6,8
KNOX COUNTY,275,35 Years,37,18,19,22,9,13,3,1,2,1,1,0,1,1,0,10,6,4
KNOX COUNTY,275,36 Years,41,21,20,23,12,11,3,1,2,1,1,0,0,0,0,14,7,7
KNOX COUNTY,275,37 Years,32,14,18,18,8,10,1,1,0,0,0,0,0,0,0,13,5,8
KNOX COUNTY,275,38 Years,40,20,20,24,11,13,1,0,1,0,0,0,1,1,0,14,8,6
KNOX COUNTY,275,39 Years,42,23,19,25,13,12,0,0,0,0,0,0,0,0,0,17,10,7
KNOX COUNTY,275,40 Years,32,15,17,19,8,11,2,1,1,0,0,0,0,0,0,11,6,5
KNOX COUNTY,275,41 Years,40,25,15,23,13,10,3,3,0,0,0,0,0,0,0,14,9,5
KNOX COUNTY,275,42 Years,41,25,16,29,18,11,2,2,0,0,0,0,0,0,0,10,5,5
KNOX COUNTY,275,43 Years,34,20,14,21,12,9,1,1,0,0,0,0,0,0,0,12,7,5
KNOX COUNTY,275,44 Years,43,22,21,23,13,10,2,1,1,0,0,0,0,0,0,18,8,10
KNOX COUNTY,275,45 Years,32,17,15,17,10,7,2,1,1,0,0,0,0,0,0,13,6,7
KNOX COUNTY,275,46 Years,34,16,18,23,10,13,3,1,2,0,0,0,0,0,0,8,5,3
KNOX COUNTY,275,47 Years,29,11,18,15,4,11,2,0,2,1,1,0,0,0,0,11,6,5
KNOX COUNTY,275,48 Years,44,17,27,24,9,15,2,1,1,1,0,1,1,1,0,16,6,10
KNOX COUNTY,275,49 Years,49,24,25,34,18,16,0,0,0,0,0,0,0,0,0,15,6,9
KNOX COUNTY,275,50 Years,36,18,18,20,10,10,4,1,3,0,0,0,0,0,0,12,7,5
KNOX COUNTY,275,51 Years,37,19,18,21,12,9,5,1,4,0,0,0,0,0,0,11,6,5
KNOX COUNTY,275,52 Years,37,19,18,19,10,9,3,1,2,0,0,0,1,1,0,14,7,7
KNOX COUNTY,275,53 Years,39,20,19,21,9,12,4,2,2,1,1,0,0,0,0,13,8,5
KNOX COUNTY,275,54 Years,47,25,22,27,13,14,5,3,2,0,0,0,0,0,0,15,9,6
KNOX COUNTY,275,55 Years,43,21,22,24,10,14,4,2,2,0,0,0,0,0,0,15,9,6
KNOX COUNTY,275,56 Years,38,18,20,22,10,12,4,2,2,0,0,0,1,0,1,11,6,5
KNOX COUNTY,275,57 Years,41,24,17,26,16,10,4,2,2,1,1,0,1,1,0,9,4,5
KNOX COUNTY,275,58 Years,49,28,21,36,22,14,3,1,2,0,0,0,0,0,0,10,5,5
KNOX COUNTY,275,59 Years,53,28,25,40,21,19,1,0,1,0,0,0,0,0,0,12,7,5
KNOX COUNTY,275,60 Years,57,28,29,36,20,16,2,0,2,0,0,0,0,0,0,19,8,11
KNOX COUNTY,275,61 Years,53,30,23,37,20,17,1,0,1,0,0,0,0,0,0,15,10,5
KNOX COUNTY,275,62 Years,46,24,22,30,15,15,2,0,2,0,0,0,0,0,0,14,9,5
KNOX COUNTY,275,63 Years,48,28,20,35,20,15,2,1,1,0,0,0,0,0,0,11,7,4
KNOX COUNTY,275,64 Years,48,26,22,34,19,15,1,0,1,0,0,0,1,0,1,12,7,5
KNOX COUNTY,275,65 Years,44,22,22,28,14,14,1,0,1,0,0,0,2,0,2,13,8,5
KNOX COUNTY,275,66 Years,35,21,14,24,14,10,2,1,1,0,0,0,1,0,1,8,6,2
KNOX COUNTY,275,67 Years,53,28,25,43,23,20,2,1,1,0,0,0,0,0,0,8,4,4
KNOX COUNTY,275,68 Years,36,21,15,29,17,12,2,1,1,0,0,0,0,0,0,5,3,2
KNOX COUNTY,275,69 Years,39,19,20,28,13,15,3,1,2,0,0,0,1,1,0,7,4,3
KNOX COUNTY,275,70 Years,33,17,16,27,14,13,1,1,0,0,0,0,0,0,0,5,2,3
KNOX COUNTY,275,71 Years,36,17,19,24,11,13,4,1,3,0,0,0,0,0,0,8,5,3
KNOX COUNTY,275,72 Years,41,19,22,33,17,16,2,0,2,1,0,1,0,0,0,5,2,3
KNOX COUNTY,275,73 Years,37,20,17,29,17,12,1,0,1,0,0,0,0,0,0,7,3,4
KNOX COUNTY,275,74 Years,36,17,19,29,14,15,2,0,2,0,0,0,1,1,0,4,2,2
KNOX COUNTY,275,75 Years,42,17,25,29,13,16,4,1,3,0,0,0,0,0,0,9,3,6
KNOX COUNTY,275,76 Years,30,12,18,23,10,13,2,1,1,0,0,0,1,0,1,4,1,3
KNOX COUNTY,275,77 Years,26,13,13,23,12,11,1,1,0,0,0,0,0,0,0,2,0,2
KNOX COUNTY,275,78 Years,25,14,11,22,13,9,1,1,0,0,0,0,0,0,0,2,0,2
KNOX COUNTY,275,79 Years,27,11,16,20,9,11,0,0,0,0,0,0,0,0,0,7,2,5
KNOX COUNTY,275,80 Years,26,10,16,17,7,10,1,0,1,0,0,0,0,0,0,8,3,5
KNOX COUNTY,275,81 Years,28,11,17,21,7,14,0,0,0,0,0,0,1,1,0,6,3,3
KNOX COUNTY,275,82 Years,29,12,17,21,7,14,1,1,0,0,0,0,0,0,0,7,4,3
KNOX COUNTY,275,83 Years,27,8,19,20,5,15,3,2,1,0,0,0,0,0,0,4,1,3
KNOX COUNTY,275,84 Years,24,8,16,15,4,11,2,1,1,0,0,0,0,0,0,7,3,4
KNOX COUNTY,275,85 Years,20,7,13,15,6,9,1,0,1,0,0,0,0,0,0,4,1,3
KNOX COUNTY,275,86 Years,16,5,11,12,4,8,1,0,1,0,0,0,0,0,0,3,1,2
KNOX COUNTY,275,87 Years,14,7,7,10,3,7,1,1,0,0,0,0,0,0,0,3,3,0
KNOX COUNTY,275,88 Years,16,7,9,10,4,6,2,1,1,0,0,0,0,0,0,4,2,2
KNOX COUNTY,275,89 Years,13,5,8,8,3,5,2,1,1,0,0,0,0,0,0,3,1,2
KNOX COUNTY,275,90 Years,16,6,10,11,5,6,0,0,0,0,0,0,1,1,0,4,0,4
KNOX COUNTY,275,91 Years,11,6,5,7,3,4,0,0,0,0,0,0,1,1,0,3,2,1
KNOX COUNTY,275,92 Years,9,3,6,6,1,5,0,0,0,0,0,0,0,0,0,3,2,1
KNOX COUNTY,275,93 Years,9,5,4,5,2,3,1,1,0,0,0,0,0,0,0,3,2,1
KNOX COUNTY,275,94 Years,8,3,5,5,1,4,1,1,0,0,0,0,0,0,0,2,1,1
KNOX COUNTY,275,95 Years +,17,6,11,11,3,8,1,0,1,0,0,0,0,0,0,5,3,2
LAMAR COUNTY,277,All Ages,50440,24492,25948,37179,17917,19262,6350,3030,3320,326,138,188,2391,1162,1229,4194,2245,1949
LAMAR COUNTY,277,< 1 Year,596,315,281,341,172,169,77,43,34,1,1,0,91,51,40,86,48,38
LAMAR COUNTY,277,1 Years,599,314,285,347,175,172,76,42,34,2,1,1,87,47,40,87,49,38
LAMAR COUNTY,277,2 Years,618,316,302,368,183,185,77,43,34,2,1,1,76,40,36,95,49,46
LAMAR COUNTY,277,3 Years,638,320,318,394,193,201,83,45,38,2,0,2,66,34,32,93,48,45
LAMAR COUNTY,277,4 Years,673,333,340,422,204,218,95,50,45,3,1,2,58,30,28,95,48,47
LAMAR COUNTY,277,5 Years,673,336,337,419,201,218,94,51,43,3,1,2,61,31,30,96,52,44
LAMAR COUNTY,277,6 Years,664,332,332,407,197,210,91,49,42,3,1,2,64,30,34,99,55,44
LAMAR COUNTY,277,7 Years,646,334,312,395,194,201,82,46,36,3,2,1,69,36,33,97,56,41
LAMAR COUNTY,277,8 Years,649,339,310,401,198,203,89,52,37,2,1,1,58,30,28,99,58,41
LAMAR COUNTY,277,9 Years,613,306,307,389,196,193,81,44,37,2,0,2,51,22,29,90,44,46
LAMAR COUNTY,277,10 Years,658,328,330,401,194,207,101,56,45,2,2,0,53,27,26,101,49,52
LAMAR COUNTY,277,11 Years,661,342,319,406,198,208,97,60,37,2,2,0,48,28,20,108,54,54
LAMAR COUNTY,277,12 Years,641,326,315,397,204,193,98,54,44,3,1,2,51,27,24,92,40,52
LAMAR COUNTY,277,13 Years,630,316,314,396,199,197,88,48,40,5,1,4,37,21,16,104,47,57
LAMAR COUNTY,277,14 Years,660,329,331,428,213,215,84,38,46,4,1,3,41,19,22,103,58,45
LAMAR COUNTY,277,15 Years,609,308,301,391,199,192,91,48,43,4,1,3,35,16,19,88,44,44
LAMAR COUNTY,277,16 Years,619,313,306,407,202,205,85,42,43,5,3,2,32,16,16,90,50,40
LAMAR COUNTY,277,17 Years,571,290,281,372,191,181,87,41,46,10,5,5,28,13,15,74,40,34
LAMAR COUNTY,277,18 Years,587,321,266,387,213,174,78,43,35,7,6,1,26,12,14,89,47,42
LAMAR COUNTY,277,19 Years,542,280,262,352,178,174,76,43,33,3,2,1,29,16,13,82,41,41
LAMAR COUNTY,277,20 Years,519,260,259,335,166,169,73,37,36,5,3,2,37,19,18,69,35,34
LAMAR COUNTY,277,21 Years,511,258,253,328,161,167,80,41,39,7,2,5,27,14,13,69,40,29
LAMAR COUNTY,277,22 Years,531,271,260,345,176,169,90,47,43,6,3,3,31,15,16,59,30,29
LAMAR COUNTY,277,23 Years,560,285,275,369,183,186,80,47,33,4,1,3,44,21,23,63,33,30
LAMAR COUNTY,277,24 Years,561,283,278,373,178,195,90,53,37,1,0,1,33,16,17,64,36,28
LAMAR COUNTY,277,25 Years,606,310,296,411,202,209,87,44,43,4,3,1,37,18,19,67,43,24
LAMAR COUNTY,277,26 Years,610,335,275,424,236,188,94,47,47,3,1,2,31,17,14,58,34,24
LAMAR COUNTY,277,27 Years,681,359,322,483,263,220,109,55,54,3,1,2,32,12,20,54,28,26
LAMAR COUNTY,277,28 Years,755,360,395,525,261,264,119,52,67,5,4,1,39,12,27,67,31,36
LAMAR COUNTY,277,29 Years,779,376,403,545,263,282,126,56,70,3,2,1,41,18,23,64,37,27
LAMAR COUNTY,277,30 Years,705,328,377,523,244,279,99,45,54,2,1,1,31,15,16,50,23,27
LAMAR COUNTY,277,31 Years,666,319,347,486,240,246,90,41,49,4,2,2,30,10,20,56,26,30
LAMAR COUNTY,277,32 Years,640,314,326,470,228,242,74,35,39,6,4,2,27,13,14,63,34,29
LAMAR COUNTY,277,33 Years,612,302,310,435,212,223,86,43,43,8,7,1,23,12,11,60,28,32
LAMAR COUNTY,277,34 Years,587,292,295,425,213,212,81,38,43,3,2,1,20,12,8,58,27,31
LAMAR COUNTY,277,35 Years,552,274,278,401,205,196,77,35,42,1,0,1,21,10,11,52,24,28
LAMAR COUNTY,277,36 Years,573,270,303,413,195,218,81,36,45,2,1,1,24,10,14,53,28,25
LAMAR COUNTY,277,37 Years,542,252,290,395,182,213,72,32,40,3,0,3,18,8,10,54,30,24
LAMAR COUNTY,277,38 Years,531,260,271,394,191,203,59,23,36,4,2,2,23,13,10,51,31,20
LAMAR COUNTY,277,39 Years,557,267,290,402,195,207,71,30,41,4,2,2,18,8,10,62,32,30
LAMAR COUNTY,277,40 Years,530,252,278,384,180,204,76,34,42,6,5,1,17,10,7,47,23,24
LAMAR COUNTY,277,41 Years,505,244,261,357,170,187,68,27,41,8,3,5,16,9,7,56,35,21
LAMAR COUNTY,277,42 Years,523,261,262,363,183,180,71,27,44,6,1,5,22,13,9,61,37,24
LAMAR COUNTY,277,43 Years,520,256,264,381,196,185,67,29,38,2,0,2,24,10,14,46,21,25
LAMAR COUNTY,277,44 Years,550,268,282,391,193,198,78,31,47,4,2,2,20,7,13,57,35,22
LAMAR COUNTY,277,45 Years,532,261,271,399,189,210,72,36,36,5,3,2,14,9,5,42,24,18
LAMAR COUNTY,277,46 Years,532,246,286,382,177,205,77,31,46,6,1,5,18,9,9,49,28,21
LAMAR COUNTY,277,47 Years,578,276,302,430,207,223,87,35,52,5,2,3,14,8,6,42,24,18
LAMAR COUNTY,277,48 Years,633,297,336,483,228,255,89,36,53,9,4,5,15,7,8,37,22,15
LAMAR COUNTY,277,49 Years,679,316,363,520,245,275,88,38,50,9,3,6,19,7,12,43,23,20
LAMAR COUNTY,277,50 Years,672,326,346,512,247,265,88,37,51,5,2,3,21,8,13,46,32,14
LAMAR COUNTY,277,51 Years,649,321,328,486,244,242,91,40,51,6,3,3,21,8,13,45,26,19
LAMAR COUNTY,277,52 Years,632,312,320,479,237,242,87,38,49,3,1,2,28,12,16,35,24,11
LAMAR COUNTY,277,53 Years,608,299,309,470,231,239,83,40,43,7,4,3,21,8,13,27,16,11
LAMAR COUNTY,277,54 Years,647,327,320,509,265,244,86,42,44,5,2,3,19,7,12,28,11,17
LAMAR COUNTY,277,55 Years,684,327,357,546,270,276,95,38,57,7,3,4,15,8,7,21,8,13
LAMAR COUNTY,277,56 Years,682,323,359,549,263,286,88,40,48,5,2,3,18,7,11,22,11,11
LAMAR COUNTY,277,57 Years,675,320,355,546,261,285,77,33,44,4,2,2,24,10,14,24,14,10
LAMAR COUNTY,277,58 Years,650,309,341,524,252,272,82,37,45,4,1,3,16,9,7,24,10,14
LAMAR COUNTY,277,59 Years,690,325,365,550,258,292,89,43,46,3,0,3,26,14,12,22,10,12
LAMAR COUNTY,277,60 Years,643,309,334,498,244,254,90,38,52,3,1,2,20,10,10,32,16,16
LAMAR COUNTY,277,61 Years,700,343,357,557,274,283,85,37,48,7,4,3,22,11,11,29,17,12
LAMAR COUNTY,277,62 Years,680,321,359,545,257,288,87,37,50,7,3,4,21,10,11,20,14,6
LAMAR COUNTY,277,63 Years,651,319,332,534,262,272,81,38,43,2,1,1,18,7,11,16,11,5
LAMAR COUNTY,277,64 Years,656,325,331,521,259,262,91,44,47,4,2,2,20,7,13,20,13,7
LAMAR COUNTY,277,65 Years,599,295,304,482,244,238,80,33,47,2,0,2,16,8,8,19,10,9
LAMAR COUNTY,277,66 Years,584,284,300,483,238,245,60,28,32,5,0,5,20,8,12,16,10,6
LAMAR COUNTY,277,67 Years,602,279,323,507,230,277,62,27,35,2,1,1,12,6,6,19,15,4
LAMAR COUNTY,277,68 Years,606,289,317,507,243,264,63,28,35,2,0,2,18,10,8,16,8,8
LAMAR COUNTY,277,69 Years,628,303,325,530,250,280,50,27,23,4,1,3,21,11,10,23,14,9
LAMAR COUNTY,277,70 Years,645,291,354,555,252,303,47,20,27,5,1,4,22,9,13,16,9,7
LAMAR COUNTY,277,71 Years,551,254,297,479,219,260,42,20,22,3,1,2,15,7,8,12,7,5
LAMAR COUNTY,277,72 Years,579,275,304,510,241,269,41,22,19,4,2,2,12,4,8,12,6,6
LAMAR COUNTY,277,73 Years,491,232,259,432,202,230,35,18,17,2,1,1,11,5,6,11,6,5
LAMAR COUNTY,277,74 Years,481,219,262,430,198,232,34,14,20,2,0,2,8,4,4,7,3,4
LAMAR COUNTY,277,75 Years,481,210,271,423,187,236,33,12,21,3,0,3,11,7,4,11,4,7
LAMAR COUNTY,277,76 Years,448,202,246,401,185,216,27,8,19,1,0,1,10,5,5,9,4,5
LAMAR COUNTY,277,77 Years,401,192,209,362,173,189,21,8,13,0,0,0,9,5,4,9,6,3
LAMAR COUNTY,277,78 Years,366,159,207,334,142,192,19,10,9,0,0,0,8,3,5,5,4,1
LAMAR COUNTY,277,79 Years,340,139,201,313,128,185,15,6,9,2,0,2,4,2,2,6,3,3
LAMAR COUNTY,277,80 Years,306,134,172,275,123,152,20,6,14,2,0,2,5,2,3,4,3,1
LAMAR COUNTY,277,81 Years,295,134,161,270,125,145,15,5,10,2,0,2,5,2,3,3,2,1
LAMAR COUNTY,277,82 Years,262,113,149,235,102,133,17,7,10,1,0,1,5,2,3,4,2,2
LAMAR COUNTY,277,83 Years,217,89,128,195,81,114,13,5,8,0,0,0,7,2,5,2,1,1
LAMAR COUNTY,277,84 Years,216,90,126,192,81,111,13,4,9,0,0,0,8,3,5,3,2,1
LAMAR COUNTY,277,85 Years,199,86,113,176,74,102,12,6,6,2,1,1,4,3,1,5,2,3
LAMAR COUNTY,277,86 Years,168,66,102,143,56,87,18,6,12,0,0,0,3,2,1,4,2,2
LAMAR COUNTY,277,87 Years,153,60,93,136,52,84,13,5,8,0,0,0,2,1,1,2,2,0
LAMAR COUNTY,277,88 Years,133,50,83,115,42,73,10,4,6,1,1,0,4,1,3,3,2,1
LAMAR COUNTY,277,89 Years,111,44,67,98,39,59,7,3,4,1,0,1,2,1,1,3,1,2
LAMAR COUNTY,277,90 Years,96,37,59,84,31,53,7,3,4,0,0,0,3,2,1,2,1,1
LAMAR COUNTY,277,91 Years,73,25,48,63,20,43,7,3,4,0,0,0,2,1,1,1,1,0
LAMAR COUNTY,277,92 Years,74,24,50,62,21,41,7,2,5,1,0,1,2,1,1,2,0,2
LAMAR COUNTY,277,93 Years,56,17,39,46,14,32,5,2,3,1,0,1,1,0,1,3,1,2
LAMAR COUNTY,277,94 Years,43,12,31,34,10,24,5,2,3,0,0,0,1,0,1,3,0,3
LAMAR COUNTY,277,95 Years +,110,32,78,89,24,65,11,5,6,0,0,0,3,1,2,7,2,5
LAMB COUNTY,279,All Ages,12565,6193,6372,4767,2258,2509,584,302,282,22,10,12,269,133,136,6923,3490,3433
LAMB COUNTY,279,< 1 Year,181,80,101,49,19,30,5,2,3,0,0,0,17,12,5,110,47,63
LAMB COUNTY,279,1 Years,172,84,88,42,18,24,7,3,4,1,1,0,14,9,5,108,53,55
LAMB COUNTY,279,2 Years,183,95,88,46,23,23,7,3,4,1,1,0,11,7,4,118,61,57
LAMB COUNTY,279,3 Years,185,101,84,41,24,17,9,4,5,1,1,0,14,9,5,120,63,57
LAMB COUNTY,279,4 Years,191,98,93,43,25,18,8,5,3,0,0,0,14,8,6,126,60,66
LAMB COUNTY,279,5 Years,189,97,92,42,21,21,10,6,4,1,1,0,18,11,7,118,58,60
LAMB COUNTY,279,6 Years,181,90,91,42,20,22,10,5,5,0,0,0,17,9,8,112,56,56
LAMB COUNTY,279,7 Years,183,95,88,46,22,24,8,5,3,0,0,0,13,8,5,116,60,56
LAMB COUNTY,279,8 Years,185,90,95,47,22,25,7,4,3,0,0,0,8,4,4,123,60,63
LAMB COUNTY,279,9 Years,204,107,97,49,31,18,7,4,3,0,0,0,6,2,4,142,70,72
LAMB COUNTY,279,10 Years,183,95,88,42,21,21,7,2,5,1,1,0,5,2,3,128,69,59
LAMB COUNTY,279,11 Years,169,87,82,38,16,22,9,4,5,1,1,0,3,1,2,118,65,53
LAMB COUNTY,279,12 Years,185,93,92,47,22,25,9,4,5,0,0,0,5,2,3,124,65,59
LAMB COUNTY,279,13 Years,178,90,88,42,17,25,9,7,2,0,0,0,4,2,2,123,64,59
LAMB COUNTY,279,14 Years,176,85,91,39,17,22,10,6,4,0,0,0,4,1,3,123,61,62
LAMB COUNTY,279,15 Years,173,84,89,40,18,22,9,5,4,0,0,0,3,2,1,121,59,62
LAMB COUNTY,279,16 Years,168,92,76,38,19,19,10,6,4,0,0,0,3,2,1,117,65,52
LAMB COUNTY,279,17 Years,168,89,79,41,21,20,11,6,5,0,0,0,3,0,3,113,62,51
LAMB COUNTY,279,18 Years,151,76,75,40,20,20,10,5,5,0,0,0,2,0,2,99,51,48
LAMB COUNTY,279,19 Years,144,70,74,40,17,23,6,2,4,0,0,0,4,1,3,94,50,44
LAMB COUNTY,279,20 Years,133,66,67,38,15,23,7,3,4,0,0,0,3,2,1,85,46,39
LAMB COUNTY,279,21 Years,129,66,63,36,19,17,8,4,4,0,0,0,2,1,1,83,42,41
LAMB COUNTY,279,22 Years,134,68,66,41,24,17,8,3,5,0,0,0,3,1,2,82,40,42
LAMB COUNTY,279,23 Years,133,70,63,41,22,19,6,4,2,0,0,0,0,0,0,86,44,42
LAMB COUNTY,279,24 Years,146,73,73,45,21,24,5,3,2,0,0,0,2,0,2,94,49,45
LAMB COUNTY,279,25 Years,166,86,80,54,30,24,8,3,5,0,0,0,2,1,1,102,52,50
LAMB COUNTY,279,26 Years,167,86,81,55,29,26,8,4,4,0,0,0,2,1,1,102,52,50
LAMB COUNTY,279,27 Years,172,82,90,56,27,29,8,3,5,0,0,0,3,0,3,105,52,53
LAMB COUNTY,279,28 Years,150,78,72,46,23,23,6,3,3,1,0,1,2,0,2,95,52,43
LAMB COUNTY,279,29 Years,159,81,78,48,25,23,5,3,2,0,0,0,1,0,1,105,53,52
LAMB COUNTY,279,30 Years,153,82,71,49,26,23,2,1,1,0,0,0,2,0,2,100,55,45
LAMB COUNTY,279,31 Years,162,82,80,51,25,26,7,6,1,0,0,0,1,0,1,103,51,52
LAMB COUNTY,279,32 Years,142,70,72,31,15,16,4,3,1,0,0,0,2,1,1,105,51,54
LAMB COUNTY,279,33 Years,142,75,67,40,22,18,6,4,2,0,0,0,1,1,0,95,48,47
LAMB COUNTY,279,34 Years,138,58,80,39,18,21,7,5,2,1,1,0,1,1,0,90,33,57
LAMB COUNTY,279,35 Years,147,68,79,43,24,19,7,3,4,0,0,0,0,0,0,97,41,56
LAMB COUNTY,279,36 Years,170,79,91,63,27,36,6,1,5,0,0,0,1,1,0,100,50,50
LAMB COUNTY,279,37 Years,151,79,72,46,22,24,8,5,3,0,0,0,1,1,0,96,51,45
LAMB COUNTY,279,38 Years,152,79,73,43,19,24,8,4,4,0,0,0,1,0,1,100,56,44
LAMB COUNTY,279,39 Years,167,82,85,49,20,29,7,3,4,0,0,0,2,0,2,109,59,50
LAMB COUNTY,279,40 Years,154,70,84,46,16,30,8,4,4,0,0,0,2,0,2,98,50,48
LAMB COUNTY,279,41 Years,151,70,81,42,16,26,9,4,5,1,0,1,1,0,1,98,50,48
LAMB COUNTY,279,42 Years,149,80,69,52,26,26,4,1,3,1,0,1,1,1,0,91,52,39
LAMB COUNTY,279,43 Years,132,70,62,44,20,24,6,2,4,0,0,0,1,1,0,81,47,34
LAMB COUNTY,279,44 Years,137,67,70,40,16,24,6,2,4,0,0,0,1,1,0,90,48,42
LAMB COUNTY,279,45 Years,120,55,65,42,16,26,6,3,3,0,0,0,1,1,0,71,35,36
LAMB COUNTY,279,46 Years,124,62,62,48,20,28,2,1,1,0,0,0,0,0,0,74,41,33
LAMB COUNTY,279,47 Years,105,48,57,35,16,19,2,0,2,0,0,0,0,0,0,68,32,36
LAMB COUNTY,279,48 Years,123,59,64,42,17,25,2,1,1,0,0,0,2,0,2,77,41,36
LAMB COUNTY,279,49 Years,149,81,68,47,22,25,4,2,2,0,0,0,2,1,1,96,56,40
LAMB COUNTY,279,50 Years,145,73,72,47,24,23,8,5,3,0,0,0,1,1,0,89,43,46
LAMB COUNTY,279,51 Years,146,76,70,51,26,25,5,3,2,0,0,0,3,1,2,87,46,41
LAMB COUNTY,279,52 Years,146,80,66,63,35,28,7,4,3,0,0,0,2,1,1,74,40,34
LAMB COUNTY,279,53 Years,142,73,69,57,32,25,4,2,2,0,0,0,0,0,0,81,39,42
LAMB COUNTY,279,54 Years,136,58,78,53,24,29,7,2,5,0,0,0,1,0,1,75,32,43
LAMB COUNTY,279,55 Years,165,81,84,69,34,35,9,7,2,2,0,2,3,0,3,82,40,42
LAMB COUNTY,279,56 Years,168,75,93,85,36,49,10,5,5,2,0,2,1,0,1,70,34,36
LAMB COUNTY,279,57 Years,159,79,80,76,34,42,10,5,5,0,0,0,1,1,0,72,39,33
LAMB COUNTY,279,58 Years,155,76,79,86,46,40,8,3,5,0,0,0,2,1,1,59,26,33
LAMB COUNTY,279,59 Years,153,71,82,94,47,47,6,4,2,0,0,0,3,1,2,50,19,31
LAMB COUNTY,279,60 Years,144,66,78,77,38,39,12,8,4,0,0,0,2,1,1,53,19,34
LAMB COUNTY,279,61 Years,150,75,75,78,41,37,12,5,7,1,0,1,3,1,2,56,28,28
LAMB COUNTY,279,62 Years,146,78,68,82,44,38,8,5,3,1,0,1,3,1,2,52,28,24
LAMB COUNTY,279,63 Years,160,86,74,81,44,37,6,4,2,2,2,0,4,2,2,67,34,33
LAMB COUNTY,279,64 Years,144,70,74,80,42,38,4,2,2,1,1,0,3,1,2,56,24,32
LAMB COUNTY,279,65 Years,151,78,73,80,41,39,5,2,3,0,0,0,3,2,1,63,33,30
LAMB COUNTY,279,66 Years,139,72,67,74,40,34,6,5,1,0,0,0,3,1,2,56,26,30
LAMB COUNTY,279,67 Years,133,70,63,75,39,36,6,3,3,0,0,0,2,1,1,50,27,23
LAMB COUNTY,279,68 Years,116,63,53,66,37,29,4,2,2,0,0,0,1,1,0,45,23,22
LAMB COUNTY,279,69 Years,113,51,62,59,28,31,3,1,2,0,0,0,1,1,0,50,21,29
LAMB COUNTY,279,70 Years,116,53,63,65,28,37,7,6,1,0,0,0,0,0,0,44,19,25
LAMB COUNTY,279,71 Years,101,45,56,53,23,30,7,4,3,0,0,0,0,0,0,41,18,23
LAMB COUNTY,279,72 Years,101,50,51,57,30,27,5,3,2,0,0,0,1,0,1,38,17,21
LAMB COUNTY,279,73 Years,107,47,60,51,25,26,8,4,4,1,0,1,1,0,1,46,18,28
LAMB COUNTY,279,74 Years,97,42,55,52,20,32,4,1,3,0,0,0,2,2,0,39,19,20
LAMB COUNTY,279,75 Years,100,47,53,61,26,35,2,2,0,0,0,0,2,1,1,35,18,17
LAMB COUNTY,279,76 Years,94,43,51,58,26,32,5,2,3,0,0,0,1,0,1,30,15,15
LAMB COUNTY,279,77 Years,93,38,55,62,23,39,3,1,2,0,0,0,1,1,0,27,13,14
LAMB COUNTY,279,78 Years,87,34,53,60,23,37,4,2,2,0,0,0,2,1,1,21,8,13
LAMB COUNTY,279,79 Years,84,37,47,59,26,33,3,1,2,0,0,0,1,0,1,21,10,11
LAMB COUNTY,279,80 Years,74,35,39,52,24,28,5,2,3,0,0,0,1,1,0,16,8,8
LAMB COUNTY,279,81 Years,74,32,42,52,21,31,5,3,2,0,0,0,0,0,0,17,8,9
LAMB COUNTY,279,82 Years,63,26,37,44,15,29,2,1,1,0,0,0,0,0,0,17,10,7
LAMB COUNTY,279,83 Years,69,30,39,50,21,29,3,1,2,0,0,0,0,0,0,16,8,8
LAMB COUNTY,279,84 Years,72,31,41,56,24,32,1,0,1,0,0,0,1,0,1,14,7,7
LAMB COUNTY,279,85 Years,68,31,37,51,21,30,3,3,0,0,0,0,1,0,1,13,7,6
LAMB COUNTY,279,86 Years,51,23,28,38,17,21,2,1,1,0,0,0,0,0,0,11,5,6
LAMB COUNTY,279,87 Years,49,18,31,37,13,24,2,0,2,0,0,0,1,0,1,9,5,4
LAMB COUNTY,279,88 Years,49,20,29,37,14,23,3,1,2,0,0,0,0,0,0,9,5,4
LAMB COUNTY,279,89 Years,45,18,27,32,12,20,4,2,2,1,0,1,0,0,0,8,4,4
LAMB COUNTY,279,90 Years,35,17,18,23,10,13,4,2,2,0,0,0,1,1,0,7,4,3
LAMB COUNTY,279,91 Years,28,15,13,18,9,9,4,2,2,0,0,0,0,0,0,6,4,2
LAMB COUNTY,279,92 Years,20,10,10,13,6,7,1,1,0,0,0,0,0,0,0,6,3,3
LAMB COUNTY,279,93 Years,18,8,10,12,5,7,1,0,1,0,0,0,0,0,0,5,3,2
LAMB COUNTY,279,94 Years,16,8,8,11,5,6,2,1,1,0,0,0,0,0,0,3,2,1
LAMB COUNTY,279,95 Years +,37,14,23,24,8,16,6,3,3,1,0,1,0,0,0,6,3,3
LAMPASAS COUNTY,281,All Ages,21326,10472,10854,15126,7306,7820,654,327,327,223,79,144,893,438,455,4430,2322,2108
LAMPASAS COUNTY,281,< 1 Year,218,129,89,118,69,49,7,4,3,4,3,1,21,15,6,68,38,30
LAMPASAS COUNTY,281,1 Years,219,119,100,121,66,55,5,2,3,4,3,1,23,15,8,66,33,33
LAMPASAS COUNTY,281,2 Years,226,120,106,125,68,57,6,3,3,5,4,1,26,16,10,64,29,35
LAMPASAS COUNTY,281,3 Years,232,117,115,132,66,66,3,1,2,4,3,1,27,16,11,66,31,35
LAMPASAS COUNTY,281,4 Years,247,124,123,136,71,65,5,3,2,4,3,1,31,12,19,71,35,36
LAMPASAS COUNTY,281,5 Years,260,135,125,144,75,69,6,4,2,4,3,1,25,14,11,81,39,42
LAMPASAS COUNTY,281,6 Years,263,132,131,149,77,72,6,3,3,4,2,2,27,12,15,77,38,39
LAMPASAS COUNTY,281,7 Years,255,129,126,146,76,70,4,1,3,3,2,1,22,9,13,80,41,39
LAMPASAS COUNTY,281,8 Years,252,126,126,142,72,70,4,1,3,2,1,1,21,12,9,83,40,43
LAMPASAS COUNTY,281,9 Years,266,142,124,143,79,64,4,3,1,2,2,0,24,8,16,93,50,43
LAMPASAS COUNTY,281,10 Years,265,131,134,166,81,85,5,2,3,2,1,1,14,8,6,78,39,39
LAMPASAS COUNTY,281,11 Years,266,131,135,161,75,86,4,1,3,1,1,0,19,10,9,81,44,37
LAMPASAS COUNTY,281,12 Years,277,130,147,171,81,90,4,3,1,1,1,0,19,10,9,82,35,47
LAMPASAS COUNTY,281,13 Years,271,123,148,155,70,85,2,1,1,2,1,1,12,7,5,100,44,56
LAMPASAS COUNTY,281,14 Years,275,135,140,171,84,87,6,4,2,1,1,0,14,8,6,83,38,45
LAMPASAS COUNTY,281,15 Years,259,132,127,178,95,83,5,3,2,3,2,1,12,5,7,61,27,34
LAMPASAS COUNTY,281,16 Years,274,151,123,172,92,80,5,2,3,3,2,1,12,8,4,82,47,35
LAMPASAS COUNTY,281,17 Years,254,132,122,158,84,74,4,2,2,1,0,1,16,9,7,75,37,38
LAMPASAS COUNTY,281,18 Years,218,111,107,140,77,63,1,0,1,3,1,2,12,6,6,62,27,35
LAMPASAS COUNTY,281,19 Years,210,115,95,125,67,58,4,2,2,4,2,2,15,6,9,62,38,24
LAMPASAS COUNTY,281,20 Years,198,109,89,113,63,50,7,4,3,3,2,1,15,7,8,60,33,27
LAMPASAS COUNTY,281,21 Years,194,100,94,116,64,52,9,3,6,3,0,3,11,4,7,55,29,26
LAMPASAS COUNTY,281,22 Years,222,107,115,134,61,73,6,2,4,2,1,1,16,10,6,64,33,31
LAMPASAS COUNTY,281,23 Years,236,119,117,137,71,66,15,3,12,4,2,2,12,8,4,68,35,33
LAMPASAS COUNTY,281,24 Years,265,123,142,158,74,84,20,5,15,2,0,2,15,7,8,70,37,33
LAMPASAS COUNTY,281,25 Years,264,146,118,157,84,73,15,7,8,2,1,1,15,10,5,75,44,31
LAMPASAS COUNTY,281,26 Years,275,136,139,164,77,87,25,10,15,0,0,0,14,8,6,72,41,31
LAMPASAS COUNTY,281,27 Years,291,163,128,169,85,84,13,6,7,3,2,1,18,10,8,88,60,28
LAMPASAS COUNTY,281,28 Years,281,156,125,159,79,80,9,7,2,2,0,2,15,9,6,96,61,35
LAMPASAS COUNTY,281,29 Years,249,131,118,159,78,81,13,4,9,0,0,0,4,2,2,73,47,26
LAMPASAS COUNTY,281,30 Years,241,114,127,163,68,95,8,3,5,0,0,0,3,2,1,67,41,26
LAMPASAS COUNTY,281,31 Years,250,128,122,158,73,85,5,4,1,1,1,0,6,2,4,80,48,32
LAMPASAS COUNTY,281,32 Years,261,127,134,161,77,84,6,4,2,1,0,1,14,4,10,79,42,37
LAMPASAS COUNTY,281,33 Years,269,147,122,168,84,84,5,3,2,1,1,0,9,3,6,86,56,30
LAMPASAS COUNTY,281,34 Years,247,107,140,175,69,106,6,2,4,1,0,1,6,2,4,59,34,25
LAMPASAS COUNTY,281,35 Years,237,116,121,165,73,92,6,3,3,1,1,0,5,1,4,60,38,22
LAMPASAS COUNTY,281,36 Years,250,137,113,172,88,84,2,1,1,1,1,0,5,1,4,70,46,24
LAMPASAS COUNTY,281,37 Years,270,135,135,199,98,101,4,2,2,0,0,0,3,1,2,64,34,30
LAMPASAS COUNTY,281,38 Years,250,123,127,199,94,105,4,2,2,1,0,1,3,1,2,43,26,17
LAMPASAS COUNTY,281,39 Years,249,121,128,189,92,97,3,2,1,2,1,1,7,3,4,48,23,25
LAMPASAS COUNTY,281,40 Years,225,110,115,166,80,86,3,3,0,1,1,0,10,4,6,45,22,23
LAMPASAS COUNTY,281,41 Years,238,114,124,174,83,91,4,1,3,2,0,2,8,3,5,50,27,23
LAMPASAS COUNTY,281,42 Years,232,118,114,171,85,86,3,2,1,1,0,1,8,5,3,49,26,23
LAMPASAS COUNTY,281,43 Years,222,111,111,165,81,84,4,3,1,3,0,3,9,6,3,41,21,20
LAMPASAS COUNTY,281,44 Years,233,110,123,170,81,89,6,4,2,3,1,2,10,5,5,44,19,25
LAMPASAS COUNTY,281,45 Years,249,120,129,186,84,102,7,5,2,3,2,1,9,4,5,44,25,19
LAMPASAS COUNTY,281,46 Years,247,119,128,185,88,97,8,5,3,3,2,1,7,4,3,44,20,24
LAMPASAS COUNTY,281,47 Years,238,114,124,172,79,93,8,5,3,3,2,1,8,4,4,47,24,23
LAMPASAS COUNTY,281,48 Years,256,113,143,190,84,106,12,6,6,3,1,2,8,3,5,43,19,24
LAMPASAS COUNTY,281,49 Years,283,130,153,217,102,115,10,5,5,4,3,1,6,4,2,46,16,30
LAMPASAS COUNTY,281,50 Years,271,126,145,201,98,103,8,4,4,3,1,2,8,2,6,51,21,30
LAMPASAS COUNTY,281,51 Years,245,120,125,175,89,86,12,6,6,1,0,1,9,3,6,48,22,26
LAMPASAS COUNTY,281,52 Years,262,118,144,195,91,104,11,4,7,1,0,1,13,6,7,42,17,25
LAMPASAS COUNTY,281,53 Years,266,118,148,194,82,112,17,11,6,2,0,2,7,5,2,46,20,26
LAMPASAS COUNTY,281,54 Years,305,149,156,230,112,118,17,9,8,2,0,2,6,3,3,50,25,25
LAMPASAS COUNTY,281,55 Years,323,165,158,259,132,127,15,10,5,2,0,2,6,2,4,41,21,20
LAMPASAS COUNTY,281,56 Years,284,136,148,224,105,119,8,6,2,3,2,1,7,3,4,42,20,22
LAMPASAS COUNTY,281,57 Years,312,164,148,231,114,117,11,7,4,2,1,1,10,5,5,58,37,21
LAMPASAS COUNTY,281,58 Years,314,155,159,259,124,135,9,5,4,4,1,3,7,4,3,35,21,14
LAMPASAS COUNTY,281,59 Years,280,137,143,230,112,118,8,4,4,4,1,3,6,4,2,32,16,16
LAMPASAS COUNTY,281,60 Years,315,140,175,254,113,141,11,4,7,6,0,6,7,3,4,37,20,17
LAMPASAS COUNTY,281,61 Years,305,141,164,246,110,136,14,7,7,4,0,4,6,3,3,35,21,14
LAMPASAS COUNTY,281,62 Years,297,152,145,237,122,115,12,4,8,1,0,1,8,3,5,39,23,16
LAMPASAS COUNTY,281,63 Years,307,142,165,244,106,138,13,6,7,3,0,3,9,4,5,38,26,12
LAMPASAS COUNTY,281,64 Years,314,137,177,250,111,139,14,5,9,7,1,6,8,3,5,35,17,18
LAMPASAS COUNTY,281,65 Years,279,118,161,234,100,134,6,2,4,2,0,2,7,3,4,30,13,17
LAMPASAS COUNTY,281,66 Years,292,137,155,238,114,124,12,8,4,5,1,4,4,1,3,33,13,20
LAMPASAS COUNTY,281,67 Years,272,128,144,220,104,116,11,6,5,3,1,2,7,0,7,31,17,14
LAMPASAS COUNTY,281,68 Years,264,114,150,209,92,117,7,4,3,7,1,6,11,5,6,30,12,18
LAMPASAS COUNTY,281,69 Years,278,132,146,230,111,119,8,2,6,5,0,5,10,7,3,25,12,13
LAMPASAS COUNTY,281,70 Years,258,119,139,214,97,117,10,5,5,1,0,1,9,5,4,24,12,12
LAMPASAS COUNTY,281,71 Years,274,137,137,227,118,109,9,5,4,3,0,3,8,3,5,27,11,16
LAMPASAS COUNTY,281,72 Years,252,131,121,213,110,103,7,4,3,3,0,3,3,1,2,26,16,10
LAMPASAS COUNTY,281,73 Years,203,112,91,176,94,82,7,6,1,2,0,2,1,0,1,17,12,5
LAMPASAS COUNTY,281,74 Years,196,99,97,163,84,79,6,3,3,2,0,2,7,3,4,18,9,9
LAMPASAS COUNTY,281,75 Years,199,97,102,173,86,87,6,3,3,5,1,4,4,2,2,11,5,6
LAMPASAS COUNTY,281,76 Years,199,93,106,170,81,89,11,6,5,2,0,2,4,0,4,12,6,6
LAMPASAS COUNTY,281,77 Years,183,89,94,150,72,78,9,5,4,3,0,3,2,1,1,19,11,8
LAMPASAS COUNTY,281,78 Years,154,73,81,131,61,70,5,3,2,2,1,1,0,0,0,16,8,8
LAMPASAS COUNTY,281,79 Years,138,71,67,113,56,57,3,2,1,2,1,1,0,0,0,20,12,8
LAMPASAS COUNTY,281,80 Years,131,62,69,110,53,57,1,1,0,5,1,4,3,2,1,12,5,7
LAMPASAS COUNTY,281,81 Years,112,47,65,95,39,56,2,1,1,1,0,1,7,3,4,7,4,3
LAMPASAS COUNTY,281,82 Years,103,49,54,88,40,48,2,2,0,0,0,0,3,1,2,10,6,4
LAMPASAS COUNTY,281,83 Years,111,47,64,91,40,51,4,2,2,0,0,0,1,0,1,15,5,10
LAMPASAS COUNTY,281,84 Years,96,43,53,80,37,43,3,1,2,1,0,1,3,1,2,9,4,5
LAMPASAS COUNTY,281,85 Years,64,24,40,53,20,33,1,1,0,0,0,0,2,1,1,8,2,6
LAMPASAS COUNTY,281,86 Years,63,28,35,51,25,26,1,0,1,1,0,1,2,1,1,8,2,6
LAMPASAS COUNTY,281,87 Years,65,31,34,53,26,27,1,1,0,1,0,1,1,1,0,9,3,6
LAMPASAS COUNTY,281,88 Years,50,25,25,42,22,20,0,0,0,2,0,2,0,0,0,6,3,3
LAMPASAS COUNTY,281,89 Years,49,23,26,41,19,22,0,0,0,0,0,0,3,1,2,5,3,2
LAMPASAS COUNTY,281,90 Years,43,19,24,34,15,19,1,1,0,0,0,0,1,0,1,7,3,4
LAMPASAS COUNTY,281,91 Years,40,14,26,31,12,19,1,0,1,3,1,2,0,0,0,5,1,4
LAMPASAS COUNTY,281,92 Years,34,13,21,29,10,19,0,0,0,2,1,1,0,0,0,3,2,1
LAMPASAS COUNTY,281,93 Years,26,9,17,21,7,14,0,0,0,0,0,0,1,0,1,4,2,2
LAMPASAS COUNTY,281,94 Years,18,6,12,16,5,11,1,0,1,0,0,0,0,0,0,1,1,0
LAMPASAS COUNTY,281,95 Years +,51,14,37,37,11,26,3,0,3,2,0,2,1,0,1,8,3,5
LA SALLE COUNTY,283,All Ages,7426,4308,3118,844,443,401,15,15,0,5,3,2,59,35,24,6503,3812,2691
LA SALLE COUNTY,283,< 1 Year,90,45,45,7,5,2,0,0,0,0,0,0,0,0,0,83,40,43
LA SALLE COUNTY,283,1 Years,88,43,45,4,3,1,0,0,0,0,0,0,1,1,0,83,39,44
LA SALLE COUNTY,283,2 Years,86,42,44,5,3,2,0,0,0,0,0,0,1,1,0,80,38,42
LA SALLE COUNTY,283,3 Years,89,44,45,5,2,3,0,0,0,0,0,0,2,1,1,82,41,41
LA SALLE COUNTY,283,4 Years,92,48,44,6,3,3,0,0,0,0,0,0,1,1,0,85,44,41
LA SALLE COUNTY,283,5 Years,101,58,43,8,5,3,0,0,0,0,0,0,1,1,0,92,52,40
LA SALLE COUNTY,283,6 Years,98,52,46,6,4,2,0,0,0,0,0,0,2,1,1,90,47,43
LA SALLE COUNTY,283,7 Years,92,47,45,4,2,2,0,0,0,0,0,0,1,0,1,87,45,42
LA SALLE COUNTY,283,8 Years,92,49,43,6,3,3,0,0,0,0,0,0,0,0,0,86,46,40
LA SALLE COUNTY,283,9 Years,81,38,43,5,3,2,1,1,0,0,0,0,0,0,0,75,34,41
LA SALLE COUNTY,283,10 Years,74,28,46,5,2,3,0,0,0,0,0,0,1,0,1,68,26,42
LA SALLE COUNTY,283,11 Years,73,39,34,7,4,3,0,0,0,0,0,0,1,1,0,65,34,31
LA SALLE COUNTY,283,12 Years,65,39,26,6,3,3,0,0,0,0,0,0,1,1,0,58,35,23
LA SALLE COUNTY,283,13 Years,66,31,35,6,2,4,0,0,0,1,1,0,1,0,1,58,28,30
LA SALLE COUNTY,283,14 Years,65,39,26,8,5,3,0,0,0,1,1,0,0,0,0,56,33,23
LA SALLE COUNTY,283,15 Years,69,42,27,7,5,2,1,1,0,0,0,0,0,0,0,61,36,25
LA SALLE COUNTY,283,16 Years,70,34,36,6,4,2,0,0,0,0,0,0,1,0,1,63,30,33
LA SALLE COUNTY,283,17 Years,77,39,38,5,2,3,0,0,0,0,0,0,1,0,1,71,37,34
LA SALLE COUNTY,283,18 Years,83,48,35,7,6,1,0,0,0,0,0,0,1,0,1,75,42,33
LA SALLE COUNTY,283,19 Years,104,68,36,8,5,3,0,0,0,0,0,0,1,1,0,95,62,33
LA SALLE COUNTY,283,20 Years,146,94,52,6,4,2,0,0,0,0,0,0,1,1,0,139,89,50
LA SALLE COUNTY,283,21 Years,199,152,47,7,5,2,1,1,0,0,0,0,1,1,0,190,145,45
LA SALLE COUNTY,283,22 Years,159,111,48,9,6,3,0,0,0,0,0,0,1,1,0,149,104,45
LA SALLE COUNTY,283,23 Years,255,217,38,7,6,1,0,0,0,0,0,0,2,2,0,246,209,37
LA SALLE COUNTY,283,24 Years,267,208,59,8,5,3,0,0,0,0,0,0,2,2,0,257,201,56
LA SALLE COUNTY,283,25 Years,179,128,51,7,4,3,0,0,0,0,0,0,2,2,0,170,122,48
LA SALLE COUNTY,283,26 Years,199,149,50,12,9,3,0,0,0,0,0,0,1,1,0,186,139,47
LA SALLE COUNTY,283,27 Years,177,114,63,9,5,4,0,0,0,0,0,0,1,0,1,167,109,58
LA SALLE COUNTY,283,28 Years,143,98,45,12,6,6,0,0,0,0,0,0,0,0,0,131,92,39
LA SALLE COUNTY,283,29 Years,162,109,53,4,2,2,0,0,0,0,0,0,1,1,0,157,106,51
LA SALLE COUNTY,283,30 Years,91,51,40,8,6,2,1,1,0,0,0,0,0,0,0,82,44,38
LA SALLE COUNTY,283,31 Years,97,62,35,9,3,6,0,0,0,0,0,0,1,1,0,87,58,29
LA SALLE COUNTY,283,32 Years,118,74,44,5,3,2,1,1,0,0,0,0,1,0,1,111,70,41
LA SALLE COUNTY,283,33 Years,122,83,39,6,3,3,1,1,0,0,0,0,0,0,0,115,79,36
LA SALLE COUNTY,283,34 Years,110,72,38,9,4,5,0,0,0,0,0,0,2,2,0,99,66,33
LA SALLE COUNTY,283,35 Years,98,62,36,12,8,4,0,0,0,0,0,0,0,0,0,86,54,32
LA SALLE COUNTY,283,36 Years,83,49,34,6,3,3,0,0,0,0,0,0,0,0,0,77,46,31
LA SALLE COUNTY,283,37 Years,74,42,32,6,3,3,0,0,0,0,0,0,1,1,0,67,38,29
LA SALLE COUNTY,283,38 Years,83,52,31,5,2,3,0,0,0,0,0,0,2,2,0,76,48,28
LA SALLE COUNTY,283,39 Years,65,33,32,5,1,4,0,0,0,0,0,0,0,0,0,60,32,28
LA SALLE COUNTY,283,40 Years,99,58,41,8,3,5,0,0,0,0,0,0,0,0,0,91,55,36
LA SALLE COUNTY,283,41 Years,99,56,43,11,4,7,0,0,0,0,0,0,1,1,0,87,51,36
LA SALLE COUNTY,283,42 Years,85,42,43,7,1,6,0,0,0,0,0,0,0,0,0,78,41,37
LA SALLE COUNTY,283,43 Years,75,42,33,3,2,1,1,1,0,0,0,0,0,0,0,71,39,32
LA SALLE COUNTY,283,44 Years,60,31,29,10,5,5,0,0,0,0,0,0,1,1,0,49,25,24
LA SALLE COUNTY,283,45 Years,58,27,31,8,3,5,0,0,0,0,0,0,0,0,0,50,24,26
LA SALLE COUNTY,283,46 Years,67,45,22,8,6,2,0,0,0,0,0,0,0,0,0,59,39,20
LA SALLE COUNTY,283,47 Years,77,53,24,6,4,2,0,0,0,1,0,1,0,0,0,70,49,21
LA SALLE COUNTY,283,48 Years,70,34,36,10,7,3,0,0,0,1,1,0,0,0,0,59,26,33
LA SALLE COUNTY,283,49 Years,78,39,39,11,6,5,0,0,0,0,0,0,0,0,0,67,33,34
LA SALLE COUNTY,283,50 Years,73,39,34,11,4,7,0,0,0,0,0,0,0,0,0,62,35,27
LA SALLE COUNTY,283,51 Years,74,32,42,12,6,6,0,0,0,0,0,0,1,0,1,61,26,35
LA SALLE COUNTY,283,52 Years,82,41,41,9,5,4,0,0,0,0,0,0,1,0,1,72,36,36
LA SALLE COUNTY,283,53 Years,68,38,30,10,7,3,0,0,0,0,0,0,0,0,0,58,31,27
LA SALLE COUNTY,283,54 Years,65,36,29,7,3,4,1,1,0,0,0,0,0,0,0,57,32,25
LA SALLE COUNTY,283,55 Years,60,31,29,11,5,6,0,0,0,0,0,0,0,0,0,49,26,23
LA SALLE COUNTY,283,56 Years,74,44,30,13,5,8,0,0,0,0,0,0,0,0,0,61,39,22
LA SALLE COUNTY,283,57 Years,58,28,30,13,5,8,0,0,0,0,0,0,0,0,0,45,23,22
LA SALLE COUNTY,283,58 Years,57,25,32,13,8,5,1,1,0,0,0,0,0,0,0,43,16,27
LA SALLE COUNTY,283,59 Years,53,27,26,9,5,4,0,0,0,0,0,0,0,0,0,44,22,22
LA SALLE COUNTY,283,60 Years,73,47,26,16,11,5,1,1,0,0,0,0,1,0,1,55,35,20
LA SALLE COUNTY,283,61 Years,62,28,34,10,6,4,0,0,0,0,0,0,1,0,1,51,22,29
LA SALLE COUNTY,283,62 Years,50,22,28,7,3,4,0,0,0,0,0,0,0,0,0,43,19,24
LA SALLE COUNTY,283,63 Years,46,21,25,10,4,6,0,0,0,0,0,0,0,0,0,36,17,19
LA SALLE COUNTY,283,64 Years,57,24,33,14,7,7,0,0,0,0,0,0,0,0,0,43,17,26
LA SALLE COUNTY,283,65 Years,51,20,31,11,3,8,0,0,0,0,0,0,0,0,0,40,17,23
LA SALLE COUNTY,283,66 Years,60,28,32,8,3,5,0,0,0,0,0,0,0,0,0,52,25,27
LA SALLE COUNTY,283,67 Years,58,34,24,13,6,7,1,1,0,0,0,0,0,0,0,44,27,17
LA SALLE COUNTY,283,68 Years,65,27,38,14,5,9,0,0,0,0,0,0,2,0,2,49,22,27
LA SALLE COUNTY,283,69 Years,63,25,38,11,4,7,0,0,0,0,0,0,1,0,1,51,21,30
LA SALLE COUNTY,283,70 Years,61,35,26,18,10,8,0,0,0,0,0,0,1,1,0,42,24,18
LA SALLE COUNTY,283,71 Years,61,37,24,19,10,9,0,0,0,0,0,0,0,0,0,42,27,15
LA SALLE COUNTY,283,72 Years,75,40,35,23,14,9,1,1,0,0,0,0,0,0,0,51,25,26
LA SALLE COUNTY,283,73 Years,66,26,40,19,8,11,0,0,0,0,0,0,1,0,1,46,18,28
LA SALLE COUNTY,283,74 Years,67,28,39,23,9,14,0,0,0,0,0,0,1,0,1,43,19,24
LA SALLE COUNTY,283,75 Years,59,25,34,17,9,8,0,0,0,0,0,0,0,0,0,42,16,26
LA SALLE COUNTY,283,76 Years,47,23,24,15,8,7,0,0,0,0,0,0,1,0,1,31,15,16
LA SALLE COUNTY,283,77 Years,54,24,30,18,8,10,0,0,0,0,0,0,1,1,0,35,15,20
LA SALLE COUNTY,283,78 Years,42,20,22,11,7,4,0,0,0,1,0,1,1,1,0,29,12,17
LA SALLE COUNTY,283,79 Years,36,19,17,10,7,3,0,0,0,0,0,0,0,0,0,26,12,14
LA SALLE COUNTY,283,80 Years,38,18,20,10,6,4,0,0,0,0,0,0,0,0,0,28,12,16
LA SALLE COUNTY,283,81 Years,32,17,15,9,6,3,0,0,0,0,0,0,1,1,0,22,10,12
LA SALLE COUNTY,283,82 Years,30,16,14,7,4,3,0,0,0,0,0,0,1,1,0,22,11,11
LA SALLE COUNTY,283,83 Years,31,12,19,6,2,4,2,2,0,0,0,0,0,0,0,23,8,15
LA SALLE COUNTY,283,84 Years,29,8,21,5,2,3,1,1,0,0,0,0,0,0,0,23,5,18
LA SALLE COUNTY,283,85 Years,33,15,18,9,6,3,0,0,0,0,0,0,0,0,0,24,9,15
LA SALLE COUNTY,283,86 Years,31,16,15,11,6,5,0,0,0,0,0,0,0,0,0,20,10,10
LA SALLE COUNTY,283,87 Years,22,8,14,5,2,3,0,0,0,0,0,0,1,1,0,16,5,11
LA SALLE COUNTY,283,88 Years,19,9,10,5,3,2,0,0,0,0,0,0,1,1,0,13,5,8
LA SALLE COUNTY,283,89 Years,19,7,12,8,3,5,0,0,0,0,0,0,0,0,0,11,4,7
LA SALLE COUNTY,283,90 Years,16,6,10,5,3,2,0,0,0,0,0,0,1,0,1,10,3,7
LA SALLE COUNTY,283,91 Years,11,4,7,2,1,1,0,0,0,0,0,0,1,0,1,8,3,5
LA SALLE COUNTY,283,92 Years,11,3,8,3,0,3,0,0,0,0,0,0,0,0,0,8,3,5
LA SALLE COUNTY,283,93 Years,11,5,6,4,2,2,0,0,0,0,0,0,1,0,1,6,3,3
LA SALLE COUNTY,283,94 Years,8,3,5,1,0,1,0,0,0,0,0,0,1,0,1,6,3,3
LA SALLE COUNTY,283,95 Years +,18,7,11,4,2,2,0,0,0,0,0,0,0,0,0,14,5,9
LAVACA COUNTY,285,All Ages,20437,9955,10482,14512,7046,7466,1395,684,711,64,24,40,271,144,127,4195,2057,2138
LAVACA COUNTY,285,< 1 Year,251,129,122,152,81,71,20,9,11,0,0,0,8,3,5,71,36,35
LAVACA COUNTY,285,1 Years,258,135,123,150,78,72,19,8,11,3,2,1,9,5,4,77,42,35
LAVACA COUNTY,285,2 Years,259,129,130,145,70,75,18,7,11,1,1,0,11,7,4,84,44,40
LAVACA COUNTY,285,3 Years,266,129,137,146,71,75,18,7,11,2,1,1,12,6,6,88,44,44
LAVACA COUNTY,285,4 Years,277,131,146,157,77,80,18,8,10,1,0,1,10,4,6,91,42,49
LAVACA COUNTY,285,5 Years,269,125,144,154,75,79,19,10,9,0,0,0,5,1,4,91,39,52
LAVACA COUNTY,285,6 Years,278,126,152,161,69,92,20,11,9,0,0,0,4,3,1,93,43,50
LAVACA COUNTY,285,7 Years,268,123,145,154,64,90,19,11,8,2,1,1,5,3,2,88,44,44
LAVACA COUNTY,285,8 Years,277,134,143,159,71,88,22,12,10,1,1,0,5,4,1,90,46,44
LAVACA COUNTY,285,9 Years,300,138,162,165,76,89,28,11,17,1,1,0,5,4,1,101,46,55
LAVACA COUNTY,285,10 Years,248,111,137,143,61,82,14,5,9,1,0,1,5,2,3,85,43,42
LAVACA COUNTY,285,11 Years,280,139,141,165,82,83,22,12,10,1,0,1,4,2,2,88,43,45
LAVACA COUNTY,285,12 Years,317,151,166,179,91,88,28,13,15,0,0,0,2,1,1,108,46,62
LAVACA COUNTY,285,13 Years,291,137,154,170,81,89,21,13,8,1,0,1,3,2,1,96,41,55
LAVACA COUNTY,285,14 Years,279,135,144,159,71,88,21,11,10,1,0,1,6,5,1,92,48,44
LAVACA COUNTY,285,15 Years,278,151,127,168,83,85,20,11,9,1,1,0,6,4,2,83,52,31
LAVACA COUNTY,285,16 Years,259,122,137,153,69,84,17,11,6,0,0,0,7,3,4,82,39,43
LAVACA COUNTY,285,17 Years,240,122,118,145,77,68,16,8,8,2,1,1,4,2,2,73,34,39
LAVACA COUNTY,285,18 Years,238,116,122,144,71,73,22,11,11,1,1,0,1,0,1,70,33,37
LAVACA COUNTY,285,19 Years,211,113,98,121,68,53,26,14,12,2,0,2,3,1,2,59,30,29
LAVACA COUNTY,285,20 Years,201,103,98,129,73,56,17,7,10,1,0,1,5,2,3,49,21,28
LAVACA COUNTY,285,21 Years,199,98,101,129,67,62,9,7,2,1,1,0,4,3,1,56,20,36
LAVACA COUNTY,285,22 Years,219,111,108,136,72,64,13,7,6,1,0,1,7,3,4,62,29,33
LAVACA COUNTY,285,23 Years,231,103,128,147,66,81,17,8,9,1,1,0,3,2,1,63,26,37
LAVACA COUNTY,285,24 Years,240,112,128,158,72,86,19,13,6,1,0,1,3,1,2,59,26,33
LAVACA COUNTY,285,25 Years,249,132,117,165,88,77,21,12,9,1,0,1,6,5,1,56,27,29
LAVACA COUNTY,285,26 Years,276,139,137,185,92,93,26,17,9,1,0,1,6,5,1,58,25,33
LAVACA COUNTY,285,27 Years,281,146,135,203,98,105,23,13,10,0,0,0,3,2,1,52,33,19
LAVACA COUNTY,285,28 Years,241,126,115,166,86,80,17,9,8,0,0,0,3,1,2,55,30,25
LAVACA COUNTY,285,29 Years,232,122,110,163,80,83,13,7,6,0,0,0,4,3,1,52,32,20
LAVACA COUNTY,285,30 Years,227,97,130,153,63,90,14,7,7,0,0,0,3,2,1,57,25,32
LAVACA COUNTY,285,31 Years,212,91,121,140,63,77,18,9,9,0,0,0,2,0,2,52,19,33
LAVACA COUNTY,285,32 Years,225,107,118,166,80,86,14,6,8,1,0,1,3,1,2,41,20,21
LAVACA COUNTY,285,33 Years,225,107,118,159,75,84,15,5,10,0,0,0,2,2,0,49,25,24
LAVACA COUNTY,285,34 Years,226,100,126,160,70,90,8,4,4,0,0,0,2,2,0,56,24,32
LAVACA COUNTY,285,35 Years,223,103,120,155,71,84,9,5,4,1,0,1,2,1,1,56,26,30
LAVACA COUNTY,285,36 Years,253,129,124,182,98,84,14,8,6,0,0,0,2,1,1,55,22,33
LAVACA COUNTY,285,37 Years,248,141,107,165,98,67,16,10,6,0,0,0,1,0,1,66,33,33
LAVACA COUNTY,285,38 Years,212,105,107,146,68,78,14,8,6,0,0,0,1,0,1,51,29,22
LAVACA COUNTY,285,39 Years,220,115,105,143,79,64,12,7,5,0,0,0,0,0,0,65,29,36
LAVACA COUNTY,285,40 Years,230,121,109,147,78,69,14,9,5,1,0,1,1,1,0,67,33,34
LAVACA COUNTY,285,41 Years,226,117,109,151,83,68,12,5,7,1,1,0,2,1,1,60,27,33
LAVACA COUNTY,285,42 Years,187,96,91,125,66,59,10,4,6,0,0,0,2,2,0,50,24,26
LAVACA COUNTY,285,43 Years,208,106,102,126,64,62,19,13,6,3,1,2,2,0,2,58,28,30
LAVACA COUNTY,285,44 Years,220,123,97,146,83,63,11,7,4,4,0,4,1,0,1,58,33,25
LAVACA COUNTY,285,45 Years,209,108,101,145,68,77,9,7,2,3,0,3,2,2,0,50,31,19
LAVACA COUNTY,285,46 Years,199,97,102,138,62,76,13,8,5,1,0,1,2,2,0,45,25,20
LAVACA COUNTY,285,47 Years,214,114,100,152,81,71,14,7,7,0,0,0,0,0,0,48,26,22
LAVACA COUNTY,285,48 Years,214,107,107,146,72,74,16,8,8,2,1,1,0,0,0,50,26,24
LAVACA COUNTY,285,49 Years,215,110,105,151,71,80,16,10,6,1,0,1,1,1,0,46,28,18
LAVACA COUNTY,285,50 Years,214,106,108,167,83,84,15,7,8,1,1,0,1,0,1,30,15,15
LAVACA COUNTY,285,51 Years,208,102,106,161,80,81,14,7,7,1,0,1,3,2,1,29,13,16
LAVACA COUNTY,285,52 Years,237,126,111,181,95,86,15,7,8,0,0,0,2,1,1,39,23,16
LAVACA COUNTY,285,53 Years,225,119,106,175,94,81,16,8,8,2,1,1,3,0,3,29,16,13
LAVACA COUNTY,285,54 Years,264,146,118,213,122,91,15,7,8,1,0,1,3,1,2,32,16,16
LAVACA COUNTY,285,55 Years,250,135,115,200,106,94,11,5,6,1,1,0,4,2,2,34,21,13
LAVACA COUNTY,285,56 Years,263,128,135,210,99,111,14,8,6,1,1,0,1,0,1,37,20,17
LAVACA COUNTY,285,57 Years,271,127,144,224,103,121,17,8,9,0,0,0,4,3,1,26,13,13
LAVACA COUNTY,285,58 Years,263,135,128,222,114,108,17,7,10,0,0,0,2,2,0,22,12,10
LAVACA COUNTY,285,59 Years,255,126,129,215,108,107,17,7,10,0,0,0,1,1,0,22,10,12
LAVACA COUNTY,285,60 Years,257,137,120,217,118,99,12,8,4,1,1,0,3,1,2,24,9,15
LAVACA COUNTY,285,61 Years,275,124,151,223,105,118,15,5,10,1,1,0,2,0,2,34,13,21
LAVACA COUNTY,285,62 Years,272,117,155,222,99,123,14,2,12,0,0,0,5,2,3,31,14,17
LAVACA COUNTY,285,63 Years,268,134,134,217,112,105,16,6,10,0,0,0,4,2,2,31,14,17
LAVACA COUNTY,285,64 Years,272,138,134,229,120,109,12,4,8,0,0,0,2,0,2,29,14,15
LAVACA COUNTY,285,65 Years,284,131,153,240,108,132,16,10,6,1,1,0,0,0,0,27,12,15
LAVACA COUNTY,285,66 Years,269,131,138,230,114,116,19,8,11,1,1,0,0,0,0,19,8,11
LAVACA COUNTY,285,67 Years,269,134,135,226,113,113,14,7,7,1,0,1,2,2,0,26,12,14
LAVACA COUNTY,285,68 Years,260,128,132,214,109,105,16,6,10,0,0,0,3,0,3,27,13,14
LAVACA COUNTY,285,69 Years,258,133,125,217,109,108,14,8,6,0,0,0,1,0,1,26,16,10
LAVACA COUNTY,285,70 Years,256,133,123,216,108,108,17,9,8,0,0,0,3,2,1,20,14,6
LAVACA COUNTY,285,71 Years,263,130,133,220,108,112,16,7,9,1,0,1,6,3,3,20,12,8
LAVACA COUNTY,285,72 Years,253,123,130,208,97,111,18,9,9,0,0,0,4,3,1,23,14,9
LAVACA COUNTY,285,73 Years,205,93,112,168,77,91,19,8,11,0,0,0,2,1,1,16,7,9
LAVACA COUNTY,285,74 Years,168,83,85,142,71,71,12,5,7,0,0,0,1,0,1,13,7,6
LAVACA COUNTY,285,75 Years,171,78,93,145,66,79,10,3,7,0,0,0,2,2,0,14,7,7
LAVACA COUNTY,285,76 Years,186,83,103,154,67,87,13,6,7,0,0,0,3,2,1,16,8,8
LAVACA COUNTY,285,77 Years,167,80,87,142,66,76,12,6,6,0,0,0,0,0,0,13,8,5
LAVACA COUNTY,285,78 Years,149,66,83,119,55,64,14,4,10,1,0,1,1,0,1,14,7,7
LAVACA COUNTY,285,79 Years,120,56,64,96,48,48,13,3,10,1,0,1,1,1,0,9,4,5
LAVACA COUNTY,285,80 Years,126,60,66,106,54,52,7,2,5,1,0,1,4,1,3,8,3,5
LAVACA COUNTY,285,81 Years,121,51,70,105,47,58,10,2,8,0,0,0,2,1,1,4,1,3
LAVACA COUNTY,285,82 Years,122,47,75,105,41,64,6,2,4,1,0,1,1,0,1,9,4,5
LAVACA COUNTY,285,83 Years,116,51,65,101,43,58,7,5,2,0,0,0,1,0,1,7,3,4
LAVACA COUNTY,285,84 Years,99,42,57,80,32,48,9,4,5,0,0,0,1,1,0,9,5,4
LAVACA COUNTY,285,85 Years,92,40,52,73,31,42,10,5,5,0,0,0,1,1,0,8,3,5
LAVACA COUNTY,285,86 Years,88,35,53,73,29,44,7,3,4,0,0,0,0,0,0,8,3,5
LAVACA COUNTY,285,87 Years,75,25,50,62,19,43,4,2,2,0,0,0,0,0,0,9,4,5
LAVACA COUNTY,285,88 Years,72,27,45,60,22,38,4,1,3,0,0,0,0,0,0,8,4,4
LAVACA COUNTY,285,89 Years,66,23,43,53,18,35,6,2,4,0,0,0,0,0,0,7,3,4
LAVACA COUNTY,285,90 Years,51,18,33,39,13,26,5,3,2,0,0,0,1,0,1,6,2,4
LAVACA COUNTY,285,91 Years,44,16,28,35,12,23,4,2,2,0,0,0,0,0,0,5,2,3
LAVACA COUNTY,285,92 Years,40,15,25,31,11,20,4,1,3,1,1,0,0,0,0,4,2,2
LAVACA COUNTY,285,93 Years,40,12,28,29,8,21,5,2,3,0,0,0,1,0,1,5,2,3
LAVACA COUNTY,285,94 Years,32,10,22,24,7,17,4,1,3,0,0,0,0,0,0,4,2,2
LAVACA COUNTY,285,95 Years +,75,19,56,56,12,44,9,2,7,0,0,0,0,0,0,10,5,5
LEE COUNTY,287,All Ages,17411,8798,8613,10732,5307,5425,1835,979,856,56,28,28,354,166,188,4434,2318,2116
LEE COUNTY,287,< 1 Year,234,119,115,127,65,62,14,10,4,0,0,0,14,5,9,79,39,40
LEE COUNTY,287,1 Years,219,113,106,115,63,52,15,9,6,1,0,1,12,4,8,76,37,39
LEE COUNTY,287,2 Years,223,115,108,116,59,57,17,11,6,1,0,1,12,5,7,77,40,37
LEE COUNTY,287,3 Years,221,109,112,113,55,58,19,11,8,0,0,0,9,3,6,80,40,40
LEE COUNTY,287,4 Years,229,107,122,114,51,63,20,11,9,0,0,0,11,5,6,84,40,44
LEE COUNTY,287,5 Years,223,107,116,109,51,58,20,11,9,1,0,1,8,3,5,85,42,43
LEE COUNTY,287,6 Years,218,112,106,105,55,50,20,11,9,2,1,1,10,5,5,81,40,41
LEE COUNTY,287,7 Years,204,103,101,103,52,51,17,8,9,1,1,0,7,3,4,76,39,37
LEE COUNTY,287,8 Years,212,102,110,109,53,56,19,9,10,1,1,0,6,3,3,77,36,41
LEE COUNTY,287,9 Years,224,120,104,111,59,52,19,9,10,0,0,0,5,4,1,89,48,41
LEE COUNTY,287,10 Years,211,103,108,101,45,56,18,9,9,0,0,0,5,5,0,87,44,43
LEE COUNTY,287,11 Years,214,103,111,102,47,55,19,10,9,0,0,0,7,4,3,86,42,44
LEE COUNTY,287,12 Years,224,109,115,110,46,64,14,8,6,0,0,0,8,6,2,92,49,43
LEE COUNTY,287,13 Years,223,105,118,106,44,62,10,4,6,1,1,0,11,4,7,95,52,43
LEE COUNTY,287,14 Years,216,105,111,112,56,56,17,7,10,1,1,0,10,4,6,76,37,39
LEE COUNTY,287,15 Years,279,155,124,147,84,63,26,17,9,1,0,1,11,6,5,94,48,46
LEE COUNTY,287,16 Years,293,155,138,150,79,71,36,20,16,0,0,0,12,8,4,95,48,47
LEE COUNTY,287,17 Years,287,167,120,149,87,62,33,21,12,1,1,0,11,7,4,93,51,42
LEE COUNTY,287,18 Years,306,197,109,163,105,58,31,24,7,2,0,2,8,5,3,102,63,39
LEE COUNTY,287,19 Years,252,155,97,124,80,44,25,17,8,1,0,1,8,4,4,94,54,40
LEE COUNTY,287,20 Years,226,124,102,119,64,55,26,18,8,3,2,1,8,4,4,70,36,34
LEE COUNTY,287,21 Years,213,114,99,108,60,48,18,9,9,1,1,0,7,5,2,79,39,40
LEE COUNTY,287,22 Years,222,116,106,112,61,51,20,11,9,0,0,0,8,4,4,82,40,42
LEE COUNTY,287,23 Years,243,133,110,129,69,60,23,15,8,0,0,0,5,3,2,86,46,40
LEE COUNTY,287,24 Years,242,111,131,126,55,71,30,16,14,0,0,0,7,1,6,79,39,40
LEE COUNTY,287,25 Years,234,122,112,114,52,62,34,23,11,2,1,1,2,0,2,82,46,36
LEE COUNTY,287,26 Years,246,129,117,103,47,56,51,31,20,0,0,0,2,0,2,90,51,39
LEE COUNTY,287,27 Years,240,131,109,118,63,55,44,27,17,2,1,1,2,1,1,74,39,35
LEE COUNTY,287,28 Years,172,86,86,87,44,43,21,16,5,0,0,0,1,0,1,63,26,37
LEE COUNTY,287,29 Years,171,96,75,79,49,30,32,20,12,2,1,1,1,0,1,57,26,31
LEE COUNTY,287,30 Years,185,102,83,84,46,38,31,20,11,1,1,0,1,1,0,68,34,34
LEE COUNTY,287,31 Years,182,88,94,100,47,53,19,9,10,3,1,2,1,1,0,59,30,29
LEE COUNTY,287,32 Years,175,91,84,101,47,54,16,9,7,1,0,1,1,0,1,56,35,21
LEE COUNTY,287,33 Years,163,80,83,87,40,47,20,10,10,1,1,0,0,0,0,55,29,26
LEE COUNTY,287,34 Years,181,91,90,117,56,61,17,8,9,0,0,0,2,1,1,45,26,19
LEE COUNTY,287,35 Years,152,80,72,90,46,44,12,5,7,0,0,0,2,0,2,48,29,19
LEE COUNTY,287,36 Years,170,78,92,93,39,54,18,11,7,0,0,0,5,3,2,54,25,29
LEE COUNTY,287,37 Years,179,88,91,111,52,59,19,9,10,0,0,0,1,1,0,48,26,22
LEE COUNTY,287,38 Years,186,93,93,114,54,60,17,10,7,0,0,0,2,1,1,53,28,25
LEE COUNTY,287,39 Years,184,110,74,115,68,47,14,9,5,1,1,0,2,1,1,52,31,21
LEE COUNTY,287,40 Years,191,105,86,121,64,57,10,7,3,0,0,0,3,1,2,57,33,24
LEE COUNTY,287,41 Years,189,94,95,122,58,64,11,7,4,2,1,1,3,1,2,51,27,24
LEE COUNTY,287,42 Years,182,85,97,122,56,66,11,5,6,0,0,0,1,0,1,48,24,24
LEE COUNTY,287,43 Years,173,82,91,114,50,64,14,5,9,0,0,0,1,0,1,44,27,17
LEE COUNTY,287,44 Years,166,85,81,98,51,47,19,9,10,1,1,0,5,2,3,43,22,21
LEE COUNTY,287,45 Years,177,98,79,117,64,53,16,12,4,1,0,1,2,1,1,41,21,20
LEE COUNTY,287,46 Years,184,102,82,124,66,58,16,10,6,0,0,0,1,0,1,43,26,17
LEE COUNTY,287,47 Years,185,93,92,112,58,54,20,10,10,0,0,0,0,0,0,53,25,28
LEE COUNTY,287,48 Years,183,94,89,117,61,56,25,13,12,1,0,1,1,0,1,39,20,19
LEE COUNTY,287,49 Years,200,89,111,124,58,66,27,11,16,1,0,1,3,2,1,45,18,27
LEE COUNTY,287,50 Years,207,97,110,121,56,65,21,10,11,1,0,1,5,2,3,59,29,30
LEE COUNTY,287,51 Years,186,89,97,118,56,62,20,9,11,1,0,1,3,1,2,44,23,21
LEE COUNTY,287,52 Years,197,99,98,132,64,68,19,11,8,1,0,1,1,1,0,44,23,21
LEE COUNTY,287,53 Years,215,107,108,140,74,66,17,9,8,0,0,0,2,0,2,56,24,32
LEE COUNTY,287,54 Years,223,103,120,143,66,77,27,11,16,0,0,0,3,0,3,50,26,24
LEE COUNTY,287,55 Years,217,104,113,152,71,81,26,14,12,0,0,0,4,1,3,35,18,17
LEE COUNTY,287,56 Years,233,108,125,170,77,93,25,11,14,1,1,0,5,3,2,32,16,16
LEE COUNTY,287,57 Years,262,125,137,190,87,103,28,14,14,2,2,0,3,2,1,39,20,19
LEE COUNTY,287,58 Years,269,140,129,180,91,89,36,19,17,1,1,0,1,0,1,51,29,22
LEE COUNTY,287,59 Years,260,127,133,177,86,91,30,14,16,2,0,2,2,1,1,49,26,23
LEE COUNTY,287,60 Years,252,123,129,183,87,96,25,11,14,2,1,1,3,2,1,39,22,17
LEE COUNTY,287,61 Years,255,127,128,183,87,96,23,11,12,1,1,0,3,1,2,45,27,18
LEE COUNTY,287,62 Years,248,128,120,178,87,91,33,19,14,1,0,1,2,1,1,34,21,13
LEE COUNTY,287,63 Years,248,120,128,183,87,96,27,15,12,0,0,0,4,2,2,34,16,18
LEE COUNTY,287,64 Years,258,132,126,204,105,99,23,10,13,0,0,0,2,1,1,29,16,13
LEE COUNTY,287,65 Years,225,118,107,172,90,82,22,11,11,0,0,0,5,1,4,26,16,10
LEE COUNTY,287,66 Years,201,105,96,147,73,74,24,13,11,1,0,1,4,1,3,25,18,7
LEE COUNTY,287,67 Years,189,104,85,144,82,62,26,12,14,0,0,0,2,1,1,17,9,8
LEE COUNTY,287,68 Years,184,94,90,145,73,72,18,9,9,1,1,0,1,0,1,19,11,8
LEE COUNTY,287,69 Years,181,89,92,138,66,72,21,11,10,1,1,0,1,1,0,20,10,10
LEE COUNTY,287,70 Years,176,89,87,140,69,71,18,10,8,0,0,0,3,1,2,15,9,6
LEE COUNTY,287,71 Years,183,88,95,148,71,77,18,6,12,0,0,0,4,3,1,13,8,5
LEE COUNTY,287,72 Years,176,85,91,145,68,77,16,10,6,0,0,0,2,1,1,13,6,7
LEE COUNTY,287,73 Years,141,76,65,112,60,52,15,7,8,0,0,0,1,1,0,13,8,5
LEE COUNTY,287,74 Years,135,70,65,104,53,51,15,8,7,1,1,0,3,2,1,12,6,6
LEE COUNTY,287,75 Years,137,69,68,105,51,54,16,9,7,0,0,0,2,1,1,14,8,6
LEE COUNTY,287,76 Years,139,61,78,108,50,58,16,4,12,1,0,1,2,1,1,12,6,6
LEE COUNTY,287,77 Years,138,64,74,108,47,61,13,6,7,1,1,0,1,1,0,15,9,6
LEE COUNTY,287,78 Years,131,65,66,104,52,52,16,8,8,0,0,0,2,0,2,9,5,4
LEE COUNTY,287,79 Years,116,55,61,96,47,49,11,4,7,0,0,0,2,0,2,7,4,3
LEE COUNTY,287,80 Years,102,41,61,78,33,45,15,5,10,0,0,0,0,0,0,9,3,6
LEE COUNTY,287,81 Years,103,41,62,75,29,46,17,6,11,0,0,0,3,1,2,8,5,3
LEE COUNTY,287,82 Years,92,43,49,71,32,39,10,5,5,0,0,0,2,1,1,9,5,4
LEE COUNTY,287,83 Years,95,40,55,71,31,40,11,5,6,0,0,0,1,0,1,12,4,8
LEE COUNTY,287,84 Years,85,40,45,64,30,34,12,5,7,0,0,0,1,1,0,8,4,4
LEE COUNTY,287,85 Years,62,29,33,49,22,27,8,4,4,0,0,0,1,1,0,4,2,2
LEE COUNTY,287,86 Years,54,25,29,42,21,21,7,2,5,0,0,0,0,0,0,5,2,3
LEE COUNTY,287,87 Years,57,24,33,43,19,24,8,3,5,0,0,0,1,0,1,5,2,3
LEE COUNTY,287,88 Years,47,24,23,36,17,19,7,4,3,0,0,0,1,1,0,3,2,1
LEE COUNTY,287,89 Years,49,19,30,39,13,26,7,4,3,0,0,0,1,1,0,2,1,1
LEE COUNTY,287,90 Years,41,14,27,32,12,20,6,2,4,0,0,0,0,0,0,3,0,3
LEE COUNTY,287,91 Years,28,11,17,19,8,11,4,1,3,0,0,0,0,0,0,5,2,3
LEE COUNTY,287,92 Years,23,8,15,19,7,12,2,0,2,0,0,0,0,0,0,2,1,1
LEE COUNTY,287,93 Years,21,7,14,16,6,10,4,1,3,0,0,0,0,0,0,1,0,1
LEE COUNTY,287,94 Years,17,7,10,14,5,9,2,1,1,0,0,0,0,0,0,1,1,0
LEE COUNTY,287,95 Years +,45,13,32,30,8,22,10,3,7,0,0,0,0,0,0,5,2,3
LEON COUNTY,289,All Ages,17588,8801,8787,13337,6613,6724,1160,568,592,102,37,65,269,126,143,2720,1457,1263
LEON COUNTY,289,< 1 Year,211,111,100,147,73,74,9,4,5,2,1,1,8,5,3,45,28,17
LEON COUNTY,289,1 Years,218,118,100,155,81,74,7,3,4,3,1,2,7,5,2,46,28,18
LEON COUNTY,289,2 Years,225,119,106,158,82,76,6,3,3,2,1,1,7,3,4,52,30,22
LEON COUNTY,289,3 Years,236,130,106,169,93,76,5,3,2,3,1,2,4,2,2,55,31,24
LEON COUNTY,289,4 Years,231,127,104,163,90,73,7,3,4,2,1,1,4,2,2,55,31,24
LEON COUNTY,289,5 Years,232,119,113,161,85,76,8,3,5,2,1,1,6,3,3,55,27,28
LEON COUNTY,289,6 Years,242,125,117,170,91,79,8,3,5,4,2,2,8,4,4,52,25,27
LEON COUNTY,289,7 Years,238,125,113,171,89,82,9,6,3,3,2,1,8,5,3,47,23,24
LEON COUNTY,289,8 Years,245,127,118,177,97,80,7,4,3,6,2,4,8,4,4,47,20,27
LEON COUNTY,289,9 Years,236,115,121,171,87,84,8,1,7,0,0,0,6,1,5,51,26,25
LEON COUNTY,289,10 Years,202,112,90,131,75,56,11,6,5,1,0,1,6,3,3,53,28,25
LEON COUNTY,289,11 Years,199,109,90,124,72,52,10,5,5,1,0,1,4,2,2,60,30,30
LEON COUNTY,289,12 Years,204,114,90,136,74,62,7,3,4,1,0,1,2,2,0,58,35,23
LEON COUNTY,289,13 Years,216,110,106,144,71,73,13,8,5,1,0,1,2,2,0,56,29,27
LEON COUNTY,289,14 Years,197,100,97,132,66,66,13,7,6,1,0,1,1,1,0,50,26,24
LEON COUNTY,289,15 Years,190,103,87,122,69,53,9,4,5,2,0,2,4,2,2,53,28,25
LEON COUNTY,289,16 Years,184,78,106,116,48,68,12,8,4,0,0,0,2,1,1,54,21,33
LEON COUNTY,289,17 Years,203,95,108,136,62,74,10,6,4,1,0,1,3,2,1,53,25,28
LEON COUNTY,289,18 Years,184,92,92,109,57,52,20,8,12,1,0,1,3,2,1,51,25,26
LEON COUNTY,289,19 Years,162,83,79,105,55,50,16,9,7,1,0,1,1,0,1,39,19,20
LEON COUNTY,289,20 Years,169,90,79,112,61,51,9,5,4,1,0,1,6,3,3,41,21,20
LEON COUNTY,289,21 Years,175,99,76,113,71,42,15,7,8,1,0,1,4,1,3,42,20,22
LEON COUNTY,289,22 Years,169,93,76,116,65,51,12,7,5,1,0,1,5,2,3,35,19,16
LEON COUNTY,289,23 Years,166,77,89,115,54,61,11,4,7,1,0,1,3,1,2,36,18,18
LEON COUNTY,289,24 Years,199,109,90,132,72,60,14,5,9,1,1,0,5,1,4,47,30,17
LEON COUNTY,289,25 Years,207,113,94,137,74,63,15,7,8,4,0,4,4,2,2,47,30,17
LEON COUNTY,289,26 Years,223,107,116,146,67,79,18,10,8,2,1,1,5,4,1,52,25,27
LEON COUNTY,289,27 Years,225,122,103,156,83,73,13,7,6,0,0,0,4,3,1,52,29,23
LEON COUNTY,289,28 Years,222,114,108,170,83,87,10,5,5,0,0,0,1,1,0,41,25,16
LEON COUNTY,289,29 Years,187,91,96,130,57,73,16,9,7,1,1,0,2,1,1,38,23,15
LEON COUNTY,289,30 Years,188,88,100,138,59,79,10,4,6,0,0,0,3,2,1,37,23,14
LEON COUNTY,289,31 Years,184,93,91,138,70,68,11,4,7,1,0,1,2,1,1,32,18,14
LEON COUNTY,289,32 Years,197,91,106,148,69,79,6,3,3,3,0,3,1,1,0,39,18,21
LEON COUNTY,289,33 Years,217,101,116,166,78,88,13,5,8,1,0,1,1,1,0,36,17,19
LEON COUNTY,289,34 Years,205,95,110,156,66,90,9,6,3,0,0,0,0,0,0,40,23,17
LEON COUNTY,289,35 Years,205,99,106,152,65,87,11,9,2,0,0,0,0,0,0,42,25,17
LEON COUNTY,289,36 Years,181,87,94,130,62,68,12,7,5,1,0,1,1,0,1,37,18,19
LEON COUNTY,289,37 Years,174,89,85,130,66,64,10,6,4,0,0,0,1,0,1,33,17,16
LEON COUNTY,289,38 Years,175,110,65,130,76,54,9,8,1,0,0,0,2,1,1,34,25,9
LEON COUNTY,289,39 Years,206,100,106,144,66,78,9,5,4,0,0,0,4,0,4,49,29,20
LEON COUNTY,289,40 Years,173,77,96,123,53,70,8,4,4,1,0,1,4,0,4,37,20,17
LEON COUNTY,289,41 Years,180,89,91,127,67,60,10,4,6,1,0,1,3,1,2,39,17,22
LEON COUNTY,289,42 Years,185,98,87,142,76,66,13,4,9,0,0,0,1,1,0,29,17,12
LEON COUNTY,289,43 Years,147,72,75,109,57,52,12,3,9,0,0,0,1,1,0,25,11,14
LEON COUNTY,289,44 Years,165,83,82,120,61,59,8,3,5,0,0,0,2,0,2,35,19,16
LEON COUNTY,289,45 Years,162,77,85,118,54,64,15,7,8,1,0,1,0,0,0,28,16,12
LEON COUNTY,289,46 Years,147,73,74,107,51,56,11,7,4,2,1,1,2,1,1,25,13,12
LEON COUNTY,289,47 Years,189,101,88,134,72,62,10,4,6,1,1,0,3,1,2,41,23,18
LEON COUNTY,289,48 Years,186,101,85,142,78,64,10,6,4,3,2,1,2,1,1,29,14,15
LEON COUNTY,289,49 Years,163,73,90,125,52,73,11,7,4,1,0,1,2,2,0,24,12,12
LEON COUNTY,289,50 Years,144,68,76,111,50,61,14,6,8,1,0,1,2,2,0,16,10,6
LEON COUNTY,289,51 Years,160,72,88,122,49,73,16,8,8,1,1,0,1,1,0,20,13,7
LEON COUNTY,289,52 Years,190,88,102,142,63,79,12,7,5,3,2,1,2,1,1,31,15,16
LEON COUNTY,289,53 Years,187,93,94,139,70,69,13,10,3,2,1,1,3,1,2,30,11,19
LEON COUNTY,289,54 Years,244,118,126,179,84,95,18,12,6,3,1,2,3,1,2,41,20,21
LEON COUNTY,289,55 Years,233,112,121,171,81,90,18,9,9,3,3,0,3,1,2,38,18,20
LEON COUNTY,289,56 Years,228,103,125,182,84,98,17,6,11,1,1,0,4,2,2,24,10,14
LEON COUNTY,289,57 Years,235,120,115,187,94,93,19,9,10,1,1,0,2,1,1,26,15,11
LEON COUNTY,289,58 Years,254,133,121,202,105,97,17,11,6,2,0,2,4,2,2,29,15,14
LEON COUNTY,289,59 Years,275,134,141,227,106,121,18,9,9,1,0,1,4,1,3,25,18,7
LEON COUNTY,289,60 Years,249,126,123,212,107,105,17,8,9,1,0,1,1,1,0,18,10,8
LEON COUNTY,289,61 Years,297,152,145,246,125,121,24,14,10,0,0,0,4,2,2,23,11,12
LEON COUNTY,289,62 Years,276,127,149,230,102,128,22,11,11,1,1,0,5,1,4,18,12,6
LEON COUNTY,289,63 Years,244,112,132,202,95,107,18,6,12,3,2,1,1,0,1,20,9,11
LEON COUNTY,289,64 Years,254,145,109,210,120,90,21,11,10,3,1,2,0,0,0,20,13,7
LEON COUNTY,289,65 Years,280,153,127,238,128,110,21,12,9,1,1,0,5,2,3,15,10,5
LEON COUNTY,289,66 Years,259,133,126,226,113,113,15,9,6,1,1,0,3,2,1,14,8,6
LEON COUNTY,289,67 Years,256,121,135,217,103,114,21,8,13,1,0,1,4,2,2,13,8,5
LEON COUNTY,289,68 Years,227,109,118,188,93,95,23,9,14,1,0,1,3,2,1,12,5,7
LEON COUNTY,289,69 Years,240,115,125,204,98,106,20,11,9,1,0,1,7,3,4,8,3,5
LEON COUNTY,289,70 Years,239,106,133,208,95,113,13,5,8,1,0,1,6,0,6,11,6,5
LEON COUNTY,289,71 Years,241,111,130,211,98,113,11,5,6,1,0,1,3,0,3,15,8,7
LEON COUNTY,289,72 Years,235,109,126,207,93,114,14,6,8,1,1,0,3,3,0,10,6,4
LEON COUNTY,289,73 Years,195,93,102,171,81,90,12,4,8,1,1,0,2,1,1,9,6,3
LEON COUNTY,289,74 Years,197,91,106,176,84,92,14,4,10,0,0,0,2,0,2,5,3,2
LEON COUNTY,289,75 Years,212,107,105,187,97,90,14,6,8,1,0,1,1,1,0,9,3,6
LEON COUNTY,289,76 Years,203,104,99,181,89,92,14,10,4,0,0,0,2,1,1,6,4,2
LEON COUNTY,289,77 Years,173,81,92,152,71,81,12,5,7,0,0,0,2,1,1,7,4,3
LEON COUNTY,289,78 Years,158,74,84,136,63,73,16,7,9,0,0,0,1,1,0,5,3,2
LEON COUNTY,289,79 Years,147,74,73,129,64,65,14,7,7,0,0,0,0,0,0,4,3,1
LEON COUNTY,289,80 Years,141,72,69,122,63,59,12,4,8,0,0,0,0,0,0,7,5,2
LEON COUNTY,289,81 Years,119,59,60,102,49,53,11,7,4,0,0,0,1,0,1,5,3,2
LEON COUNTY,289,82 Years,112,53,59,95,44,51,13,7,6,0,0,0,1,0,1,3,2,1
LEON COUNTY,289,83 Years,94,46,48,78,41,37,10,3,7,1,0,1,3,1,2,2,1,1
LEON COUNTY,289,84 Years,88,43,45,75,36,39,9,4,5,0,0,0,2,1,1,2,2,0
LEON COUNTY,289,85 Years,76,37,39,63,32,31,7,2,5,0,0,0,1,0,1,5,3,2
LEON COUNTY,289,86 Years,69,32,37,58,29,29,6,1,5,0,0,0,1,0,1,4,2,2
LEON COUNTY,289,87 Years,58,29,29,48,25,23,7,3,4,0,0,0,0,0,0,3,1,2
LEON COUNTY,289,88 Years,49,23,26,40,18,22,8,4,4,0,0,0,0,0,0,1,1,0
LEON COUNTY,289,89 Years,48,24,24,36,17,19,8,4,4,0,0,0,2,1,1,2,2,0
LEON COUNTY,289,90 Years,41,20,21,30,14,16,7,3,4,0,0,0,2,1,1,2,2,0
LEON COUNTY,289,91 Years,31,13,18,23,9,14,6,3,3,0,0,0,1,1,0,1,0,1
LEON COUNTY,289,92 Years,30,14,16,21,10,11,5,2,3,0,0,0,1,0,1,3,2,1
LEON COUNTY,289,93 Years,21,9,12,16,7,9,3,1,2,0,0,0,1,0,1,1,1,0
LEON COUNTY,289,94 Years,19,7,12,12,5,7,4,2,2,0,0,0,1,0,1,2,0,2
LEON COUNTY,289,95 Years +,34,12,22,22,7,15,10,4,6,0,0,0,1,1,0,1,0,1
LIBERTY COUNTY,291,All Ages,91098,44982,46116,58205,28414,29791,8533,4001,4532,446,221,225,1738,824,914,22176,11522,10654
LIBERTY COUNTY,291,< 1 Year,1338,712,626,633,326,307,81,50,31,5,2,3,33,17,16,586,317,269
LIBERTY COUNTY,291,1 Years,1304,677,627,618,316,302,83,45,38,4,3,1,34,18,16,565,295,270
LIBERTY COUNTY,291,2 Years,1295,678,617,636,329,307,87,50,37,5,4,1,36,17,19,531,278,253
LIBERTY COUNTY,291,3 Years,1262,642,620,645,329,316,90,45,45,8,5,3,38,17,21,481,246,235
LIBERTY COUNTY,291,4 Years,1274,654,620,665,336,329,93,49,44,6,3,3,40,19,21,470,247,223
LIBERTY COUNTY,291,5 Years,1290,652,638,692,345,347,92,47,45,7,3,4,38,20,18,461,237,224
LIBERTY COUNTY,291,6 Years,1270,646,624,678,342,336,86,45,41,6,4,2,39,23,16,461,232,229
LIBERTY COUNTY,291,7 Years,1255,634,621,657,335,322,88,45,43,7,4,3,43,24,19,460,226,234
LIBERTY COUNTY,291,8 Years,1271,644,627,659,337,322,95,49,46,7,4,3,40,23,17,470,231,239
LIBERTY COUNTY,291,9 Years,1245,592,653,657,321,336,97,50,47,9,2,7,36,15,21,446,204,242
LIBERTY COUNTY,291,10 Years,1304,651,653,701,356,345,100,50,50,4,0,4,41,22,19,458,223,235
LIBERTY COUNTY,291,11 Years,1283,643,640,690,352,338,95,36,59,5,3,2,39,19,20,454,233,221
LIBERTY COUNTY,291,12 Years,1265,625,640,639,320,319,106,40,66,5,2,3,45,15,30,470,248,222
LIBERTY COUNTY,291,13 Years,1200,588,612,639,314,325,100,49,51,7,2,5,38,14,24,416,209,207
LIBERTY COUNTY,291,14 Years,1162,612,550,595,310,285,103,58,45,7,2,5,29,12,17,428,230,198
LIBERTY COUNTY,291,15 Years,1168,608,560,637,330,307,92,47,45,5,3,2,26,10,16,408,218,190
LIBERTY COUNTY,291,16 Years,1146,561,585,615,297,318,100,50,50,4,2,2,24,10,14,403,202,201
LIBERTY COUNTY,291,17 Years,1063,536,527,587,286,301,89,42,47,4,2,2,25,9,16,358,197,161
LIBERTY COUNTY,291,18 Years,1120,580,540,613,324,289,99,46,53,5,3,2,36,20,16,367,187,180
LIBERTY COUNTY,291,19 Years,1021,520,501,564,300,264,84,39,45,7,1,6,27,15,12,339,165,174
LIBERTY COUNTY,291,20 Years,1085,570,515,572,303,269,111,49,62,5,2,3,38,20,18,359,196,163
LIBERTY COUNTY,291,21 Years,1075,572,503,565,306,259,121,56,65,1,0,1,43,23,20,345,187,158
LIBERTY COUNTY,291,22 Years,1107,526,581,582,271,311,132,60,72,1,0,1,50,29,21,342,166,176
LIBERTY COUNTY,291,23 Years,1133,562,571,636,314,322,128,65,63,3,0,3,44,18,26,322,165,157
LIBERTY COUNTY,291,24 Years,1257,618,639,721,360,361,177,85,92,2,1,1,26,9,17,331,163,168
LIBERTY COUNTY,291,25 Years,1308,662,646,766,408,358,163,71,92,2,1,1,38,14,24,339,168,171
LIBERTY COUNTY,291,26 Years,1384,703,681,831,426,405,184,88,96,3,2,1,27,14,13,339,173,166
LIBERTY COUNTY,291,27 Years,1420,695,725,840,417,423,208,94,114,4,0,4,32,18,14,336,166,170
LIBERTY COUNTY,291,28 Years,1459,736,723,870,432,438,201,98,103,5,2,3,23,13,10,360,191,169
LIBERTY COUNTY,291,29 Years,1440,701,739,897,412,485,172,80,92,4,2,2,17,10,7,350,197,153
LIBERTY COUNTY,291,30 Years,1315,676,639,789,389,400,170,89,81,5,3,2,17,8,9,334,187,147
LIBERTY COUNTY,291,31 Years,1307,633,674,785,374,411,150,59,91,16,14,2,19,12,7,337,174,163
LIBERTY COUNTY,291,32 Years,1236,607,629,731,344,387,135,67,68,8,8,0,10,5,5,352,183,169
LIBERTY COUNTY,291,33 Years,1283,613,670,746,354,392,144,67,77,5,3,2,13,5,8,375,184,191
LIBERTY COUNTY,291,34 Years,1235,599,636,754,357,397,123,61,62,11,7,4,16,2,14,331,172,159
LIBERTY COUNTY,291,35 Years,1112,537,575,678,323,355,116,60,56,7,4,3,10,5,5,301,145,156
LIBERTY COUNTY,291,36 Years,1115,516,599,681,318,363,124,53,71,6,3,3,13,5,8,291,137,154
LIBERTY COUNTY,291,37 Years,1118,486,632,696,304,392,106,40,66,8,5,3,8,4,4,300,133,167
LIBERTY COUNTY,291,38 Years,1131,527,604,720,325,395,107,48,59,5,4,1,10,5,5,289,145,144
LIBERTY COUNTY,291,39 Years,1199,591,608,734,361,373,130,56,74,19,15,4,14,4,10,302,155,147
LIBERTY COUNTY,291,40 Years,1117,522,595,678,322,356,116,42,74,12,7,5,15,7,8,296,144,152
LIBERTY COUNTY,291,41 Years,1112,492,620,683,303,380,122,51,71,5,2,3,13,4,9,289,132,157
LIBERTY COUNTY,291,42 Years,1104,524,580,678,324,354,123,56,67,10,5,5,8,2,6,285,137,148
LIBERTY COUNTY,291,43 Years,1150,566,584,746,363,383,118,47,71,7,3,4,8,4,4,271,149,122
LIBERTY COUNTY,291,44 Years,1125,546,579,695,334,361,125,58,67,5,2,3,17,6,11,283,146,137
LIBERTY COUNTY,291,45 Years,1064,531,533,652,325,327,115,48,67,9,3,6,13,8,5,275,147,128
LIBERTY COUNTY,291,46 Years,1106,538,568,706,334,372,110,44,66,8,3,5,8,4,4,274,153,121
LIBERTY COUNTY,291,47 Years,1177,582,595,765,368,397,111,49,62,6,3,3,16,6,10,279,156,123
LIBERTY COUNTY,291,48 Years,1179,604,575,780,406,374,117,49,68,3,2,1,9,6,3,270,141,129
LIBERTY COUNTY,291,49 Years,1202,601,601,817,407,410,113,46,67,4,2,2,18,8,10,250,138,112
LIBERTY COUNTY,291,50 Years,1130,573,557,789,394,395,99,42,57,5,3,2,8,5,3,229,129,100
LIBERTY COUNTY,291,51 Years,1044,523,521,712,353,359,97,41,56,4,0,4,10,5,5,221,124,97
LIBERTY COUNTY,291,52 Years,1034,523,511,702,351,351,89,37,52,4,3,1,10,6,4,229,126,103
LIBERTY COUNTY,291,53 Years,1052,549,503,713,371,342,104,54,50,4,2,2,12,5,7,219,117,102
LIBERTY COUNTY,291,54 Years,1153,592,561,813,429,384,112,47,65,2,1,1,12,7,5,214,108,106
LIBERTY COUNTY,291,55 Years,1172,594,578,825,417,408,103,46,57,3,1,2,9,4,5,232,126,106
LIBERTY COUNTY,291,56 Years,1137,559,578,837,403,434,93,43,50,8,4,4,12,6,6,187,103,84
LIBERTY COUNTY,291,57 Years,1124,565,559,825,409,416,104,48,56,6,2,4,11,6,5,178,100,78
LIBERTY COUNTY,291,58 Years,1159,588,571,856,426,430,114,58,56,5,2,3,14,8,6,170,94,76
LIBERTY COUNTY,291,59 Years,1220,601,619,893,419,474,131,73,58,4,2,2,16,9,7,176,98,78
LIBERTY COUNTY,291,60 Years,1154,558,596,852,396,456,122,65,57,5,1,4,21,12,9,154,84,70
LIBERTY COUNTY,291,61 Years,1135,585,550,855,438,417,111,55,56,7,3,4,23,13,10,139,76,63
LIBERTY COUNTY,291,62 Years,1080,552,528,820,406,414,103,56,47,7,5,2,25,13,12,125,72,53
LIBERTY COUNTY,291,63 Years,1061,535,526,837,409,428,91,49,42,5,4,1,14,8,6,114,65,49
LIBERTY COUNTY,291,64 Years,1087,546,541,832,412,420,95,46,49,12,5,7,14,6,8,134,77,57
LIBERTY COUNTY,291,65 Years,1029,504,525,805,395,410,86,36,50,8,3,5,13,6,7,117,64,53
LIBERTY COUNTY,291,66 Years,1001,516,485,787,403,384,91,43,48,3,2,1,15,5,10,105,63,42
LIBERTY COUNTY,291,67 Years,925,454,471,738,345,393,87,47,40,4,2,2,13,5,8,83,55,28
LIBERTY COUNTY,291,68 Years,882,441,441,693,334,359,81,44,37,5,3,2,14,7,7,89,53,36
LIBERTY COUNTY,291,69 Years,879,441,438,725,359,366,72,34,38,5,2,3,11,5,6,66,41,25
LIBERTY COUNTY,291,70 Years,836,388,448,695,321,374,67,37,30,3,1,2,8,3,5,63,26,37
LIBERTY COUNTY,291,71 Years,814,412,402,687,347,340,55,30,25,6,1,5,9,2,7,57,32,25
LIBERTY COUNTY,291,72 Years,791,377,414,681,326,355,49,21,28,4,1,3,9,2,7,48,27,21
LIBERTY COUNTY,291,73 Years,669,332,337,564,273,291,39,21,18,2,2,0,10,4,6,54,32,22
LIBERTY COUNTY,291,74 Years,608,282,326,510,227,283,33,15,18,1,1,0,16,8,8,48,31,17
LIBERTY COUNTY,291,75 Years,622,282,340,537,244,293,32,13,19,2,0,2,12,5,7,39,20,19
LIBERTY COUNTY,291,76 Years,559,264,295,487,230,257,35,14,21,2,2,0,10,5,5,25,13,12
LIBERTY COUNTY,291,77 Years,526,248,278,455,218,237,32,10,22,2,1,1,14,7,7,23,12,11
LIBERTY COUNTY,291,78 Years,446,208,238,382,176,206,27,12,15,3,0,3,11,6,5,23,14,9
LIBERTY COUNTY,291,79 Years,398,200,198,342,173,169,31,16,15,1,0,1,7,2,5,17,9,8
LIBERTY COUNTY,291,80 Years,354,169,185,305,146,159,20,8,12,0,0,0,7,3,4,22,12,10
LIBERTY COUNTY,291,81 Years,307,144,163,266,119,147,14,6,8,0,0,0,9,5,4,18,14,4
LIBERTY COUNTY,291,82 Years,272,129,143,229,108,121,23,10,13,1,0,1,5,2,3,14,9,5
LIBERTY COUNTY,291,83 Years,248,100,148,215,87,128,17,6,11,1,0,1,4,1,3,11,6,5
LIBERTY COUNTY,291,84 Years,216,88,128,184,79,105,18,4,14,2,0,2,3,1,2,9,4,5
LIBERTY COUNTY,291,85 Years,208,80,128,179,69,110,16,6,10,2,0,2,2,1,1,9,4,5
LIBERTY COUNTY,291,86 Years,200,78,122,171,68,103,15,5,10,0,0,0,5,1,4,9,4,5
LIBERTY COUNTY,291,87 Years,174,66,108,144,53,91,13,6,7,1,0,1,4,2,2,12,5,7
LIBERTY COUNTY,291,88 Years,155,54,101,133,45,88,10,4,6,1,0,1,2,2,0,9,3,6
LIBERTY COUNTY,291,89 Years,138,47,91,110,36,74,15,5,10,0,0,0,3,2,1,10,4,6
LIBERTY COUNTY,291,90 Years,108,37,71,89,30,59,10,4,6,0,0,0,1,0,1,8,3,5
LIBERTY COUNTY,291,91 Years,96,32,64,76,25,51,12,4,8,0,0,0,4,1,3,4,2,2
LIBERTY COUNTY,291,92 Years,81,23,58,68,18,50,7,2,5,0,0,0,3,1,2,3,2,1
LIBERTY COUNTY,291,93 Years,60,16,44,51,12,39,5,2,3,0,0,0,1,0,1,3,2,1
LIBERTY COUNTY,291,94 Years,46,10,36,37,8,29,5,2,3,0,0,0,1,0,1,3,0,3
LIBERTY COUNTY,291,95 Years +,117,26,91,85,18,67,16,6,10,0,0,0,1,0,1,15,2,13
LIMESTONE COUNTY,293,All Ages,23709,12219,11490,13607,6867,6740,3923,1992,1931,106,51,55,573,305,268,5500,3004,2496
LIMESTONE COUNTY,293,< 1 Year,252,133,119,92,48,44,32,19,13,3,1,2,35,17,18,90,48,42
LIMESTONE COUNTY,293,1 Years,262,136,126,100,51,49,36,20,16,2,1,1,31,18,13,93,46,47
LIMESTONE COUNTY,293,2 Years,279,138,141,109,53,56,36,17,19,1,1,0,25,13,12,108,54,54
LIMESTONE COUNTY,293,3 Years,303,150,153,121,58,63,42,18,24,0,0,0,20,17,3,120,57,63
LIMESTONE COUNTY,293,4 Years,319,158,161,126,61,65,42,18,24,2,1,1,19,13,6,130,65,65
LIMESTONE COUNTY,293,5 Years,310,157,153,124,63,61,37,16,21,2,0,2,22,16,6,125,62,63
LIMESTONE COUNTY,293,6 Years,311,158,153,135,69,66,34,15,19,2,0,2,22,13,9,118,61,57
LIMESTONE COUNTY,293,7 Years,303,154,149,134,70,64,34,17,17,2,1,1,22,13,9,111,53,58
LIMESTONE COUNTY,293,8 Years,303,151,152,137,70,67,39,20,19,2,1,1,16,8,8,109,52,57
LIMESTONE COUNTY,293,9 Years,294,153,141,122,62,60,46,22,24,0,0,0,16,10,6,110,59,51
LIMESTONE COUNTY,293,10 Years,290,144,146,133,64,69,43,21,22,0,0,0,11,4,7,103,55,48
LIMESTONE COUNTY,293,11 Years,289,135,154,118,53,65,46,23,23,1,1,0,8,3,5,116,55,61
LIMESTONE COUNTY,293,12 Years,298,146,152,124,63,61,49,23,26,2,1,1,8,4,4,115,55,60
LIMESTONE COUNTY,293,13 Years,295,152,143,129,71,58,45,23,22,2,1,1,11,5,6,108,52,56
LIMESTONE COUNTY,293,14 Years,273,143,130,108,55,53,48,26,22,0,0,0,14,8,6,103,54,49
LIMESTONE COUNTY,293,15 Years,295,158,137,136,72,64,63,36,27,0,0,0,9,6,3,87,44,43
LIMESTONE COUNTY,293,16 Years,281,152,129,125,69,56,53,29,24,1,0,1,6,3,3,96,51,45
LIMESTONE COUNTY,293,17 Years,297,166,131,126,69,57,57,34,23,0,0,0,13,5,8,101,58,43
LIMESTONE COUNTY,293,18 Years,296,168,128,142,82,60,57,31,26,0,0,0,9,4,5,88,51,37
LIMESTONE COUNTY,293,19 Years,271,151,120,109,66,43,50,24,26,1,0,1,13,7,6,98,54,44
LIMESTONE COUNTY,293,20 Years,258,149,109,108,67,41,52,32,20,1,0,1,13,6,7,84,44,40
LIMESTONE COUNTY,293,21 Years,255,158,97,110,65,45,47,32,15,1,0,1,13,7,6,84,54,30
LIMESTONE COUNTY,293,22 Years,269,153,116,119,65,54,50,30,20,4,3,1,14,7,7,82,48,34
LIMESTONE COUNTY,293,23 Years,267,151,116,118,63,55,57,32,25,1,1,0,9,7,2,82,48,34
LIMESTONE COUNTY,293,24 Years,278,159,119,125,65,60,60,33,27,1,1,0,6,3,3,86,57,29
LIMESTONE COUNTY,293,25 Years,286,161,125,131,64,67,51,28,23,2,2,0,5,4,1,97,63,34
LIMESTONE COUNTY,293,26 Years,310,175,135,149,85,64,64,38,26,1,0,1,5,1,4,91,51,40
LIMESTONE COUNTY,293,27 Years,336,194,142,168,92,76,70,40,30,2,2,0,9,6,3,87,54,33
LIMESTONE COUNTY,293,28 Years,305,184,121,144,81,63,57,31,26,1,1,0,7,5,2,96,66,30
LIMESTONE COUNTY,293,29 Years,332,196,136,170,99,71,65,34,31,1,1,0,4,1,3,92,61,31
LIMESTONE COUNTY,293,30 Years,337,183,154,176,94,82,71,36,35,2,2,0,4,0,4,84,51,33
LIMESTONE COUNTY,293,31 Years,321,187,134,162,92,70,65,38,27,1,1,0,3,1,2,90,55,35
LIMESTONE COUNTY,293,32 Years,302,167,135,166,85,81,62,39,23,1,1,0,1,0,1,72,42,30
LIMESTONE COUNTY,293,33 Years,301,171,130,167,91,76,58,34,24,1,1,0,3,2,1,72,43,29
LIMESTONE COUNTY,293,34 Years,287,149,138,150,76,74,58,31,27,1,0,1,3,2,1,75,40,35
LIMESTONE COUNTY,293,35 Years,292,167,125,155,91,64,53,26,27,1,0,1,3,2,1,80,48,32
LIMESTONE COUNTY,293,36 Years,292,166,126,149,87,62,56,29,27,1,0,1,4,2,2,82,48,34
LIMESTONE COUNTY,293,37 Years,282,157,125,146,77,69,52,25,27,0,0,0,3,1,2,81,54,27
LIMESTONE COUNTY,293,38 Years,286,161,125,147,81,66,55,28,27,0,0,0,0,0,0,84,52,32
LIMESTONE COUNTY,293,39 Years,305,164,141,159,85,74,57,31,26,3,2,1,3,3,0,83,43,40
LIMESTONE COUNTY,293,40 Years,277,158,119,151,83,68,44,24,20,1,0,1,4,3,1,77,48,29
LIMESTONE COUNTY,293,41 Years,280,148,132,139,74,65,61,28,33,1,1,0,2,1,1,77,44,33
LIMESTONE COUNTY,293,42 Years,242,131,111,132,67,65,46,24,22,2,1,1,1,1,0,61,38,23
LIMESTONE COUNTY,293,43 Years,264,140,124,131,67,64,60,36,24,2,1,1,1,0,1,70,36,34
LIMESTONE COUNTY,293,44 Years,266,148,118,147,81,66,47,26,21,1,1,0,2,1,1,69,39,30
LIMESTONE COUNTY,293,45 Years,232,113,119,126,59,67,35,21,14,0,0,0,2,1,1,69,32,37
LIMESTONE COUNTY,293,46 Years,262,132,130,140,70,70,49,27,22,2,1,1,1,1,0,70,33,37
LIMESTONE COUNTY,293,47 Years,267,135,132,155,77,78,47,24,23,0,0,0,3,0,3,62,34,28
LIMESTONE COUNTY,293,48 Years,265,132,133,153,78,75,49,22,27,2,1,1,4,1,3,57,30,27
LIMESTONE COUNTY,293,49 Years,258,131,127,157,75,82,46,21,25,1,1,0,3,1,2,51,33,18
LIMESTONE COUNTY,293,50 Years,245,118,127,140,66,74,48,27,21,1,1,0,3,1,2,53,23,30
LIMESTONE COUNTY,293,51 Years,256,124,132,146,73,73,42,20,22,3,1,2,1,0,1,64,30,34
LIMESTONE COUNTY,293,52 Years,258,111,147,148,68,80,50,19,31,2,1,1,0,0,0,58,23,35
LIMESTONE COUNTY,293,53 Years,259,130,129,160,77,83,44,21,23,2,1,1,0,0,0,53,31,22
LIMESTONE COUNTY,293,54 Years,314,152,162,199,90,109,48,22,26,2,2,0,3,2,1,62,36,26
LIMESTONE COUNTY,293,55 Years,316,152,164,212,105,107,49,19,30,3,1,2,6,2,4,46,25,21
LIMESTONE COUNTY,293,56 Years,311,173,138,206,121,85,51,23,28,1,1,0,4,0,4,49,28,21
LIMESTONE COUNTY,293,57 Years,339,178,161,233,128,105,53,25,28,0,0,0,3,2,1,50,23,27
LIMESTONE COUNTY,293,58 Years,317,152,165,222,105,117,49,26,23,1,0,1,2,1,1,43,20,23
LIMESTONE COUNTY,293,59 Years,330,156,174,227,109,118,53,23,30,1,0,1,3,1,2,46,23,23
LIMESTONE COUNTY,293,60 Years,344,153,191,227,104,123,74,25,49,2,0,2,3,1,2,38,23,15
LIMESTONE COUNTY,293,61 Years,330,156,174,235,111,124,56,21,35,1,0,1,2,0,2,36,24,12
LIMESTONE COUNTY,293,62 Years,335,172,163,236,124,112,60,27,33,3,3,0,0,0,0,36,18,18
LIMESTONE COUNTY,293,63 Years,361,181,180,269,128,141,58,30,28,2,1,1,4,2,2,28,20,8
LIMESTONE COUNTY,293,64 Years,368,191,177,256,127,129,68,37,31,2,0,2,5,3,2,37,24,13
LIMESTONE COUNTY,293,65 Years,342,171,171,257,124,133,50,27,23,0,0,0,8,4,4,27,16,11
LIMESTONE COUNTY,293,66 Years,299,142,157,210,101,109,54,28,26,1,0,1,4,1,3,30,12,18
LIMESTONE COUNTY,293,67 Years,306,136,170,217,92,125,49,25,24,3,2,1,4,2,2,33,15,18
LIMESTONE COUNTY,293,68 Years,291,143,148,216,103,113,47,25,22,1,1,0,4,3,1,23,11,12
LIMESTONE COUNTY,293,69 Years,265,136,129,198,98,100,47,29,18,0,0,0,5,4,1,15,5,10
LIMESTONE COUNTY,293,70 Years,243,120,123,197,95,102,33,19,14,1,0,1,1,1,0,11,5,6
LIMESTONE COUNTY,293,71 Years,278,135,143,236,111,125,26,14,12,1,0,1,3,2,1,12,8,4
LIMESTONE COUNTY,293,72 Years,262,135,127,217,112,105,29,14,15,0,0,0,3,1,2,13,8,5
LIMESTONE COUNTY,293,73 Years,207,108,99,168,88,80,25,13,12,0,0,0,2,1,1,12,6,6
LIMESTONE COUNTY,293,74 Years,219,107,112,167,81,86,22,9,13,2,0,2,3,2,1,25,15,10
LIMESTONE COUNTY,293,75 Years,230,114,116,185,93,92,25,10,15,1,0,1,3,1,2,16,10,6
LIMESTONE COUNTY,293,76 Years,193,83,110,154,69,85,22,6,16,2,1,1,2,1,1,13,6,7
LIMESTONE COUNTY,293,77 Years,170,75,95,145,67,78,13,3,10,1,0,1,1,1,0,10,4,6
LIMESTONE COUNTY,293,78 Years,168,75,93,143,65,78,12,4,8,1,0,1,3,1,2,9,5,4
LIMESTONE COUNTY,293,79 Years,140,67,73,121,62,59,10,3,7,1,0,1,3,0,3,5,2,3
LIMESTONE COUNTY,293,80 Years,132,62,70,114,56,58,10,3,7,1,0,1,4,2,2,3,1,2
LIMESTONE COUNTY,293,81 Years,101,44,57,89,39,50,8,3,5,1,0,1,1,1,0,2,1,1
LIMESTONE COUNTY,293,82 Years,101,46,55,81,39,42,13,4,9,0,0,0,2,1,1,5,2,3
LIMESTONE COUNTY,293,83 Years,104,44,60,83,37,46,9,3,6,0,0,0,1,0,1,11,4,7
LIMESTONE COUNTY,293,84 Years,95,43,52,78,36,42,8,3,5,0,0,0,2,1,1,7,3,4
LIMESTONE COUNTY,293,85 Years,71,30,41,60,26,34,6,1,5,0,0,0,1,0,1,4,3,1
LIMESTONE COUNTY,293,86 Years,74,32,42,62,25,37,7,3,4,1,1,0,2,1,1,2,2,0
LIMESTONE COUNTY,293,87 Years,63,24,39,48,19,29,9,4,5,0,0,0,2,0,2,4,1,3
LIMESTONE COUNTY,293,88 Years,59,22,37,44,17,27,7,3,4,0,0,0,3,1,2,5,1,4
LIMESTONE COUNTY,293,89 Years,60,23,37,48,17,31,7,3,4,0,0,0,1,1,0,4,2,2
LIMESTONE COUNTY,293,90 Years,48,17,31,37,13,24,7,3,4,1,0,1,0,0,0,3,1,2
LIMESTONE COUNTY,293,91 Years,40,17,23,29,13,16,6,2,4,0,0,0,1,0,1,4,2,2
LIMESTONE COUNTY,293,92 Years,28,14,14,20,10,10,5,2,3,0,0,0,0,0,0,3,2,1
LIMESTONE COUNTY,293,93 Years,26,11,15,19,7,12,4,2,2,0,0,0,0,0,0,3,2,1
LIMESTONE COUNTY,293,94 Years,20,6,14,13,4,9,5,2,3,0,0,0,0,0,0,2,0,2
LIMESTONE COUNTY,293,95 Years +,56,15,41,35,7,28,12,5,7,0,0,0,0,0,0,9,3,6
LIPSCOMB COUNTY,295,All Ages,3208,1655,1553,2025,1026,999,7,2,5,14,5,9,66,35,31,1096,587,509
LIPSCOMB COUNTY,295,< 1 Year,39,23,16,17,12,5,0,0,0,2,1,1,3,2,1,17,8,9
LIPSCOMB COUNTY,295,1 Years,40,22,18,18,11,7,0,0,0,0,0,0,1,1,0,21,10,11
LIPSCOMB COUNTY,295,2 Years,40,21,19,21,12,9,0,0,0,0,0,0,1,1,0,18,8,10
LIPSCOMB COUNTY,295,3 Years,45,23,22,23,12,11,0,0,0,0,0,0,0,0,0,22,11,11
LIPSCOMB COUNTY,295,4 Years,45,23,22,23,12,11,0,0,0,0,0,0,0,0,0,22,11,11
LIPSCOMB COUNTY,295,5 Years,48,25,23,21,11,10,0,0,0,0,0,0,2,1,1,25,13,12
LIPSCOMB COUNTY,295,6 Years,42,23,19,19,10,9,0,0,0,0,0,0,2,1,1,21,12,9
LIPSCOMB COUNTY,295,7 Years,43,25,18,20,10,10,0,0,0,0,0,0,0,0,0,23,15,8
LIPSCOMB COUNTY,295,8 Years,45,26,19,22,12,10,0,0,0,0,0,0,1,1,0,22,13,9
LIPSCOMB COUNTY,295,9 Years,51,29,22,26,14,12,0,0,0,0,0,0,0,0,0,25,15,10
LIPSCOMB COUNTY,295,10 Years,48,26,22,23,14,9,0,0,0,0,0,0,2,2,0,23,10,13
LIPSCOMB COUNTY,295,11 Years,48,21,27,20,11,9,0,0,0,0,0,0,2,0,2,26,10,16
LIPSCOMB COUNTY,295,12 Years,44,20,24,20,8,12,0,0,0,0,0,0,2,1,1,22,11,11
LIPSCOMB COUNTY,295,13 Years,44,23,21,26,16,10,0,0,0,0,0,0,1,1,0,17,6,11
LIPSCOMB COUNTY,295,14 Years,39,15,24,17,8,9,0,0,0,0,0,0,1,0,1,21,7,14
LIPSCOMB COUNTY,295,15 Years,51,27,24,24,10,14,1,1,0,0,0,0,0,0,0,26,16,10
LIPSCOMB COUNTY,295,16 Years,41,18,23,22,8,14,1,0,1,0,0,0,0,0,0,18,10,8
LIPSCOMB COUNTY,295,17 Years,44,22,22,22,10,12,0,0,0,0,0,0,2,0,2,20,12,8
LIPSCOMB COUNTY,295,18 Years,39,18,21,19,9,10,0,0,0,0,0,0,2,1,1,18,8,10
LIPSCOMB COUNTY,295,19 Years,39,15,24,21,7,14,1,0,1,0,0,0,2,1,1,15,7,8
LIPSCOMB COUNTY,295,20 Years,39,19,20,23,12,11,0,0,0,1,1,0,0,0,0,15,6,9
LIPSCOMB COUNTY,295,21 Years,43,21,22,24,12,12,1,0,1,0,0,0,1,1,0,17,8,9
LIPSCOMB COUNTY,295,22 Years,45,24,21,24,11,13,0,0,0,0,0,0,2,1,1,19,12,7
LIPSCOMB COUNTY,295,23 Years,47,24,23,26,14,12,1,0,1,1,0,1,0,0,0,19,10,9
LIPSCOMB COUNTY,295,24 Years,44,25,19,24,15,9,0,0,0,1,0,1,2,2,0,17,8,9
LIPSCOMB COUNTY,295,25 Years,37,22,15,22,13,9,0,0,0,0,0,0,1,1,0,14,8,6
LIPSCOMB COUNTY,295,26 Years,45,22,23,28,13,15,0,0,0,1,1,0,0,0,0,16,8,8
LIPSCOMB COUNTY,295,27 Years,34,19,15,20,12,8,0,0,0,1,1,0,0,0,0,13,6,7
LIPSCOMB COUNTY,295,28 Years,33,18,15,18,10,8,0,0,0,0,0,0,0,0,0,15,8,7
LIPSCOMB COUNTY,295,29 Years,32,17,15,19,10,9,0,0,0,1,0,1,0,0,0,12,7,5
LIPSCOMB COUNTY,295,30 Years,35,20,15,19,13,6,0,0,0,0,0,0,1,0,1,15,7,8
LIPSCOMB COUNTY,295,31 Years,40,25,15,15,8,7,0,0,0,0,0,0,1,0,1,24,17,7
LIPSCOMB COUNTY,295,32 Years,34,20,14,16,6,10,0,0,0,0,0,0,0,0,0,18,14,4
LIPSCOMB COUNTY,295,33 Years,45,29,16,21,14,7,0,0,0,1,0,1,0,0,0,23,15,8
LIPSCOMB COUNTY,295,34 Years,43,22,21,19,12,7,0,0,0,1,0,1,0,0,0,23,10,13
LIPSCOMB COUNTY,295,35 Years,40,23,17,21,12,9,0,0,0,0,0,0,0,0,0,19,11,8
LIPSCOMB COUNTY,295,36 Years,44,26,18,29,15,14,0,0,0,0,0,0,0,0,0,15,11,4
LIPSCOMB COUNTY,295,37 Years,39,25,14,25,15,10,0,0,0,0,0,0,0,0,0,14,10,4
LIPSCOMB COUNTY,295,38 Years,36,20,16,21,12,9,0,0,0,0,0,0,1,0,1,14,8,6
LIPSCOMB COUNTY,295,39 Years,34,21,13,16,9,7,0,0,0,0,0,0,2,2,0,16,10,6
LIPSCOMB COUNTY,295,40 Years,37,22,15,19,11,8,1,0,1,0,0,0,1,1,0,16,10,6
LIPSCOMB COUNTY,295,41 Years,28,11,17,13,5,8,0,0,0,0,0,0,0,0,0,15,6,9
LIPSCOMB COUNTY,295,42 Years,32,11,21,15,5,10,0,0,0,0,0,0,1,0,1,16,6,10
LIPSCOMB COUNTY,295,43 Years,31,13,18,17,7,10,1,1,0,0,0,0,0,0,0,13,5,8
LIPSCOMB COUNTY,295,44 Years,33,17,16,22,12,10,0,0,0,0,0,0,1,0,1,10,5,5
LIPSCOMB COUNTY,295,45 Years,26,13,13,14,8,6,0,0,0,0,0,0,1,0,1,11,5,6
LIPSCOMB COUNTY,295,46 Years,29,16,13,14,7,7,0,0,0,0,0,0,1,1,0,14,8,6
LIPSCOMB COUNTY,295,47 Years,36,16,20,22,10,12,0,0,0,0,0,0,1,0,1,13,6,7
LIPSCOMB COUNTY,295,48 Years,33,14,19,24,10,14,0,0,0,0,0,0,0,0,0,9,4,5
LIPSCOMB COUNTY,295,49 Years,34,18,16,17,6,11,0,0,0,1,0,1,1,1,0,15,11,4
LIPSCOMB COUNTY,295,50 Years,34,21,13,17,9,8,0,0,0,0,0,0,2,1,1,15,11,4
LIPSCOMB COUNTY,295,51 Years,27,16,11,15,7,8,0,0,0,0,0,0,1,1,0,11,8,3
LIPSCOMB COUNTY,295,52 Years,26,12,14,17,8,9,0,0,0,0,0,0,1,0,1,8,4,4
LIPSCOMB COUNTY,295,53 Years,37,19,18,24,12,12,0,0,0,1,1,0,0,0,0,12,6,6
LIPSCOMB COUNTY,295,54 Years,46,24,22,27,12,15,0,0,0,0,0,0,0,0,0,19,12,7
LIPSCOMB COUNTY,295,55 Years,45,27,18,29,14,15,0,0,0,0,0,0,0,0,0,16,13,3
LIPSCOMB COUNTY,295,56 Years,46,24,22,36,19,17,0,0,0,0,0,0,0,0,0,10,5,5
LIPSCOMB COUNTY,295,57 Years,47,22,25,39,20,19,0,0,0,0,0,0,0,0,0,8,2,6
LIPSCOMB COUNTY,295,58 Years,48,19,29,39,16,23,0,0,0,0,0,0,1,0,1,8,3,5
LIPSCOMB COUNTY,295,59 Years,44,24,20,35,20,15,0,0,0,0,0,0,1,0,1,8,4,4
LIPSCOMB COUNTY,295,60 Years,45,22,23,35,16,19,0,0,0,0,0,0,2,2,0,8,4,4
LIPSCOMB COUNTY,295,61 Years,40,18,22,30,14,16,0,0,0,0,0,0,1,1,0,9,3,6
LIPSCOMB COUNTY,295,62 Years,37,18,19,30,16,14,0,0,0,0,0,0,2,0,2,5,2,3
LIPSCOMB COUNTY,295,63 Years,35,19,16,28,16,12,0,0,0,0,0,0,2,1,1,5,2,3
LIPSCOMB COUNTY,295,64 Years,32,14,18,27,10,17,0,0,0,0,0,0,1,1,0,4,3,1
LIPSCOMB COUNTY,295,65 Years,43,20,23,38,17,21,0,0,0,0,0,0,0,0,0,5,3,2
LIPSCOMB COUNTY,295,66 Years,39,21,18,33,19,14,0,0,0,0,0,0,2,0,2,4,2,2
LIPSCOMB COUNTY,295,67 Years,44,29,15,38,26,12,0,0,0,0,0,0,0,0,0,6,3,3
LIPSCOMB COUNTY,295,68 Years,37,18,19,33,17,16,0,0,0,0,0,0,0,0,0,4,1,3
LIPSCOMB COUNTY,295,69 Years,31,13,18,28,12,16,0,0,0,0,0,0,1,0,1,2,1,1
LIPSCOMB COUNTY,295,70 Years,32,17,15,29,15,14,0,0,0,0,0,0,0,0,0,3,2,1
LIPSCOMB COUNTY,295,71 Years,39,21,18,34,19,15,0,0,0,0,0,0,0,0,0,5,2,3
LIPSCOMB COUNTY,295,72 Years,34,20,14,31,18,13,0,0,0,0,0,0,0,0,0,3,2,1
LIPSCOMB COUNTY,295,73 Years,19,10,9,18,9,9,0,0,0,0,0,0,0,0,0,1,1,0
LIPSCOMB COUNTY,295,74 Years,21,11,10,20,10,10,0,0,0,0,0,0,0,0,0,1,1,0
LIPSCOMB COUNTY,295,75 Years,23,10,13,20,8,12,0,0,0,0,0,0,1,1,0,2,1,1
LIPSCOMB COUNTY,295,76 Years,26,10,16,23,9,14,0,0,0,0,0,0,1,1,0,2,0,2
LIPSCOMB COUNTY,295,77 Years,26,11,15,24,10,14,0,0,0,0,0,0,0,0,0,2,1,1
LIPSCOMB COUNTY,295,78 Years,19,10,9,16,8,8,0,0,0,0,0,0,0,0,0,3,2,1
LIPSCOMB COUNTY,295,79 Years,16,9,7,12,6,6,0,0,0,0,0,0,2,2,0,2,1,1
LIPSCOMB COUNTY,295,80 Years,25,11,14,22,10,12,0,0,0,0,0,0,2,1,1,1,0,1
LIPSCOMB COUNTY,295,81 Years,23,12,11,22,11,11,0,0,0,0,0,0,0,0,0,1,1,0
LIPSCOMB COUNTY,295,82 Years,19,9,10,18,8,10,0,0,0,0,0,0,0,0,0,1,1,0
LIPSCOMB COUNTY,295,83 Years,14,6,8,12,6,6,0,0,0,0,0,0,1,0,1,1,0,1
LIPSCOMB COUNTY,295,84 Years,12,6,6,12,6,6,0,0,0,0,0,0,0,0,0,0,0,0
LIPSCOMB COUNTY,295,85 Years,14,7,7,12,5,7,0,0,0,0,0,0,0,0,0,2,2,0
LIPSCOMB COUNTY,295,86 Years,12,6,6,11,5,6,0,0,0,0,0,0,0,0,0,1,1,0
LIPSCOMB COUNTY,295,87 Years,11,5,6,9,4,5,0,0,0,1,0,1,0,0,0,1,1,0
LIPSCOMB COUNTY,295,88 Years,10,4,6,8,4,4,0,0,0,1,0,1,0,0,0,1,0,1
LIPSCOMB COUNTY,295,89 Years,10,4,6,9,3,6,0,0,0,0,0,0,0,0,0,1,1,0
LIPSCOMB COUNTY,295,90 Years,7,3,4,6,2,4,0,0,0,0,0,0,0,0,0,1,1,0
LIPSCOMB COUNTY,295,91 Years,6,4,2,5,3,2,0,0,0,0,0,0,0,0,0,1,1,0
LIPSCOMB COUNTY,295,92 Years,5,2,3,4,2,2,0,0,0,0,0,0,0,0,0,1,0,1
LIPSCOMB COUNTY,295,93 Years,5,2,3,5,2,3,0,0,0,0,0,0,0,0,0,0,0,0
LIPSCOMB COUNTY,295,94 Years,4,2,2,4,2,2,0,0,0,0,0,0,0,0,0,0,0,0
LIPSCOMB COUNTY,295,95 Years +,10,5,5,10,5,5,0,0,0,0,0,0,0,0,0,0,0,0
LIVE OAK COUNTY,297,All Ages,12164,6518,5646,6921,3549,3372,473,451,22,59,37,22,159,89,70,4552,2392,2160
LIVE OAK COUNTY,297,< 1 Year,148,79,69,81,46,35,0,0,0,0,0,0,2,1,1,65,32,33
LIVE OAK COUNTY,297,1 Years,146,79,67,80,45,35,0,0,0,0,0,0,2,1,1,64,33,31
LIVE OAK COUNTY,297,2 Years,145,77,68,79,42,37,0,0,0,0,0,0,2,2,0,64,33,31
LIVE OAK COUNTY,297,3 Years,143,77,66,77,41,36,0,0,0,0,0,0,1,1,0,65,35,30
LIVE OAK COUNTY,297,4 Years,146,77,69,81,45,36,0,0,0,0,0,0,0,0,0,65,32,33
LIVE OAK COUNTY,297,5 Years,145,80,65,83,48,35,0,0,0,0,0,0,0,0,0,62,32,30
LIVE OAK COUNTY,297,6 Years,145,80,65,88,49,39,0,0,0,0,0,0,0,0,0,57,31,26
LIVE OAK COUNTY,297,7 Years,144,75,69,86,45,41,0,0,0,0,0,0,0,0,0,58,30,28
LIVE OAK COUNTY,297,8 Years,146,74,72,86,45,41,0,0,0,0,0,0,0,0,0,60,29,31
LIVE OAK COUNTY,297,9 Years,118,57,61,66,33,33,2,2,0,1,0,1,0,0,0,49,22,27
LIVE OAK COUNTY,297,10 Years,136,67,69,73,36,37,1,1,0,0,0,0,2,0,2,60,30,30
LIVE OAK COUNTY,297,11 Years,126,59,67,55,22,33,1,1,0,0,0,0,3,1,2,67,35,32
LIVE OAK COUNTY,297,12 Years,121,63,58,61,31,30,1,0,1,0,0,0,1,1,0,58,31,27
LIVE OAK COUNTY,297,13 Years,136,71,65,77,37,40,1,1,0,1,1,0,1,0,1,56,32,24
LIVE OAK COUNTY,297,14 Years,132,66,66,70,36,34,2,0,2,0,0,0,3,1,2,57,29,28
LIVE OAK COUNTY,297,15 Years,121,57,64,57,28,29,2,0,2,0,0,0,2,1,1,60,28,32
LIVE OAK COUNTY,297,16 Years,120,61,59,56,24,32,0,0,0,1,1,0,1,1,0,62,35,27
LIVE OAK COUNTY,297,17 Years,144,68,76,66,30,36,1,0,1,1,1,0,0,0,0,76,37,39
LIVE OAK COUNTY,297,18 Years,132,68,64,61,32,29,1,1,0,1,0,1,2,0,2,67,35,32
LIVE OAK COUNTY,297,19 Years,123,62,61,52,26,26,2,2,0,1,0,1,4,2,2,64,32,32
LIVE OAK COUNTY,297,20 Years,123,66,57,47,24,23,3,3,0,0,0,0,4,2,2,69,37,32
LIVE OAK COUNTY,297,21 Years,125,72,53,51,28,23,6,5,1,0,0,0,2,1,1,66,38,28
LIVE OAK COUNTY,297,22 Years,128,69,59,52,28,24,9,7,2,2,1,1,2,1,1,63,32,31
LIVE OAK COUNTY,297,23 Years,143,70,73,54,27,27,8,7,1,0,0,0,4,2,2,77,34,43
LIVE OAK COUNTY,297,24 Years,161,93,68,62,32,30,13,12,1,1,1,0,3,2,1,82,46,36
LIVE OAK COUNTY,297,25 Years,181,104,77,87,46,41,10,10,0,1,0,1,1,0,1,82,48,34
LIVE OAK COUNTY,297,26 Years,208,120,88,103,62,41,17,16,1,2,2,0,2,2,0,84,38,46
LIVE OAK COUNTY,297,27 Years,195,107,88,110,60,50,7,7,0,0,0,0,4,3,1,74,37,37
LIVE OAK COUNTY,297,28 Years,181,112,69,84,45,39,21,20,1,3,3,0,4,3,1,69,41,28
LIVE OAK COUNTY,297,29 Years,174,104,70,84,38,46,13,13,0,1,1,0,5,5,0,71,47,24
LIVE OAK COUNTY,297,30 Years,180,111,69,97,51,46,19,19,0,0,0,0,2,2,0,62,39,23
LIVE OAK COUNTY,297,31 Years,177,102,75,88,40,48,20,20,0,2,2,0,5,2,3,62,38,24
LIVE OAK COUNTY,297,32 Years,159,99,60,76,36,40,20,19,1,1,1,0,2,1,1,60,42,18
LIVE OAK COUNTY,297,33 Years,170,117,53,79,49,30,21,20,1,2,2,0,1,1,0,67,45,22
LIVE OAK COUNTY,297,34 Years,161,102,59,79,46,33,21,20,1,1,1,0,1,1,0,59,34,25
LIVE OAK COUNTY,297,35 Years,152,89,63,76,41,35,18,18,0,0,0,0,1,1,0,57,29,28
LIVE OAK COUNTY,297,36 Years,138,90,48,75,47,28,19,19,0,0,0,0,4,4,0,40,20,20
LIVE OAK COUNTY,297,37 Years,149,96,53,76,48,28,23,23,0,1,1,0,0,0,0,49,24,25
LIVE OAK COUNTY,297,38 Years,163,110,53,89,60,29,16,16,0,1,1,0,1,1,0,56,32,24
LIVE OAK COUNTY,297,39 Years,151,96,55,81,45,36,19,19,0,0,0,0,2,2,0,49,30,19
LIVE OAK COUNTY,297,40 Years,134,80,54,67,32,35,19,19,0,2,2,0,3,3,0,43,24,19
LIVE OAK COUNTY,297,41 Years,116,68,48,52,28,24,14,14,0,1,1,0,2,1,1,47,24,23
LIVE OAK COUNTY,297,42 Years,112,70,42,56,33,23,14,13,1,1,0,1,2,2,0,39,22,17
LIVE OAK COUNTY,297,43 Years,139,71,68,75,33,42,15,15,0,1,0,1,1,1,0,47,22,25
LIVE OAK COUNTY,297,44 Years,144,84,60,73,34,39,16,16,0,2,2,0,1,1,0,52,31,21
LIVE OAK COUNTY,297,45 Years,125,61,64,69,32,37,8,8,0,1,1,0,1,0,1,46,20,26
LIVE OAK COUNTY,297,46 Years,110,58,52,56,29,27,9,9,0,3,3,0,0,0,0,42,17,25
LIVE OAK COUNTY,297,47 Years,122,69,53,65,34,31,9,9,0,3,2,1,5,2,3,40,22,18
LIVE OAK COUNTY,297,48 Years,108,61,47,57,28,29,7,7,0,2,1,1,2,1,1,40,24,16
LIVE OAK COUNTY,297,49 Years,122,72,50,60,33,27,8,7,1,0,0,0,1,1,0,53,31,22
LIVE OAK COUNTY,297,50 Years,118,67,51,66,32,34,4,4,0,0,0,0,2,0,2,46,31,15
LIVE OAK COUNTY,297,51 Years,133,74,59,81,41,40,2,2,0,0,0,0,0,0,0,50,31,19
LIVE OAK COUNTY,297,52 Years,133,78,55,67,38,29,8,8,0,0,0,0,2,2,0,56,30,26
LIVE OAK COUNTY,297,53 Years,136,76,60,74,37,37,4,4,0,1,1,0,1,1,0,56,33,23
LIVE OAK COUNTY,297,54 Years,154,75,79,100,44,56,3,3,0,1,0,1,0,0,0,50,28,22
LIVE OAK COUNTY,297,55 Years,156,67,89,103,42,61,1,1,0,0,0,0,1,0,1,51,24,27
LIVE OAK COUNTY,297,56 Years,185,79,106,125,52,73,2,1,1,0,0,0,1,0,1,57,26,31
LIVE OAK COUNTY,297,57 Years,167,90,77,114,61,53,2,2,0,0,0,0,3,1,2,48,26,22
LIVE OAK COUNTY,297,58 Years,172,93,79,119,62,57,1,1,0,0,0,0,0,0,0,52,30,22
LIVE OAK COUNTY,297,59 Years,178,88,90,120,61,59,2,2,0,1,0,1,2,0,2,53,25,28
LIVE OAK COUNTY,297,60 Years,144,69,75,96,46,50,1,1,0,2,0,2,1,0,1,44,22,22
LIVE OAK COUNTY,297,61 Years,174,87,87,110,52,58,1,1,0,1,0,1,1,0,1,61,34,27
LIVE OAK COUNTY,297,62 Years,167,87,80,110,56,54,2,2,0,1,0,1,2,0,2,52,29,23
LIVE OAK COUNTY,297,63 Years,159,70,89,106,50,56,0,0,0,1,0,1,2,0,2,50,20,30
LIVE OAK COUNTY,297,64 Years,164,87,77,118,65,53,0,0,0,0,0,0,1,0,1,45,22,23
LIVE OAK COUNTY,297,65 Years,170,86,84,111,53,58,0,0,0,0,0,0,2,1,1,57,32,25
LIVE OAK COUNTY,297,66 Years,175,94,81,126,67,59,1,1,0,1,1,0,4,2,2,43,23,20
LIVE OAK COUNTY,297,67 Years,164,84,80,118,61,57,0,0,0,1,1,0,5,3,2,40,19,21
LIVE OAK COUNTY,297,68 Years,147,74,73,102,51,51,0,0,0,3,1,2,1,1,0,41,21,20
LIVE OAK COUNTY,297,69 Years,158,73,85,109,51,58,0,0,0,1,0,1,1,1,0,47,21,26
LIVE OAK COUNTY,297,70 Years,148,74,74,106,51,55,0,0,0,0,0,0,1,1,0,41,22,19
LIVE OAK COUNTY,297,71 Years,130,67,63,89,47,42,0,0,0,1,0,1,1,1,0,39,19,20
LIVE OAK COUNTY,297,72 Years,140,69,71,97,48,49,0,0,0,1,1,0,3,2,1,39,18,21
LIVE OAK COUNTY,297,73 Years,125,62,63,82,47,35,0,0,0,1,0,1,3,0,3,39,15,24
LIVE OAK COUNTY,297,74 Years,116,59,57,80,44,36,0,0,0,0,0,0,3,2,1,33,13,20
LIVE OAK COUNTY,297,75 Years,128,71,57,84,49,35,1,0,1,1,0,1,2,1,1,40,21,19
LIVE OAK COUNTY,297,76 Years,115,69,46,78,45,33,0,0,0,0,0,0,3,2,1,34,22,12
LIVE OAK COUNTY,297,77 Years,106,56,50,71,37,34,0,0,0,1,1,0,3,1,2,31,17,14
LIVE OAK COUNTY,297,78 Years,97,53,44,70,40,30,0,0,0,0,0,0,1,0,1,26,13,13
LIVE OAK COUNTY,297,79 Years,86,41,45,53,27,26,1,0,1,0,0,0,1,1,0,31,13,18
LIVE OAK COUNTY,297,80 Years,77,34,43,50,23,27,1,0,1,0,0,0,0,0,0,26,11,15
LIVE OAK COUNTY,297,81 Years,69,29,40,44,20,24,0,0,0,0,0,0,2,0,2,23,9,14
LIVE OAK COUNTY,297,82 Years,64,26,38,40,17,23,0,0,0,0,0,0,1,0,1,23,9,14
LIVE OAK COUNTY,297,83 Years,64,28,36,40,19,21,0,0,0,0,0,0,0,0,0,24,9,15
LIVE OAK COUNTY,297,84 Years,62,28,34,42,19,23,0,0,0,0,0,0,1,1,0,19,8,11
LIVE OAK COUNTY,297,85 Years,48,22,26,33,15,18,0,0,0,0,0,0,1,1,0,14,6,8
LIVE OAK COUNTY,297,86 Years,40,17,23,25,11,14,0,0,0,0,0,0,1,1,0,14,5,9
LIVE OAK COUNTY,297,87 Years,40,19,21,26,13,13,0,0,0,0,0,0,1,1,0,13,5,8
LIVE OAK COUNTY,297,88 Years,36,15,21,25,10,15,0,0,0,0,0,0,1,0,1,10,5,5
LIVE OAK COUNTY,297,89 Years,32,12,20,21,7,14,0,0,0,0,0,0,2,1,1,9,4,5
LIVE OAK COUNTY,297,90 Years,25,11,14,16,6,10,0,0,0,0,0,0,1,1,0,8,4,4
LIVE OAK COUNTY,297,91 Years,21,7,14,13,4,9,0,0,0,0,0,0,1,0,1,7,3,4
LIVE OAK COUNTY,297,92 Years,19,7,12,13,4,9,0,0,0,0,0,0,0,0,0,6,3,3
LIVE OAK COUNTY,297,93 Years,17,8,9,12,5,7,0,0,0,0,0,0,0,0,0,5,3,2
LIVE OAK COUNTY,297,94 Years,10,5,5,6,4,2,0,0,0,0,0,0,0,0,0,4,1,3
LIVE OAK COUNTY,297,95 Years +,27,11,16,15,5,10,0,0,0,0,0,0,0,0,0,12,6,6
LLANO COUNTY,299,All Ages,21784,10413,11371,18709,8932,9777,137,80,57,94,33,61,382,187,195,2462,1181,1281
LLANO COUNTY,299,< 1 Year,215,109,106,153,75,78,0,0,0,0,0,0,9,5,4,53,29,24
LLANO COUNTY,299,1 Years,212,103,109,149,71,78,3,1,2,1,0,1,10,6,4,49,25,24
LLANO COUNTY,299,2 Years,211,105,106,154,75,79,3,2,1,1,0,1,11,6,5,42,22,20
LLANO COUNTY,299,3 Years,214,106,108,157,77,80,3,2,1,1,1,0,11,6,5,42,20,22
LLANO COUNTY,299,4 Years,215,107,108,158,78,80,5,3,2,0,0,0,9,4,5,43,22,21
LLANO COUNTY,299,5 Years,215,115,100,160,86,74,2,1,1,2,2,0,6,2,4,45,24,21
LLANO COUNTY,299,6 Years,207,106,101,155,81,74,3,1,2,1,1,0,6,3,3,42,20,22
LLANO COUNTY,299,7 Years,202,109,93,144,76,68,3,3,0,1,1,0,6,3,3,48,26,22
LLANO COUNTY,299,8 Years,201,99,102,137,68,69,3,3,0,2,1,1,6,2,4,53,25,28
LLANO COUNTY,299,9 Years,177,83,94,121,66,55,2,1,1,0,0,0,7,3,4,47,13,34
LLANO COUNTY,299,10 Years,165,84,81,119,63,56,1,1,0,1,0,1,8,5,3,36,15,21
LLANO COUNTY,299,11 Years,213,110,103,147,73,74,1,1,0,1,1,0,8,4,4,56,31,25
LLANO COUNTY,299,12 Years,189,89,100,127,60,67,1,1,0,0,0,0,6,2,4,55,26,29
LLANO COUNTY,299,13 Years,171,86,85,116,66,50,1,1,0,1,0,1,5,2,3,48,17,31
LLANO COUNTY,299,14 Years,167,87,80,123,70,53,1,1,0,1,0,1,3,0,3,39,16,23
LLANO COUNTY,299,15 Years,168,92,76,123,65,58,1,1,0,0,0,0,3,2,1,41,24,17
LLANO COUNTY,299,16 Years,168,94,74,113,65,48,2,2,0,2,0,2,4,3,1,47,24,23
LLANO COUNTY,299,17 Years,192,104,88,133,70,63,4,2,2,0,0,0,7,6,1,48,26,22
LLANO COUNTY,299,18 Years,189,102,87,127,66,61,3,1,2,1,1,0,8,5,3,50,29,21
LLANO COUNTY,299,19 Years,149,74,75,102,52,50,2,0,2,3,1,2,4,1,3,38,20,18
LLANO COUNTY,299,20 Years,159,87,72,111,58,53,4,2,2,2,1,1,5,3,2,37,23,14
LLANO COUNTY,299,21 Years,167,94,73,116,59,57,3,1,2,2,2,0,5,3,2,41,29,12
LLANO COUNTY,299,22 Years,175,89,86,132,69,63,2,1,1,0,0,0,3,1,2,38,18,20
LLANO COUNTY,299,23 Years,196,97,99,145,70,75,1,1,0,0,0,0,5,3,2,45,23,22
LLANO COUNTY,299,24 Years,189,91,98,145,72,73,4,1,3,1,0,1,4,2,2,35,16,19
LLANO COUNTY,299,25 Years,204,106,98,150,77,73,1,0,1,2,1,1,5,4,1,46,24,22
LLANO COUNTY,299,26 Years,195,93,102,162,73,89,1,1,0,2,2,0,2,2,0,28,15,13
LLANO COUNTY,299,27 Years,211,105,106,169,74,95,1,1,0,0,0,0,4,3,1,37,27,10
LLANO COUNTY,299,28 Years,188,87,101,147,65,82,2,1,1,0,0,0,4,2,2,35,19,16
LLANO COUNTY,299,29 Years,188,80,108,143,61,82,2,0,2,0,0,0,2,2,0,41,17,24
LLANO COUNTY,299,30 Years,168,69,99,120,52,68,1,0,1,0,0,0,3,2,1,44,15,29
LLANO COUNTY,299,31 Years,158,77,81,126,61,65,1,0,1,0,0,0,2,1,1,29,15,14
LLANO COUNTY,299,32 Years,161,92,69,123,63,60,0,0,0,0,0,0,2,1,1,36,28,8
LLANO COUNTY,299,33 Years,167,98,69,137,77,60,1,1,0,1,0,1,1,1,0,27,19,8
LLANO COUNTY,299,34 Years,156,84,72,131,68,63,1,1,0,0,0,0,2,2,0,22,13,9
LLANO COUNTY,299,35 Years,169,91,78,141,74,67,2,1,1,1,1,0,5,2,3,20,13,7
LLANO COUNTY,299,36 Years,162,78,84,136,64,72,2,1,1,0,0,0,2,1,1,22,12,10
LLANO COUNTY,299,37 Years,180,78,102,137,60,77,2,2,0,3,2,1,1,1,0,37,13,24
LLANO COUNTY,299,38 Years,186,92,94,153,74,79,3,3,0,1,0,1,5,4,1,24,11,13
LLANO COUNTY,299,39 Years,171,85,86,141,73,68,3,3,0,2,0,2,3,1,2,22,8,14
LLANO COUNTY,299,40 Years,174,82,92,145,71,74,1,1,0,2,0,2,1,0,1,25,10,15
LLANO COUNTY,299,41 Years,158,73,85,134,64,70,2,0,2,1,0,1,3,0,3,18,9,9
LLANO COUNTY,299,42 Years,177,85,92,153,73,80,2,0,2,0,0,0,4,0,4,18,12,6
LLANO COUNTY,299,43 Years,183,80,103,156,69,87,2,1,1,1,0,1,3,0,3,21,10,11
LLANO COUNTY,299,44 Years,195,98,97,169,86,83,2,1,1,3,0,3,1,1,0,20,10,10
LLANO COUNTY,299,45 Years,178,90,88,159,81,78,1,0,1,3,1,2,1,0,1,14,8,6
LLANO COUNTY,299,46 Years,166,78,88,146,68,78,1,1,0,3,2,1,0,0,0,16,7,9
LLANO COUNTY,299,47 Years,193,90,103,170,79,91,3,1,2,1,1,0,3,2,1,16,7,9
LLANO COUNTY,299,48 Years,248,124,124,220,108,112,0,0,0,2,2,0,1,1,0,25,13,12
LLANO COUNTY,299,49 Years,250,131,119,215,119,96,0,0,0,3,2,1,2,2,0,30,8,22
LLANO COUNTY,299,50 Years,238,114,124,214,103,111,0,0,0,2,1,1,3,2,1,19,8,11
LLANO COUNTY,299,51 Years,206,98,108,183,86,97,0,0,0,2,1,1,4,1,3,17,10,7
LLANO COUNTY,299,52 Years,227,104,123,190,93,97,0,0,0,2,0,2,5,1,4,30,10,20
LLANO COUNTY,299,53 Years,260,132,128,229,118,111,0,0,0,0,0,0,6,2,4,25,12,13
LLANO COUNTY,299,54 Years,263,124,139,227,105,122,2,2,0,0,0,0,10,4,6,24,13,11
LLANO COUNTY,299,55 Years,298,139,159,254,122,132,3,3,0,2,0,2,7,3,4,32,11,21
LLANO COUNTY,299,56 Years,331,169,162,300,155,145,1,1,0,2,0,2,4,3,1,24,10,14
LLANO COUNTY,299,57 Years,324,162,162,298,148,150,1,1,0,2,2,0,1,1,0,22,10,12
LLANO COUNTY,299,58 Years,371,167,204,336,156,180,1,0,1,0,0,0,3,1,2,31,10,21
LLANO COUNTY,299,59 Years,383,160,223,341,141,200,2,1,1,0,0,0,6,4,2,34,14,20
LLANO COUNTY,299,60 Years,386,164,222,353,145,208,4,2,2,0,0,0,5,4,1,24,13,11
LLANO COUNTY,299,61 Years,394,179,215,358,163,195,4,2,2,0,0,0,6,4,2,26,10,16
LLANO COUNTY,299,62 Years,414,193,221,383,178,205,3,2,1,1,0,1,3,3,0,24,10,14
LLANO COUNTY,299,63 Years,419,186,233,392,175,217,2,2,0,0,0,0,4,2,2,21,7,14
LLANO COUNTY,299,64 Years,435,177,258,406,170,236,0,0,0,2,0,2,5,1,4,22,6,16
LLANO COUNTY,299,65 Years,428,191,237,403,179,224,0,0,0,2,1,1,5,2,3,18,9,9
LLANO COUNTY,299,66 Years,412,189,223,390,182,208,1,0,1,0,0,0,8,2,6,13,5,8
LLANO COUNTY,299,67 Years,413,189,224,393,179,214,1,0,1,2,1,1,5,2,3,12,7,5
LLANO COUNTY,299,68 Years,424,199,225,393,189,204,1,0,1,1,0,1,3,1,2,26,9,17
LLANO COUNTY,299,69 Years,439,190,249,422,185,237,0,0,0,1,0,1,5,1,4,11,4,7
LLANO COUNTY,299,70 Years,404,173,231,382,165,217,0,0,0,1,0,1,5,2,3,16,6,10
LLANO COUNTY,299,71 Years,420,202,218,397,192,205,0,0,0,3,1,2,6,3,3,14,6,8
LLANO COUNTY,299,72 Years,446,202,244,413,191,222,0,0,0,2,0,2,12,4,8,19,7,12
LLANO COUNTY,299,73 Years,378,179,199,349,170,179,2,0,2,0,0,0,7,3,4,20,6,14
LLANO COUNTY,299,74 Years,345,157,188,327,149,178,1,0,1,1,0,1,2,1,1,14,7,7
LLANO COUNTY,299,75 Years,367,173,194,348,166,182,1,1,0,0,0,0,2,1,1,16,5,11
LLANO COUNTY,299,76 Years,341,168,173,325,162,163,0,0,0,1,0,1,3,2,1,12,4,8
LLANO COUNTY,299,77 Years,319,165,154,310,162,148,0,0,0,1,0,1,1,0,1,7,3,4
LLANO COUNTY,299,78 Years,272,131,141,261,125,136,0,0,0,0,0,0,2,1,1,9,5,4
LLANO COUNTY,299,79 Years,239,116,123,227,110,117,0,0,0,2,0,2,2,2,0,8,4,4
LLANO COUNTY,299,80 Years,216,107,109,204,102,102,0,0,0,2,0,2,2,1,1,8,4,4
LLANO COUNTY,299,81 Years,227,109,118,216,102,114,1,1,0,0,0,0,2,2,0,8,4,4
LLANO COUNTY,299,82 Years,203,98,105,191,93,98,2,2,0,1,0,1,2,1,1,7,2,5
LLANO COUNTY,299,83 Years,176,85,91,168,83,85,1,1,0,0,0,0,1,0,1,6,1,5
LLANO COUNTY,299,84 Years,161,84,77,149,77,72,2,2,0,0,0,0,2,1,1,8,4,4
LLANO COUNTY,299,85 Years,142,67,75,131,62,69,2,1,1,0,0,0,2,1,1,7,3,4
LLANO COUNTY,299,86 Years,121,51,70,115,50,65,2,1,1,0,0,0,1,0,1,3,0,3
LLANO COUNTY,299,87 Years,123,54,69,116,53,63,0,0,0,1,0,1,2,1,1,4,0,4
LLANO COUNTY,299,88 Years,100,43,57,95,40,55,0,0,0,0,0,0,1,0,1,4,3,1
LLANO COUNTY,299,89 Years,88,38,50,84,36,48,1,0,1,1,0,1,0,0,0,2,2,0
LLANO COUNTY,299,90 Years,74,31,43,65,28,37,0,0,0,1,0,1,1,0,1,7,3,4
LLANO COUNTY,299,91 Years,60,24,36,54,21,33,0,0,0,0,0,0,1,0,1,5,3,2
LLANO COUNTY,299,92 Years,50,20,30,47,18,29,0,0,0,0,0,0,1,0,1,2,2,0
LLANO COUNTY,299,93 Years,39,14,25,36,13,23,0,0,0,1,0,1,0,0,0,2,1,1
LLANO COUNTY,299,94 Years,31,11,20,28,10,18,0,0,0,0,0,0,1,0,1,2,1,1
LLANO COUNTY,299,95 Years +,65,17,48,56,15,41,1,1,0,0,0,0,2,0,2,6,1,5
LOVING COUNTY,301,All Ages,96,61,35,69,46,23,0,0,0,0,0,0,5,4,1,22,11,11
LOVING COUNTY,301,< 1 Year,0,0,0,0,0,0,0,0,0,0,0,0,0,0,0,0,0,0
LOVING COUNTY,301,1 Years,0,0,0,0,0,0,0,0,0,0,0,0,0,0,0,0,0,0
LOVING COUNTY,301,2 Years,3,3,0,3,3,0,0,0,0,0,0,0,0,0,0,0,0,0
LOVING COUNTY,301,3 Years,4,4,0,4,4,0,0,0,0,0,0,0,0,0,0,0,0,0
LOVING COUNTY,301,4 Years,0,0,0,0,0,0,0,0,0,0,0,0,0,0,0,0,0,0
LOVING COUNTY,301,5 Years,0,0,0,0,0,0,0,0,0,0,0,0,0,0,0,0,0,0
LOVING COUNTY,301,6 Years,0,0,0,0,0,0,0,0,0,0,0,0,0,0,0,0,0,0
LOVING COUNTY,301,7 Years,0,0,0,0,0,0,0,0,0,0,0,0,0,0,0,0,0,0
LOVING COUNTY,301,8 Years,0,0,0,0,0,0,0,0,0,0,0,0,0,0,0,0,0,0
LOVING COUNTY,301,9 Years,3,3,0,0,0,0,0,0,0,0,0,0,0,0,0,3,3,0
LOVING COUNTY,301,10 Years,1,1,0,0,0,0,0,0,0,0,0,0,0,0,0,1,1,0
LOVING COUNTY,301,11 Years,1,1,0,1,1,0,0,0,0,0,0,0,0,0,0,0,0,0
LOVING COUNTY,301,12 Years,0,0,0,0,0,0,0,0,0,0,0,0,0,0,0,0,0,0
LOVING COUNTY,301,13 Years,1,0,1,1,0,1,0,0,0,0,0,0,0,0,0,0,0,0
LOVING COUNTY,301,14 Years,0,0,0,0,0,0,0,0,0,0,0,0,0,0,0,0,0,0
LOVING COUNTY,301,15 Years,0,0,0,0,0,0,0,0,0,0,0,0,0,0,0,0,0,0
LOVING COUNTY,301,16 Years,0,0,0,0,0,0,0,0,0,0,0,0,0,0,0,0,0,0
LOVING COUNTY,301,17 Years,1,1,0,1,1,0,0,0,0,0,0,0,0,0,0,0,0,0
LOVING COUNTY,301,18 Years,1,0,1,1,0,1,0,0,0,0,0,0,0,0,0,0,0,0
LOVING COUNTY,301,19 Years,0,0,0,0,0,0,0,0,0,0,0,0,0,0,0,0,0,0
LOVING COUNTY,301,20 Years,1,0,1,0,0,0,0,0,0,0,0,0,0,0,0,1,0,1
LOVING COUNTY,301,21 Years,0,0,0,0,0,0,0,0,0,0,0,0,0,0,0,0,0,0
LOVING COUNTY,301,22 Years,1,1,0,0,0,0,0,0,0,0,0,0,0,0,0,1,1,0
LOVING COUNTY,301,23 Years,0,0,0,0,0,0,0,0,0,0,0,0,0,0,0,0,0,0
LOVING COUNTY,301,24 Years,0,0,0,0,0,0,0,0,0,0,0,0,0,0,0,0,0,0
LOVING COUNTY,301,25 Years,2,0,2,1,0,1,0,0,0,0,0,0,0,0,0,1,0,1
LOVING COUNTY,301,26 Years,0,0,0,0,0,0,0,0,0,0,0,0,0,0,0,0,0,0
LOVING COUNTY,301,27 Years,0,0,0,0,0,0,0,0,0,0,0,0,0,0,0,0,0,0
LOVING COUNTY,301,28 Years,1,1,0,1,1,0,0,0,0,0,0,0,0,0,0,0,0,0
LOVING COUNTY,301,29 Years,0,0,0,0,0,0,0,0,0,0,0,0,0,0,0,0,0,0
LOVING COUNTY,301,30 Years,1,0,1,1,0,1,0,0,0,0,0,0,0,0,0,0,0,0
LOVING COUNTY,301,31 Years,3,2,1,0,0,0,0,0,0,0,0,0,1,1,0,2,1,1
LOVING COUNTY,301,32 Years,5,4,1,3,3,0,0,0,0,0,0,0,1,1,0,1,0,1
LOVING COUNTY,301,33 Years,1,0,1,0,0,0,0,0,0,0,0,0,0,0,0,1,0,1
LOVING COUNTY,301,34 Years,1,0,1,0,0,0,0,0,0,0,0,0,0,0,0,1,0,1
LOVING COUNTY,301,35 Years,0,0,0,0,0,0,0,0,0,0,0,0,0,0,0,0,0,0
LOVING COUNTY,301,36 Years,0,0,0,0,0,0,0,0,0,0,0,0,0,0,0,0,0,0
LOVING COUNTY,301,37 Years,2,1,1,1,0,1,0,0,0,0,0,0,0,0,0,1,1,0
LOVING COUNTY,301,38 Years,0,0,0,0,0,0,0,0,0,0,0,0,0,0,0,0,0,0
LOVING COUNTY,301,39 Years,1,0,1,1,0,1,0,0,0,0,0,0,0,0,0,0,0,0
LOVING COUNTY,301,40 Years,0,0,0,0,0,0,0,0,0,0,0,0,0,0,0,0,0,0
LOVING COUNTY,301,41 Years,0,0,0,0,0,0,0,0,0,0,0,0,0,0,0,0,0,0
LOVING COUNTY,301,42 Years,0,0,0,0,0,0,0,0,0,0,0,0,0,0,0,0,0,0
LOVING COUNTY,301,43 Years,1,1,0,1,1,0,0,0,0,0,0,0,0,0,0,0,0,0
LOVING COUNTY,301,44 Years,0,0,0,0,0,0,0,0,0,0,0,0,0,0,0,0,0,0
LOVING COUNTY,301,45 Years,0,0,0,0,0,0,0,0,0,0,0,0,0,0,0,0,0,0
LOVING COUNTY,301,46 Years,1,0,1,0,0,0,0,0,0,0,0,0,0,0,0,1,0,1
LOVING COUNTY,301,47 Years,0,0,0,0,0,0,0,0,0,0,0,0,0,0,0,0,0,0
LOVING COUNTY,301,48 Years,0,0,0,0,0,0,0,0,0,0,0,0,0,0,0,0,0,0
LOVING COUNTY,301,49 Years,0,0,0,0,0,0,0,0,0,0,0,0,0,0,0,0,0,0
LOVING COUNTY,301,50 Years,0,0,0,0,0,0,0,0,0,0,0,0,0,0,0,0,0,0
LOVING COUNTY,301,51 Years,4,2,2,3,1,2,0,0,0,0,0,0,0,0,0,1,1,0
LOVING COUNTY,301,52 Years,3,1,2,2,1,1,0,0,0,0,0,0,1,0,1,0,0,0
LOVING COUNTY,301,53 Years,1,0,1,1,0,1,0,0,0,0,0,0,0,0,0,0,0,0
LOVING COUNTY,301,54 Years,2,1,1,0,0,0,0,0,0,0,0,0,0,0,0,2,1,1
LOVING COUNTY,301,55 Years,1,0,1,0,0,0,0,0,0,0,0,0,0,0,0,1,0,1
LOVING COUNTY,301,56 Years,2,1,1,1,1,0,0,0,0,0,0,0,0,0,0,1,0,1
LOVING COUNTY,301,57 Years,1,1,0,1,1,0,0,0,0,0,0,0,0,0,0,0,0,0
LOVING COUNTY,301,58 Years,0,0,0,0,0,0,0,0,0,0,0,0,0,0,0,0,0,0
LOVING COUNTY,301,59 Years,0,0,0,0,0,0,0,0,0,0,0,0,0,0,0,0,0,0
LOVING COUNTY,301,60 Years,1,1,0,1,1,0,0,0,0,0,0,0,0,0,0,0,0,0
LOVING COUNTY,301,61 Years,2,1,1,2,1,1,0,0,0,0,0,0,0,0,0,0,0,0
LOVING COUNTY,301,62 Years,3,2,1,3,2,1,0,0,0,0,0,0,0,0,0,0,0,0
LOVING COUNTY,301,63 Years,3,2,1,2,1,1,0,0,0,0,0,0,0,0,0,1,1,0
LOVING COUNTY,301,64 Years,3,2,1,2,1,1,0,0,0,0,0,0,0,0,0,1,1,0
LOVING COUNTY,301,65 Years,4,3,1,4,3,1,0,0,0,0,0,0,0,0,0,0,0,0
LOVING COUNTY,301,66 Years,3,2,1,3,2,1,0,0,0,0,0,0,0,0,0,0,0,0
LOVING COUNTY,301,67 Years,2,1,1,2,1,1,0,0,0,0,0,0,0,0,0,0,0,0
LOVING COUNTY,301,68 Years,3,1,2,3,1,2,0,0,0,0,0,0,0,0,0,0,0,0
LOVING COUNTY,301,69 Years,1,1,0,1,1,0,0,0,0,0,0,0,0,0,0,0,0,0
LOVING COUNTY,301,70 Years,1,1,0,1,1,0,0,0,0,0,0,0,0,0,0,0,0,0
LOVING COUNTY,301,71 Years,0,0,0,0,0,0,0,0,0,0,0,0,0,0,0,0,0,0
LOVING COUNTY,301,72 Years,5,3,2,4,2,2,0,0,0,0,0,0,1,1,0,0,0,0
LOVING COUNTY,301,73 Years,2,2,0,2,2,0,0,0,0,0,0,0,0,0,0,0,0,0
LOVING COUNTY,301,74 Years,0,0,0,0,0,0,0,0,0,0,0,0,0,0,0,0,0,0
LOVING COUNTY,301,75 Years,0,0,0,0,0,0,0,0,0,0,0,0,0,0,0,0,0,0
LOVING COUNTY,301,76 Years,2,0,2,1,0,1,0,0,0,0,0,0,0,0,0,1,0,1
LOVING COUNTY,301,77 Years,2,2,0,2,2,0,0,0,0,0,0,0,0,0,0,0,0,0
LOVING COUNTY,301,78 Years,2,2,0,1,1,0,0,0,0,0,0,0,1,1,0,0,0,0
LOVING COUNTY,301,79 Years,1,1,0,1,1,0,0,0,0,0,0,0,0,0,0,0,0,0
LOVING COUNTY,301,80 Years,0,0,0,0,0,0,0,0,0,0,0,0,0,0,0,0,0,0
LOVING COUNTY,301,81 Years,0,0,0,0,0,0,0,0,0,0,0,0,0,0,0,0,0,0
LOVING COUNTY,301,82 Years,1,1,0,1,1,0,0,0,0,0,0,0,0,0,0,0,0,0
LOVING COUNTY,301,83 Years,1,1,0,1,1,0,0,0,0,0,0,0,0,0,0,0,0,0
LOVING COUNTY,301,84 Years,0,0,0,0,0,0,0,0,0,0,0,0,0,0,0,0,0,0
LOVING COUNTY,301,85 Years,1,1,0,1,1,0,0,0,0,0,0,0,0,0,0,0,0,0
LOVING COUNTY,301,86 Years,0,0,0,0,0,0,0,0,0,0,0,0,0,0,0,0,0,0
LOVING COUNTY,301,87 Years,0,0,0,0,0,0,0,0,0,0,0,0,0,0,0,0,0,0
LOVING COUNTY,301,88 Years,1,0,1,1,0,1,0,0,0,0,0,0,0,0,0,0,0,0
LOVING COUNTY,301,89 Years,0,0,0,0,0,0,0,0,0,0,0,0,0,0,0,0,0,0
LOVING COUNTY,301,90 Years,0,0,0,0,0,0,0,0,0,0,0,0,0,0,0,0,0,0
LOVING COUNTY,301,91 Years,1,1,0,1,1,0,0,0,0,0,0,0,0,0,0,0,0,0
LOVING COUNTY,301,92 Years,1,1,0,1,1,0,0,0,0,0,0,0,0,0,0,0,0,0
LOVING COUNTY,301,93 Years,0,0,0,0,0,0,0,0,0,0,0,0,0,0,0,0,0,0
LOVING COUNTY,301,94 Years,0,0,0,0,0,0,0,0,0,0,0,0,0,0,0,0,0,0
LOVING COUNTY,301,95 Years +,0,0,0,0,0,0,0,0,0,0,0,0,0,0,0,0,0,0
LUBBOCK COUNTY,303,All Ages,308880,152879,156001,161453,79218,82235,22288,11108,11180,7011,3810,3201,5826,2977,2849,112302,55766,56536
LUBBOCK COUNTY,303,< 1 Year,3832,1981,1851,1520,793,727,347,176,171,39,19,20,115,56,59,1811,937,874
LUBBOCK COUNTY,303,1 Years,3879,1996,1883,1538,802,736,351,176,175,48,23,25,120,58,62,1822,937,885
LUBBOCK COUNTY,303,2 Years,3958,2008,1950,1596,820,776,350,178,172,55,27,28,126,60,66,1831,923,908
LUBBOCK COUNTY,303,3 Years,4059,2052,2007,1658,841,817,365,184,181,66,33,33,128,60,68,1842,934,908
LUBBOCK COUNTY,303,4 Years,4155,2095,2060,1711,860,851,375,189,186,70,37,33,129,61,68,1870,948,922
LUBBOCK COUNTY,303,5 Years,4133,2094,2039,1706,840,866,386,195,191,73,40,33,130,64,66,1838,955,883
LUBBOCK COUNTY,303,6 Years,4089,2071,2018,1692,859,833,380,195,185,70,38,32,129,69,60,1818,910,908
LUBBOCK COUNTY,303,7 Years,3988,2034,1954,1670,857,813,362,185,177,68,37,31,123,65,58,1765,890,875
LUBBOCK COUNTY,303,8 Years,3985,2025,1960,1644,854,790,346,180,166,59,32,27,114,58,56,1822,901,921
LUBBOCK COUNTY,303,9 Years,3989,2038,1951,1613,837,776,345,175,170,60,35,25,109,60,49,1862,931,931
LUBBOCK COUNTY,303,10 Years,4200,2135,2065,1660,850,810,373,174,199,60,33,27,124,65,59,1983,1013,970
LUBBOCK COUNTY,303,11 Years,4279,2170,2109,1660,847,813,361,171,190,73,40,33,124,73,51,2061,1039,1022
LUBBOCK COUNTY,303,12 Years,4259,2166,2093,1643,834,809,357,171,186,79,45,34,119,63,56,2061,1053,1008
LUBBOCK COUNTY,303,13 Years,3991,2029,1962,1499,788,711,343,168,175,81,45,36,108,50,58,1960,978,982
LUBBOCK COUNTY,303,14 Years,4064,2087,1977,1566,817,749,360,187,173,86,46,40,98,48,50,1954,989,965
LUBBOCK COUNTY,303,15 Years,4121,2079,2042,1628,837,791,351,177,174,85,45,40,106,57,49,1951,963,988
LUBBOCK COUNTY,303,16 Years,4070,2128,1942,1605,841,764,363,177,186,73,47,26,97,58,39,1932,1005,927
LUBBOCK COUNTY,303,17 Years,4353,2199,2154,1702,842,860,368,182,186,125,89,36,81,47,34,2077,1039,1038
LUBBOCK COUNTY,303,18 Years,6121,2992,3129,2854,1305,1549,499,253,246,205,143,62,133,68,65,2430,1223,1207
LUBBOCK COUNTY,303,19 Years,8539,4301,4238,4770,2401,2369,542,279,263,242,158,84,196,96,100,2789,1367,1422
LUBBOCK COUNTY,303,20 Years,8277,4260,4017,4721,2434,2287,509,252,257,248,138,110,157,101,56,2642,1335,1307
LUBBOCK COUNTY,303,21 Years,8070,4212,3858,4533,2367,2166,525,282,243,273,177,96,124,67,57,2615,1319,1296
LUBBOCK COUNTY,303,22 Years,7539,3984,3555,4216,2245,1971,461,251,210,278,155,123,139,74,65,2445,1259,1186
LUBBOCK COUNTY,303,23 Years,6478,3388,3090,3385,1789,1596,416,228,188,231,129,102,124,66,58,2322,1176,1146
LUBBOCK COUNTY,303,24 Years,5859,2947,2912,2950,1479,1471,381,181,200,246,134,112,102,53,49,2180,1100,1080
LUBBOCK COUNTY,303,25 Years,5562,2907,2655,2660,1373,1287,446,242,204,222,131,91,101,55,46,2133,1106,1027
LUBBOCK COUNTY,303,26 Years,4929,2603,2326,2255,1201,1054,413,231,182,140,80,60,103,56,47,2018,1035,983
LUBBOCK COUNTY,303,27 Years,4706,2380,2326,2215,1129,1086,388,208,180,102,42,60,103,55,48,1898,946,952
LUBBOCK COUNTY,303,28 Years,4730,2361,2369,2261,1090,1171,408,209,199,89,50,39,96,55,41,1876,957,919
LUBBOCK COUNTY,303,29 Years,4573,2292,2281,2187,1037,1150,374,200,174,84,54,30,90,59,31,1838,942,896
LUBBOCK COUNTY,303,30 Years,4076,2082,1994,1878,934,944,342,194,148,60,36,24,115,67,48,1681,851,830
LUBBOCK COUNTY,303,31 Years,3985,2041,1944,1803,927,876,307,165,142,95,50,45,100,47,53,1680,852,828
LUBBOCK COUNTY,303,32 Years,4062,2043,2019,1887,951,936,296,162,134,110,71,39,107,51,56,1662,808,854
LUBBOCK COUNTY,303,33 Years,4219,2106,2113,1972,944,1028,340,187,153,113,80,33,95,53,42,1699,842,857
LUBBOCK COUNTY,303,34 Years,4182,2130,2052,2008,1010,998,319,175,144,104,71,33,81,44,37,1670,830,840
LUBBOCK COUNTY,303,35 Years,4132,2137,1995,2066,1041,1025,321,183,138,102,71,31,66,41,25,1577,801,776
LUBBOCK COUNTY,303,36 Years,4173,2156,2017,2128,1087,1041,291,158,133,108,62,46,69,38,31,1577,811,766
LUBBOCK COUNTY,303,37 Years,3975,2030,1945,1966,1017,949,297,149,148,124,60,64,57,27,30,1531,777,754
LUBBOCK COUNTY,303,38 Years,3806,1897,1909,1862,952,910,272,130,142,97,45,52,59,27,32,1516,743,773
LUBBOCK COUNTY,303,39 Years,3933,1936,1997,1932,947,985,271,137,134,102,53,49,54,21,33,1574,778,796
LUBBOCK COUNTY,303,40 Years,3708,1847,1861,1871,939,932,241,128,113,100,46,54,66,28,38,1430,706,724
LUBBOCK COUNTY,303,41 Years,3514,1777,1737,1822,923,899,231,114,117,92,46,46,64,35,29,1305,659,646
LUBBOCK COUNTY,303,42 Years,3346,1664,1682,1719,879,840,210,105,105,96,43,53,59,27,32,1262,610,652
LUBBOCK COUNTY,303,43 Years,3239,1616,1623,1624,828,796,202,99,103,103,51,52,42,19,23,1268,619,649
LUBBOCK COUNTY,303,44 Years,3150,1531,1619,1633,796,837,208,104,104,96,46,50,40,19,21,1173,566,607
LUBBOCK COUNTY,303,45 Years,3006,1503,1503,1566,792,774,200,102,98,83,30,53,34,13,21,1123,566,557
LUBBOCK COUNTY,303,46 Years,2966,1451,1515,1513,776,737,199,98,101,103,37,66,39,15,24,1112,525,587
LUBBOCK COUNTY,303,47 Years,3082,1482,1600,1629,799,830,196,100,96,88,37,51,42,21,21,1127,525,602
LUBBOCK COUNTY,303,48 Years,3137,1515,1622,1682,823,859,202,101,101,90,40,50,43,25,18,1120,526,594
LUBBOCK COUNTY,303,49 Years,3039,1471,1568,1660,836,824,197,90,107,87,39,48,32,16,16,1063,490,573
LUBBOCK COUNTY,303,50 Years,2936,1422,1514,1577,783,794,177,80,97,95,48,47,30,14,16,1057,497,560
LUBBOCK COUNTY,303,51 Years,2864,1404,1460,1582,785,797,182,80,102,70,39,31,27,11,16,1003,489,514
LUBBOCK COUNTY,303,52 Years,2821,1383,1438,1536,759,777,199,94,105,52,24,28,32,12,20,1002,494,508
LUBBOCK COUNTY,303,53 Years,2892,1419,1473,1552,761,791,200,94,106,62,30,32,36,16,20,1042,518,524
LUBBOCK COUNTY,303,54 Years,3071,1495,1576,1652,802,850,231,108,123,61,33,28,43,16,27,1084,536,548
LUBBOCK COUNTY,303,55 Years,3208,1546,1662,1811,851,960,238,116,122,66,39,27,52,27,25,1041,513,528
LUBBOCK COUNTY,303,56 Years,3261,1554,1707,1869,883,986,233,106,127,71,42,29,45,24,21,1043,499,544
LUBBOCK COUNTY,303,57 Years,3214,1580,1634,1899,936,963,244,115,129,51,30,21,36,13,23,984,486,498
LUBBOCK COUNTY,303,58 Years,3233,1572,1661,1940,948,992,238,107,131,46,20,26,41,20,21,968,477,491
LUBBOCK COUNTY,303,59 Years,3281,1597,1684,1988,949,1039,221,106,115,58,28,30,39,19,20,975,495,480
LUBBOCK COUNTY,303,60 Years,3121,1529,1592,1905,917,988,218,107,111,51,30,21,38,21,17,909,454,455
LUBBOCK COUNTY,303,61 Years,3119,1495,1624,1965,945,1020,223,100,123,46,23,23,41,22,19,844,405,439
LUBBOCK COUNTY,303,62 Years,3098,1487,1611,1981,955,1026,192,92,100,47,24,23,45,23,22,833,393,440
LUBBOCK COUNTY,303,63 Years,2996,1430,1566,1915,909,1006,214,96,118,53,21,32,31,18,13,783,386,397
LUBBOCK COUNTY,303,64 Years,3013,1409,1604,1996,936,1060,183,73,110,45,21,24,34,14,20,755,365,390
LUBBOCK COUNTY,303,65 Years,2906,1351,1555,1919,904,1015,166,70,96,47,20,27,43,19,24,731,338,393
LUBBOCK COUNTY,303,66 Years,2744,1291,1453,1856,882,974,173,80,93,43,17,26,46,26,20,626,286,340
LUBBOCK COUNTY,303,67 Years,2669,1282,1387,1839,892,947,165,81,84,33,13,20,35,21,14,597,275,322
LUBBOCK COUNTY,303,68 Years,2547,1187,1360,1766,826,940,159,66,93,35,14,21,34,16,18,553,265,288
LUBBOCK COUNTY,303,69 Years,2390,1094,1296,1651,756,895,138,57,81,33,14,19,29,14,15,539,253,286
LUBBOCK COUNTY,303,70 Years,2297,1071,1226,1585,747,838,140,66,74,32,15,17,24,10,14,516,233,283
LUBBOCK COUNTY,303,71 Years,2234,1039,1195,1572,724,848,124,54,70,35,18,17,26,12,14,477,231,246
LUBBOCK COUNTY,303,72 Years,2175,1020,1155,1533,719,814,111,46,65,28,15,13,25,11,14,478,229,249
LUBBOCK COUNTY,303,73 Years,1830,839,991,1266,584,682,96,44,52,25,12,13,21,9,12,422,190,232
LUBBOCK COUNTY,303,74 Years,1770,814,956,1277,594,683,83,40,43,19,6,13,13,5,8,378,169,209
LUBBOCK COUNTY,303,75 Years,1650,756,894,1243,566,677,66,27,39,19,10,9,14,4,10,308,149,159
LUBBOCK COUNTY,303,76 Years,1602,725,877,1228,542,686,64,28,36,32,17,15,13,5,8,265,133,132
LUBBOCK COUNTY,303,77 Years,1452,640,812,1103,486,617,69,27,42,19,8,11,13,4,9,248,115,133
LUBBOCK COUNTY,303,78 Years,1328,553,775,1004,418,586,61,24,37,15,7,8,11,3,8,237,101,136
LUBBOCK COUNTY,303,79 Years,1216,516,700,925,391,534,62,26,36,21,6,15,11,3,8,197,90,107
LUBBOCK COUNTY,303,80 Years,1135,482,653,878,367,511,53,27,26,16,6,10,11,3,8,177,79,98
LUBBOCK COUNTY,303,81 Years,1100,446,654,831,334,497,45,20,25,10,5,5,12,4,8,202,83,119
LUBBOCK COUNTY,303,82 Years,1016,428,588,760,318,442,37,17,20,10,5,5,12,4,8,197,84,113
LUBBOCK COUNTY,303,83 Years,982,380,602,734,280,454,39,13,26,15,6,9,7,3,4,187,78,109
LUBBOCK COUNTY,303,84 Years,941,373,568,698,271,427,37,15,22,10,5,5,7,3,4,189,79,110
LUBBOCK COUNTY,303,85 Years,805,321,484,613,237,376,35,15,20,8,4,4,4,2,2,145,63,82
LUBBOCK COUNTY,303,86 Years,721,281,440,551,216,335,31,11,20,8,4,4,6,2,4,125,48,77
LUBBOCK COUNTY,303,87 Years,657,231,426,514,183,331,23,7,16,8,3,5,4,2,2,108,36,72
LUBBOCK COUNTY,303,88 Years,586,217,369,455,173,282,25,9,16,5,1,4,5,2,3,96,32,64
LUBBOCK COUNTY,303,89 Years,508,184,324,396,146,250,19,5,14,8,3,5,5,2,3,80,28,52
LUBBOCK COUNTY,303,90 Years,426,140,286,334,111,223,18,4,14,6,3,3,2,1,1,66,21,45
LUBBOCK COUNTY,303,91 Years,339,118,221,267,92,175,15,4,11,3,1,2,2,1,1,52,20,32
LUBBOCK COUNTY,303,92 Years,295,94,201,232,72,160,13,4,9,4,1,3,2,1,1,44,16,28
LUBBOCK COUNTY,303,93 Years,246,74,172,193,59,134,10,2,8,2,1,1,1,1,0,40,11,29
LUBBOCK COUNTY,303,94 Years,189,53,136,149,43,106,7,2,5,0,0,0,2,1,1,31,7,24
LUBBOCK COUNTY,303,95 Years +,479,128,351,374,96,278,24,6,18,5,2,3,4,2,2,72,22,50
LYNN COUNTY,305,All Ages,6151,3182,2969,2851,1427,1424,128,75,53,11,4,7,75,36,39,3086,1640,1446
LYNN COUNTY,305,< 1 Year,76,41,35,46,26,20,0,0,0,0,0,0,0,0,0,30,15,15
LYNN COUNTY,305,1 Years,79,40,39,41,22,19,2,2,0,0,0,0,0,0,0,36,16,20
LYNN COUNTY,305,2 Years,79,39,40,38,20,18,0,0,0,0,0,0,1,1,0,40,18,22
LYNN COUNTY,305,3 Years,81,38,43,36,16,20,0,0,0,0,0,0,2,1,1,43,21,22
LYNN COUNTY,305,4 Years,77,38,39,35,15,20,2,2,0,0,0,0,2,1,1,38,20,18
LYNN COUNTY,305,5 Years,75,36,39,33,14,19,1,1,0,0,0,0,0,0,0,41,21,20
LYNN COUNTY,305,6 Years,78,39,39,31,15,16,1,0,1,0,0,0,0,0,0,46,24,22
LYNN COUNTY,305,7 Years,84,43,41,32,17,15,1,1,0,0,0,0,1,0,1,50,25,25
LYNN COUNTY,305,8 Years,79,42,37,31,18,13,1,1,0,0,0,0,0,0,0,47,23,24
LYNN COUNTY,305,9 Years,81,37,44,32,17,15,1,0,1,0,0,0,0,0,0,48,20,28
LYNN COUNTY,305,10 Years,93,58,35,38,25,13,2,2,0,0,0,0,0,0,0,53,31,22
LYNN COUNTY,305,11 Years,94,53,41,38,21,17,1,1,0,0,0,0,2,0,2,53,31,22
LYNN COUNTY,305,12 Years,102,48,54,39,21,18,1,0,1,0,0,0,2,0,2,60,27,33
LYNN COUNTY,305,13 Years,82,43,39,31,18,13,1,1,0,0,0,0,1,1,0,49,23,26
LYNN COUNTY,305,14 Years,82,42,40,32,15,17,0,0,0,0,0,0,1,0,1,49,27,22
LYNN COUNTY,305,15 Years,89,50,39,33,19,14,3,3,0,1,0,1,0,0,0,52,28,24
LYNN COUNTY,305,16 Years,89,49,40,31,18,13,3,3,0,0,0,0,1,0,1,54,28,26
LYNN COUNTY,305,17 Years,79,39,40,28,13,15,1,1,0,0,0,0,5,5,0,45,20,25
LYNN COUNTY,305,18 Years,75,34,41,29,14,15,2,0,2,0,0,0,2,1,1,42,19,23
LYNN COUNTY,305,19 Years,67,40,27,25,13,12,0,0,0,0,0,0,2,1,1,40,26,14
LYNN COUNTY,305,20 Years,66,40,26,17,9,8,1,1,0,0,0,0,3,3,0,45,27,18
LYNN COUNTY,305,21 Years,69,35,34,19,7,12,1,1,0,0,0,0,5,4,1,44,23,21
LYNN COUNTY,305,22 Years,71,35,36,24,8,16,1,1,0,0,0,0,4,2,2,42,24,18
LYNN COUNTY,305,23 Years,64,27,37,20,5,15,2,1,1,0,0,0,4,2,2,38,19,19
LYNN COUNTY,305,24 Years,68,34,34,30,13,17,3,3,0,0,0,0,3,1,2,32,17,15
LYNN COUNTY,305,25 Years,81,44,37,36,19,17,2,2,0,1,1,0,1,0,1,41,22,19
LYNN COUNTY,305,26 Years,104,56,48,44,21,23,4,2,2,1,1,0,1,1,0,54,31,23
LYNN COUNTY,305,27 Years,103,57,46,47,26,21,2,1,1,0,0,0,0,0,0,54,30,24
LYNN COUNTY,305,28 Years,70,43,27,28,18,10,0,0,0,0,0,0,0,0,0,42,25,17
LYNN COUNTY,305,29 Years,84,52,32,34,23,11,1,1,0,0,0,0,3,2,1,46,26,20
LYNN COUNTY,305,30 Years,56,31,25,25,14,11,1,1,0,0,0,0,2,2,0,28,14,14
LYNN COUNTY,305,31 Years,57,28,29,18,6,12,3,1,2,0,0,0,0,0,0,36,21,15
LYNN COUNTY,305,32 Years,74,45,29,37,22,15,2,1,1,0,0,0,0,0,0,35,22,13
LYNN COUNTY,305,33 Years,77,43,34,34,19,15,1,0,1,0,0,0,2,1,1,40,23,17
LYNN COUNTY,305,34 Years,74,43,31,24,11,13,1,0,1,0,0,0,0,0,0,49,32,17
LYNN COUNTY,305,35 Years,84,49,35,40,21,19,1,1,0,0,0,0,0,0,0,43,27,16
LYNN COUNTY,305,36 Years,82,49,33,33,17,16,1,1,0,0,0,0,0,0,0,48,31,17
LYNN COUNTY,305,37 Years,81,45,36,28,14,14,1,0,1,0,0,0,0,0,0,52,31,21
LYNN COUNTY,305,38 Years,74,37,37,26,10,16,3,1,2,0,0,0,1,0,1,44,26,18
LYNN COUNTY,305,39 Years,66,38,28,27,13,14,1,1,0,0,0,0,1,1,0,37,23,14
LYNN COUNTY,305,40 Years,64,35,29,27,12,15,1,1,0,0,0,0,1,1,0,35,21,14
LYNN COUNTY,305,41 Years,74,39,35,37,17,20,1,0,1,0,0,0,1,0,1,35,22,13
LYNN COUNTY,305,42 Years,72,40,32,46,25,21,0,0,0,0,0,0,1,0,1,25,15,10
LYNN COUNTY,305,43 Years,68,38,30,36,21,15,0,0,0,0,0,0,1,0,1,31,17,14
LYNN COUNTY,305,44 Years,64,30,34,33,15,18,1,0,1,1,1,0,1,0,1,28,14,14
LYNN COUNTY,305,45 Years,71,30,41,41,17,24,0,0,0,1,0,1,3,1,2,26,12,14
LYNN COUNTY,305,46 Years,51,28,23,28,16,12,0,0,0,0,0,0,1,0,1,22,12,10
LYNN COUNTY,305,47 Years,54,29,25,29,16,13,1,1,0,0,0,0,0,0,0,24,12,12
LYNN COUNTY,305,48 Years,63,31,32,32,18,14,2,0,2,0,0,0,0,0,0,29,13,16
LYNN COUNTY,305,49 Years,72,35,37,41,22,19,1,1,0,0,0,0,0,0,0,30,12,18
LYNN COUNTY,305,50 Years,70,33,37,36,16,20,1,1,0,0,0,0,0,0,0,33,16,17
LYNN COUNTY,305,51 Years,69,37,32,32,17,15,2,0,2,0,0,0,1,1,0,34,19,15
LYNN COUNTY,305,52 Years,77,44,33,34,18,16,2,2,0,0,0,0,1,0,1,40,24,16
LYNN COUNTY,305,53 Years,80,45,35,37,20,17,2,1,1,1,0,1,0,0,0,40,24,16
LYNN COUNTY,305,54 Years,94,46,48,53,22,31,2,2,0,1,0,1,0,0,0,38,22,16
LYNN COUNTY,305,55 Years,93,39,54,50,20,30,2,2,0,1,0,1,2,0,2,38,17,21
LYNN COUNTY,305,56 Years,101,49,52,58,25,33,2,1,1,0,0,0,2,1,1,39,22,17
LYNN COUNTY,305,57 Years,98,52,46,52,26,26,2,1,1,1,1,0,0,0,0,43,24,19
LYNN COUNTY,305,58 Years,79,42,37,44,24,20,1,1,0,0,0,0,0,0,0,34,17,17
LYNN COUNTY,305,59 Years,86,43,43,44,21,23,0,0,0,0,0,0,0,0,0,42,22,20
LYNN COUNTY,305,60 Years,95,50,45,49,27,22,3,2,1,0,0,0,0,0,0,43,21,22
LYNN COUNTY,305,61 Years,81,45,36,45,29,16,2,1,1,0,0,0,0,0,0,34,15,19
LYNN COUNTY,305,62 Years,75,36,39,40,22,18,1,1,0,0,0,0,0,0,0,34,13,21
LYNN COUNTY,305,63 Years,68,37,31,37,23,14,3,2,1,0,0,0,0,0,0,28,12,16
LYNN COUNTY,305,64 Years,73,36,37,37,20,17,2,1,1,0,0,0,0,0,0,34,15,19
LYNN COUNTY,305,65 Years,69,32,37,37,15,22,2,1,1,0,0,0,0,0,0,30,16,14
LYNN COUNTY,305,66 Years,60,27,33,29,12,17,3,1,2,0,0,0,0,0,0,28,14,14
LYNN COUNTY,305,67 Years,60,35,25,36,18,18,1,0,1,0,0,0,0,0,0,23,17,6
LYNN COUNTY,305,68 Years,64,34,30,33,16,17,0,0,0,0,0,0,0,0,0,31,18,13
LYNN COUNTY,305,69 Years,55,28,27,31,18,13,3,1,2,0,0,0,0,0,0,21,9,12
LYNN COUNTY,305,70 Years,60,31,29,31,18,13,2,1,1,0,0,0,1,0,1,26,12,14
LYNN COUNTY,305,71 Years,49,28,21,25,14,11,2,1,1,0,0,0,1,1,0,21,12,9
LYNN COUNTY,305,72 Years,48,26,22,24,11,13,3,2,1,0,0,0,0,0,0,21,13,8
LYNN COUNTY,305,73 Years,46,22,24,20,7,13,1,1,0,0,0,0,1,0,1,24,14,10
LYNN COUNTY,305,74 Years,47,24,23,22,9,13,1,0,1,0,0,0,1,0,1,23,15,8
LYNN COUNTY,305,75 Years,45,17,28,26,9,17,1,0,1,0,0,0,0,0,0,18,8,10
LYNN COUNTY,305,76 Years,46,22,24,22,9,13,1,1,0,0,0,0,0,0,0,23,12,11
LYNN COUNTY,305,77 Years,43,21,22,28,11,17,1,1,0,0,0,0,0,0,0,14,9,5
LYNN COUNTY,305,78 Years,43,18,25,27,10,17,2,1,1,0,0,0,0,0,0,14,7,7
LYNN COUNTY,305,79 Years,33,14,19,19,10,9,2,0,2,0,0,0,1,0,1,11,4,7
LYNN COUNTY,305,80 Years,41,24,17,26,18,8,0,0,0,0,0,0,2,0,2,13,6,7
LYNN COUNTY,305,81 Years,37,19,18,20,12,8,2,1,1,1,0,1,1,1,0,13,5,8
LYNN COUNTY,305,82 Years,37,14,23,19,9,10,0,0,0,1,0,1,0,0,0,17,5,12
LYNN COUNTY,305,83 Years,30,13,17,13,6,7,2,1,1,0,0,0,0,0,0,15,6,9
LYNN COUNTY,305,84 Years,30,13,17,15,5,10,0,0,0,0,0,0,0,0,0,15,8,7
LYNN COUNTY,305,85 Years,26,12,14,12,6,6,2,1,1,0,0,0,0,0,0,12,5,7
LYNN COUNTY,305,86 Years,21,10,11,9,5,4,1,0,1,0,0,0,0,0,0,11,5,6
LYNN COUNTY,305,87 Years,14,7,7,7,3,4,0,0,0,0,0,0,0,0,0,7,4,3
LYNN COUNTY,305,88 Years,12,7,5,6,2,4,0,0,0,0,0,0,0,0,0,6,5,1
LYNN COUNTY,305,89 Years,17,6,11,9,2,7,0,0,0,0,0,0,0,0,0,8,4,4
LYNN COUNTY,305,90 Years,19,7,12,11,3,8,0,0,0,0,0,0,0,0,0,8,4,4
LYNN COUNTY,305,91 Years,11,5,6,6,2,4,0,0,0,0,0,0,0,0,0,5,3,2
LYNN COUNTY,305,92 Years,12,3,9,6,1,5,1,0,1,0,0,0,0,0,0,5,2,3
LYNN COUNTY,305,93 Years,11,3,8,4,1,3,2,0,2,0,0,0,0,0,0,5,2,3
LYNN COUNTY,305,94 Years,9,4,5,3,1,2,1,0,1,0,0,0,0,0,0,5,3,2
LYNN COUNTY,305,95 Years +,18,7,11,7,2,5,3,2,1,0,0,0,0,0,0,8,3,5
MCCULLOCH COUNTY,307,All Ages,8323,4173,4150,5285,2607,2678,139,72,67,33,19,14,125,58,67,2741,1417,1324
MCCULLOCH COUNTY,307,< 1 Year,96,37,59,51,20,31,0,0,0,0,0,0,0,0,0,45,17,28
MCCULLOCH COUNTY,307,1 Years,97,40,57,52,22,30,2,1,1,0,0,0,5,2,3,38,15,23
MCCULLOCH COUNTY,307,2 Years,102,46,56,49,24,25,3,2,1,2,1,1,8,3,5,40,16,24
MCCULLOCH COUNTY,307,3 Years,101,47,54,51,25,26,3,2,1,2,1,1,7,3,4,38,16,22
MCCULLOCH COUNTY,307,4 Years,97,49,48,48,26,22,1,0,1,1,1,0,7,4,3,40,18,22
MCCULLOCH COUNTY,307,5 Years,94,51,43,48,28,20,0,0,0,0,0,0,4,3,1,42,20,22
MCCULLOCH COUNTY,307,6 Years,97,54,43,47,28,19,0,0,0,0,0,0,8,5,3,42,21,21
MCCULLOCH COUNTY,307,7 Years,108,56,52,51,28,23,0,0,0,1,0,1,8,3,5,48,25,23
MCCULLOCH COUNTY,307,8 Years,118,61,57,56,29,27,0,0,0,0,0,0,7,2,5,55,30,25
MCCULLOCH COUNTY,307,9 Years,109,60,49,55,29,26,0,0,0,0,0,0,3,1,2,51,30,21
MCCULLOCH COUNTY,307,10 Years,104,60,44,50,28,22,2,1,1,0,0,0,3,2,1,49,29,20
MCCULLOCH COUNTY,307,11 Years,95,53,42,41,20,21,2,1,1,1,1,0,1,1,0,50,30,20
MCCULLOCH COUNTY,307,12 Years,108,63,45,57,32,25,1,1,0,1,1,0,1,1,0,48,28,20
MCCULLOCH COUNTY,307,13 Years,108,62,46,55,31,24,1,1,0,0,0,0,2,0,2,50,30,20
MCCULLOCH COUNTY,307,14 Years,109,56,53,57,30,27,0,0,0,1,1,0,2,1,1,49,24,25
MCCULLOCH COUNTY,307,15 Years,105,56,49,53,29,24,2,1,1,0,0,0,0,0,0,50,26,24
MCCULLOCH COUNTY,307,16 Years,94,50,44,46,25,21,1,0,1,2,1,1,0,0,0,45,24,21
MCCULLOCH COUNTY,307,17 Years,106,66,40,52,32,20,3,2,1,0,0,0,1,1,0,50,31,19
MCCULLOCH COUNTY,307,18 Years,94,56,38,50,29,21,3,2,1,0,0,0,1,1,0,40,24,16
MCCULLOCH COUNTY,307,19 Years,82,48,34,45,27,18,2,1,1,0,0,0,0,0,0,35,20,15
MCCULLOCH COUNTY,307,20 Years,94,52,42,56,32,24,0,0,0,0,0,0,0,0,0,38,20,18
MCCULLOCH COUNTY,307,21 Years,98,51,47,54,29,25,4,1,3,0,0,0,2,0,2,38,21,17
MCCULLOCH COUNTY,307,22 Years,90,46,44,46,23,23,5,2,3,1,1,0,1,0,1,37,20,17
MCCULLOCH COUNTY,307,23 Years,95,47,48,54,25,29,4,2,2,1,0,1,1,0,1,35,20,15
MCCULLOCH COUNTY,307,24 Years,97,47,50,68,32,36,1,0,1,0,0,0,1,0,1,27,15,12
MCCULLOCH COUNTY,307,25 Years,119,57,62,81,37,44,0,0,0,1,1,0,0,0,0,37,19,18
MCCULLOCH COUNTY,307,26 Years,115,66,49,74,42,32,3,0,3,1,1,0,2,2,0,35,21,14
MCCULLOCH COUNTY,307,27 Years,101,61,40,61,35,26,1,0,1,1,1,0,1,1,0,37,24,13
MCCULLOCH COUNTY,307,28 Years,80,42,38,50,26,24,1,0,1,0,0,0,0,0,0,29,16,13
MCCULLOCH COUNTY,307,29 Years,93,48,45,53,27,26,0,0,0,0,0,0,0,0,0,40,21,19
MCCULLOCH COUNTY,307,30 Years,86,37,49,46,20,26,1,1,0,0,0,0,0,0,0,39,16,23
MCCULLOCH COUNTY,307,31 Years,95,49,46,46,24,22,3,3,0,1,0,1,0,0,0,45,22,23
MCCULLOCH COUNTY,307,32 Years,87,41,46,48,24,24,2,2,0,0,0,0,0,0,0,37,15,22
MCCULLOCH COUNTY,307,33 Years,89,44,45,44,22,22,1,1,0,1,1,0,0,0,0,43,20,23
MCCULLOCH COUNTY,307,34 Years,89,50,39,52,35,17,2,1,1,0,0,0,0,0,0,35,14,21
MCCULLOCH COUNTY,307,35 Years,84,51,33,54,31,23,1,1,0,0,0,0,1,0,1,28,19,9
MCCULLOCH COUNTY,307,36 Years,96,49,47,61,25,36,1,0,1,0,0,0,3,2,1,31,22,9
MCCULLOCH COUNTY,307,37 Years,92,50,42,57,27,30,1,0,1,0,0,0,1,1,0,33,22,11
MCCULLOCH COUNTY,307,38 Years,89,45,44,50,23,27,2,2,0,1,0,1,0,0,0,36,20,16
MCCULLOCH COUNTY,307,39 Years,81,41,40,49,25,24,1,1,0,0,0,0,0,0,0,31,15,16
MCCULLOCH COUNTY,307,40 Years,66,33,33,41,21,20,0,0,0,0,0,0,1,1,0,24,11,13
MCCULLOCH COUNTY,307,41 Years,82,47,35,57,31,26,0,0,0,1,1,0,1,1,0,23,14,9
MCCULLOCH COUNTY,307,42 Years,76,32,44,50,22,28,2,0,2,0,0,0,1,0,1,23,10,13
MCCULLOCH COUNTY,307,43 Years,78,40,38,45,19,26,3,2,1,1,1,0,0,0,0,29,18,11
MCCULLOCH COUNTY,307,44 Years,96,54,42,59,27,32,2,1,1,1,1,0,0,0,0,34,25,9
MCCULLOCH COUNTY,307,45 Years,90,45,45,53,22,31,1,0,1,1,1,0,0,0,0,35,22,13
MCCULLOCH COUNTY,307,46 Years,73,36,37,43,19,24,1,1,0,0,0,0,0,0,0,29,16,13
MCCULLOCH COUNTY,307,47 Years,79,46,33,51,30,21,1,0,1,0,0,0,1,1,0,26,15,11
MCCULLOCH COUNTY,307,48 Years,102,51,51,70,37,33,1,0,1,0,0,0,0,0,0,31,14,17
MCCULLOCH COUNTY,307,49 Years,90,47,43,60,33,27,2,1,1,0,0,0,2,0,2,26,13,13
MCCULLOCH COUNTY,307,50 Years,97,48,49,67,38,29,1,1,0,0,0,0,0,0,0,29,9,20
MCCULLOCH COUNTY,307,51 Years,89,35,54,51,23,28,0,0,0,1,0,1,0,0,0,37,12,25
MCCULLOCH COUNTY,307,52 Years,88,38,50,56,26,30,1,0,1,1,0,1,1,0,1,29,12,17
MCCULLOCH COUNTY,307,53 Years,99,44,55,62,30,32,1,0,1,1,0,1,2,1,1,33,13,20
MCCULLOCH COUNTY,307,54 Years,99,58,41,66,39,27,1,0,1,0,0,0,2,1,1,30,18,12
MCCULLOCH COUNTY,307,55 Years,87,46,41,58,30,28,2,1,1,1,1,0,1,0,1,25,14,11
MCCULLOCH COUNTY,307,56 Years,112,53,59,76,36,40,1,1,0,0,0,0,1,0,1,34,16,18
MCCULLOCH COUNTY,307,57 Years,106,51,55,68,34,34,1,1,0,0,0,0,0,0,0,37,16,21
MCCULLOCH COUNTY,307,58 Years,105,53,52,73,35,38,0,0,0,1,1,0,1,1,0,30,16,14
MCCULLOCH COUNTY,307,59 Years,92,46,46,69,30,39,1,1,0,0,0,0,0,0,0,22,15,7
MCCULLOCH COUNTY,307,60 Years,108,49,59,73,30,43,2,0,2,0,0,0,1,0,1,32,19,13
MCCULLOCH COUNTY,307,61 Years,121,57,64,86,37,49,2,1,1,0,0,0,1,0,1,32,19,13
MCCULLOCH COUNTY,307,62 Years,118,58,60,88,43,45,3,1,2,0,0,0,1,0,1,26,14,12
MCCULLOCH COUNTY,307,63 Years,125,57,68,89,37,52,4,3,1,0,0,0,2,1,1,30,16,14
MCCULLOCH COUNTY,307,64 Years,127,59,68,93,41,52,4,1,3,2,1,1,1,1,0,27,15,12
MCCULLOCH COUNTY,307,65 Years,118,61,57,83,43,40,3,1,2,0,0,0,2,2,0,30,15,15
MCCULLOCH COUNTY,307,66 Years,125,59,66,92,44,48,2,1,1,0,0,0,2,0,2,29,14,15
MCCULLOCH COUNTY,307,67 Years,101,47,54,80,34,46,2,2,0,0,0,0,0,0,0,19,11,8
MCCULLOCH COUNTY,307,68 Years,108,57,51,81,40,41,4,3,1,1,0,1,1,1,0,21,13,8
MCCULLOCH COUNTY,307,69 Years,100,53,47,75,38,37,3,2,1,0,0,0,2,2,0,20,11,9
MCCULLOCH COUNTY,307,70 Years,111,53,58,85,40,45,1,1,0,0,0,0,2,1,1,23,11,12
MCCULLOCH COUNTY,307,71 Years,119,58,61,92,45,47,2,2,0,0,0,0,2,0,2,23,11,12
MCCULLOCH COUNTY,307,72 Years,125,59,66,100,47,53,2,1,1,0,0,0,0,0,0,23,11,12
MCCULLOCH COUNTY,307,73 Years,104,48,56,85,42,43,0,0,0,0,0,0,0,0,0,19,6,13
MCCULLOCH COUNTY,307,74 Years,98,44,54,80,37,43,0,0,0,0,0,0,0,0,0,18,7,11
MCCULLOCH COUNTY,307,75 Years,89,46,43,72,38,34,0,0,0,0,0,0,0,0,0,17,8,9
MCCULLOCH COUNTY,307,76 Years,96,45,51,78,39,39,2,1,1,1,0,1,1,0,1,14,5,9
MCCULLOCH COUNTY,307,77 Years,75,39,36,62,33,29,1,1,0,0,0,0,1,0,1,11,5,6
MCCULLOCH COUNTY,307,78 Years,67,35,32,53,28,25,3,2,1,0,0,0,1,1,0,10,4,6
MCCULLOCH COUNTY,307,79 Years,62,34,28,50,27,23,2,1,1,0,0,0,1,1,0,9,5,4
MCCULLOCH COUNTY,307,80 Years,52,24,28,42,20,22,1,0,1,1,0,1,0,0,0,8,4,4
MCCULLOCH COUNTY,307,81 Years,49,24,25,39,18,21,0,0,0,0,0,0,1,1,0,9,5,4
MCCULLOCH COUNTY,307,82 Years,53,25,28,40,19,21,0,0,0,0,0,0,2,1,1,11,5,6
MCCULLOCH COUNTY,307,83 Years,47,21,26,36,17,19,1,0,1,0,0,0,1,0,1,9,4,5
MCCULLOCH COUNTY,307,84 Years,44,16,28,36,12,24,0,0,0,0,0,0,0,0,0,8,4,4
MCCULLOCH COUNTY,307,85 Years,38,16,22,31,13,18,0,0,0,0,0,0,1,0,1,6,3,3
MCCULLOCH COUNTY,307,86 Years,33,13,20,24,10,14,1,1,0,0,0,0,1,0,1,7,2,5
MCCULLOCH COUNTY,307,87 Years,33,14,19,22,9,13,1,1,0,0,0,0,1,1,0,9,3,6
MCCULLOCH COUNTY,307,88 Years,29,10,19,24,9,15,0,0,0,0,0,0,0,0,0,5,1,4
MCCULLOCH COUNTY,307,89 Years,30,9,21,24,7,17,1,0,1,0,0,0,0,0,0,5,2,3
MCCULLOCH COUNTY,307,90 Years,21,6,15,16,3,13,2,1,1,0,0,0,0,0,0,3,2,1
MCCULLOCH COUNTY,307,91 Years,21,7,14,16,6,10,1,0,1,0,0,0,0,0,0,4,1,3
MCCULLOCH COUNTY,307,92 Years,21,7,14,13,5,8,2,0,2,0,0,0,1,0,1,5,2,3
MCCULLOCH COUNTY,307,93 Years,16,4,12,9,2,7,2,1,1,0,0,0,1,0,1,4,1,3
MCCULLOCH COUNTY,307,94 Years,14,4,10,8,2,6,2,1,1,0,0,0,0,0,0,4,1,3
MCCULLOCH COUNTY,307,95 Years +,25,7,18,15,4,11,1,1,0,0,0,0,0,0,0,9,2,7
MCLENNAN COUNTY,309,All Ages,255400,125162,130238,139659,68156,71503,36925,17463,19462,4237,2100,2137,5798,2777,3021,68781,34666,34115
MCLENNAN COUNTY,309,< 1 Year,3516,1818,1698,1383,718,665,658,346,312,27,12,15,179,81,98,1269,661,608
MCLENNAN COUNTY,309,1 Years,3490,1797,1693,1362,698,664,643,330,313,29,13,16,175,85,90,1281,671,610
MCLENNAN COUNTY,309,2 Years,3524,1784,1740,1374,708,666,650,329,321,33,15,18,154,68,86,1313,664,649
MCLENNAN COUNTY,309,3 Years,3557,1788,1769,1387,709,678,645,317,328,38,17,21,157,77,80,1330,668,662
MCLENNAN COUNTY,309,4 Years,3633,1842,1791,1430,730,700,631,313,318,50,27,23,168,84,84,1354,688,666
MCLENNAN COUNTY,309,5 Years,3687,1884,1803,1454,741,713,633,314,319,55,31,24,186,97,89,1359,701,658
MCLENNAN COUNTY,309,6 Years,3645,1868,1777,1446,737,709,635,319,316,59,35,24,178,90,88,1327,687,640
MCLENNAN COUNTY,309,7 Years,3577,1847,1730,1439,742,697,613,310,303,55,34,21,164,85,79,1306,676,630
MCLENNAN COUNTY,309,8 Years,3563,1814,1749,1448,736,712,599,299,300,56,32,24,149,78,71,1311,669,642
MCLENNAN COUNTY,309,9 Years,3423,1739,1684,1390,716,674,563,281,282,48,24,24,131,68,63,1291,650,641
MCLENNAN COUNTY,309,10 Years,3338,1714,1624,1357,703,654,497,244,253,35,21,14,133,69,64,1316,677,639
MCLENNAN COUNTY,309,11 Years,3456,1769,1687,1375,713,662,518,255,263,46,24,22,137,71,66,1380,706,674
MCLENNAN COUNTY,309,12 Years,3491,1802,1689,1412,750,662,556,278,278,49,22,27,111,56,55,1363,696,667
MCLENNAN COUNTY,309,13 Years,3552,1842,1710,1458,788,670,604,297,307,39,21,18,105,54,51,1346,682,664
MCLENNAN COUNTY,309,14 Years,3510,1752,1758,1437,743,694,555,274,281,34,21,13,104,45,59,1380,669,711
MCLENNAN COUNTY,309,15 Years,3796,1952,1844,1602,831,771,624,324,300,47,32,15,132,61,71,1391,704,687
MCLENNAN COUNTY,309,16 Years,3957,1995,1962,1725,890,835,640,311,329,69,36,33,131,70,61,1392,688,704
MCLENNAN COUNTY,309,17 Years,4223,2186,2037,1944,1029,915,612,294,318,67,36,31,118,58,60,1482,769,713
MCLENNAN COUNTY,309,18 Years,5217,2553,2664,2767,1326,1441,693,329,364,149,72,77,144,75,69,1464,751,713
MCLENNAN COUNTY,309,19 Years,5648,2773,2875,3102,1527,1575,703,336,367,216,109,107,178,82,96,1449,719,730
MCLENNAN COUNTY,309,20 Years,5650,2827,2823,3217,1596,1621,719,366,353,186,90,96,157,73,84,1371,702,669
MCLENNAN COUNTY,309,21 Years,5213,2628,2585,2990,1510,1480,660,321,339,190,91,99,131,66,65,1242,640,602
MCLENNAN COUNTY,309,22 Years,4829,2400,2429,2814,1405,1409,614,286,328,134,59,75,109,53,56,1158,597,561
MCLENNAN COUNTY,309,23 Years,3576,1878,1698,1708,928,780,581,318,263,118,54,64,90,47,43,1079,531,548
MCLENNAN COUNTY,309,24 Years,3450,1774,1676,1653,864,789,570,311,259,68,29,39,86,47,39,1073,523,550
MCLENNAN COUNTY,309,25 Years,3250,1664,1586,1577,834,743,574,306,268,24,9,15,76,37,39,999,478,521
MCLENNAN COUNTY,309,26 Years,3043,1534,1509,1455,727,728,519,275,244,31,12,19,70,31,39,968,489,479
MCLENNAN COUNTY,309,27 Years,2920,1472,1448,1254,612,642,542,285,257,42,23,19,85,38,47,997,514,483
MCLENNAN COUNTY,309,28 Years,3622,1776,1846,1738,862,876,599,293,306,81,39,42,98,42,56,1106,540,566
MCLENNAN COUNTY,309,29 Years,3545,1691,1854,1776,835,941,563,271,292,84,37,47,86,37,49,1036,511,525
MCLENNAN COUNTY,309,30 Years,3358,1618,1740,1705,825,880,505,231,274,83,36,47,73,31,42,992,495,497
MCLENNAN COUNTY,309,31 Years,3253,1585,1668,1605,796,809,482,204,278,61,31,30,74,35,39,1031,519,512
MCLENNAN COUNTY,309,32 Years,3597,1753,1844,1975,960,1015,481,213,268,38,20,18,72,33,39,1031,527,504
MCLENNAN COUNTY,309,33 Years,3581,1746,1835,2033,1004,1029,463,206,257,25,11,14,59,31,28,1001,494,507
MCLENNAN COUNTY,309,34 Years,3518,1757,1761,1942,952,990,469,232,237,80,38,42,57,23,34,970,512,458
MCLENNAN COUNTY,309,35 Years,3279,1605,1674,1750,846,904,446,208,238,70,33,37,53,25,28,960,493,467
MCLENNAN COUNTY,309,36 Years,3203,1577,1626,1653,821,832,447,194,253,78,38,40,50,29,21,975,495,480
MCLENNAN COUNTY,309,37 Years,3115,1520,1595,1609,802,807,427,187,240,92,45,47,47,23,24,940,463,477
MCLENNAN COUNTY,309,38 Years,3075,1491,1584,1634,801,833,426,183,243,52,30,22,45,20,25,918,457,461
MCLENNAN COUNTY,309,39 Years,3176,1521,1655,1684,829,855,468,193,275,37,17,20,43,17,26,944,465,479
MCLENNAN COUNTY,309,40 Years,2921,1417,1504,1580,791,789,431,185,246,51,26,25,41,15,26,818,400,418
MCLENNAN COUNTY,309,41 Years,2826,1416,1410,1529,773,756,398,192,206,53,32,21,34,11,23,812,408,404
MCLENNAN COUNTY,309,42 Years,2711,1336,1375,1442,718,724,378,166,212,47,28,19,35,15,20,809,409,400
MCLENNAN COUNTY,309,43 Years,2681,1307,1374,1393,693,700,392,164,228,57,30,27,33,15,18,806,405,401
MCLENNAN COUNTY,309,44 Years,2726,1321,1405,1447,725,722,378,163,215,47,26,21,42,21,21,812,386,426
MCLENNAN COUNTY,309,45 Years,2633,1280,1353,1428,687,741,372,158,214,47,31,16,34,14,20,752,390,362
MCLENNAN COUNTY,309,46 Years,2583,1236,1347,1419,695,724,354,153,201,55,33,22,27,13,14,728,342,386
MCLENNAN COUNTY,309,47 Years,2773,1330,1443,1543,741,802,367,175,192,50,27,23,31,11,20,782,376,406
MCLENNAN COUNTY,309,48 Years,2791,1337,1454,1618,776,842,385,174,211,56,31,25,33,14,19,699,342,357
MCLENNAN COUNTY,309,49 Years,2801,1370,1431,1631,788,843,380,179,201,55,26,29,32,16,16,703,361,342
MCLENNAN COUNTY,309,50 Years,2641,1260,1381,1565,740,825,359,168,191,49,23,26,31,15,16,637,314,323
MCLENNAN COUNTY,309,51 Years,2578,1236,1342,1496,719,777,344,159,185,44,24,20,35,16,19,659,318,341
MCLENNAN COUNTY,309,52 Years,2602,1222,1380,1503,720,783,358,156,202,48,24,24,31,15,16,662,307,355
MCLENNAN COUNTY,309,53 Years,2617,1258,1359,1547,733,814,375,178,197,33,16,17,30,11,19,632,320,312
MCLENNAN COUNTY,309,54 Years,2973,1418,1555,1807,849,958,425,200,225,45,24,21,38,20,18,658,325,333
MCLENNAN COUNTY,309,55 Years,2894,1442,1452,1786,883,903,385,175,210,42,24,18,35,16,19,646,344,302
MCLENNAN COUNTY,309,56 Years,2834,1411,1423,1768,878,890,379,175,204,38,26,12,34,16,18,615,316,299
MCLENNAN COUNTY,309,57 Years,2956,1521,1435,1846,926,920,396,203,193,41,28,13,43,21,22,630,343,287
MCLENNAN COUNTY,309,58 Years,2942,1460,1482,1836,915,921,396,177,219,29,14,15,53,25,28,628,329,299
MCLENNAN COUNTY,309,59 Years,2961,1469,1492,1875,921,954,419,203,216,29,9,20,48,27,21,590,309,281
MCLENNAN COUNTY,309,60 Years,2904,1469,1435,1847,921,926,397,193,204,37,21,16,45,27,18,578,307,271
MCLENNAN COUNTY,309,61 Years,2814,1355,1459,1869,904,965,379,165,214,32,15,17,38,18,20,496,253,243
MCLENNAN COUNTY,309,62 Years,2797,1373,1424,1863,913,950,393,176,217,39,25,14,31,11,20,471,248,223
MCLENNAN COUNTY,309,63 Years,2779,1339,1440,1840,878,962,391,176,215,32,17,15,35,18,17,481,250,231
MCLENNAN COUNTY,309,64 Years,2779,1303,1476,1889,893,996,382,168,214,30,11,19,41,19,22,437,212,225
MCLENNAN COUNTY,309,65 Years,2587,1223,1364,1785,844,941,353,156,197,29,9,20,33,20,13,387,194,193
MCLENNAN COUNTY,309,66 Years,2614,1248,1366,1822,876,946,346,155,191,24,5,19,27,14,13,395,198,197
MCLENNAN COUNTY,309,67 Years,2452,1134,1318,1750,815,935,331,132,199,20,7,13,27,11,16,324,169,155
MCLENNAN COUNTY,309,68 Years,2298,1089,1209,1633,765,868,303,142,161,20,7,13,30,12,18,312,163,149
MCLENNAN COUNTY,309,69 Years,2230,1074,1156,1611,768,843,270,130,140,22,8,14,34,17,17,293,151,142
MCLENNAN COUNTY,309,70 Years,2219,1082,1137,1618,783,835,282,137,145,27,12,15,22,12,10,270,138,132
MCLENNAN COUNTY,309,71 Years,2157,1029,1128,1617,763,854,258,127,131,24,9,15,23,9,14,235,121,114
MCLENNAN COUNTY,309,72 Years,2063,970,1093,1577,732,845,224,107,117,22,5,17,21,11,10,219,115,104
MCLENNAN COUNTY,309,73 Years,1669,779,890,1246,576,670,185,84,101,18,5,13,22,8,14,198,106,92
MCLENNAN COUNTY,309,74 Years,1601,751,850,1206,562,644,193,88,105,15,6,9,14,5,9,173,90,83
MCLENNAN COUNTY,309,75 Years,1546,710,836,1177,548,629,171,73,98,12,3,9,14,4,10,172,82,90
MCLENNAN COUNTY,309,76 Years,1460,668,792,1127,517,610,159,69,90,14,8,6,14,4,10,146,70,76
MCLENNAN COUNTY,309,77 Years,1342,592,750,1051,466,585,138,54,84,14,6,8,16,6,10,123,60,63
MCLENNAN COUNTY,309,78 Years,1219,523,696,948,409,539,128,55,73,16,4,12,10,3,7,117,52,65
MCLENNAN COUNTY,309,79 Years,1147,497,650,889,386,503,125,54,71,12,4,8,11,3,8,110,50,60
MCLENNAN COUNTY,309,80 Years,1071,462,609,841,373,468,112,39,73,7,2,5,11,4,7,100,44,56
MCLENNAN COUNTY,309,81 Years,1039,453,586,801,356,445,116,44,72,11,6,5,12,4,8,99,43,56
MCLENNAN COUNTY,309,82 Years,890,381,509,684,297,387,104,37,67,10,5,5,7,2,5,85,40,45
MCLENNAN COUNTY,309,83 Years,849,340,509,658,270,388,91,31,60,10,4,6,4,2,2,86,33,53
MCLENNAN COUNTY,309,84 Years,791,324,467,619,260,359,79,28,51,8,5,3,4,2,2,81,29,52
MCLENNAN COUNTY,309,85 Years,714,272,442,558,217,341,70,21,49,6,4,2,6,2,4,74,28,46
MCLENNAN COUNTY,309,86 Years,626,237,389,483,184,299,73,24,49,4,2,2,5,1,4,61,26,35
MCLENNAN COUNTY,309,87 Years,544,211,333,425,167,258,57,19,38,3,1,2,6,1,5,53,23,30
MCLENNAN COUNTY,309,88 Years,488,186,302,380,142,238,57,22,35,2,1,1,5,2,3,44,19,25
MCLENNAN COUNTY,309,89 Years,443,158,285,344,123,221,52,16,36,4,1,3,2,0,2,41,18,23
MCLENNAN COUNTY,309,90 Years,400,142,258,309,111,198,50,16,34,3,0,3,3,2,1,35,13,22
MCLENNAN COUNTY,309,91 Years,310,104,206,244,83,161,32,9,23,4,1,3,2,1,1,28,10,18
MCLENNAN COUNTY,309,92 Years,251,83,168,204,67,137,22,6,16,3,1,2,2,1,1,20,8,12
MCLENNAN COUNTY,309,93 Years,217,63,154,171,52,119,24,6,18,3,0,3,2,0,2,17,5,12
MCLENNAN COUNTY,309,94 Years,171,47,124,134,38,96,20,5,15,3,0,3,2,1,1,12,3,9
MCLENNAN COUNTY,309,95 Years +,419,108,311,316,82,234,60,13,47,6,2,4,2,1,1,35,10,25
MCMULLEN COUNTY,311,All Ages,749,381,368,433,214,219,3,1,2,3,0,3,4,2,2,306,164,142
MCMULLEN COUNTY,311,< 1 Year,9,4,5,9,4,5,0,0,0,0,0,0,0,0,0,0,0,0
MCMULLEN COUNTY,311,1 Years,7,3,4,2,0,2,0,0,0,0,0,0,0,0,0,5,3,2
MCMULLEN COUNTY,311,2 Years,7,1,6,1,0,1,0,0,0,0,0,0,0,0,0,6,1,5
MCMULLEN COUNTY,311,3 Years,7,4,3,1,0,1,0,0,0,0,0,0,1,1,0,5,3,2
MCMULLEN COUNTY,311,4 Years,10,4,6,1,0,1,0,0,0,0,0,0,0,0,0,9,4,5
MCMULLEN COUNTY,311,5 Years,7,3,4,0,0,0,0,0,0,0,0,0,0,0,0,7,3,4
MCMULLEN COUNTY,311,6 Years,8,3,5,1,0,1,0,0,0,0,0,0,0,0,0,7,3,4
MCMULLEN COUNTY,311,7 Years,9,4,5,2,0,2,0,0,0,0,0,0,0,0,0,7,4,3
MCMULLEN COUNTY,311,8 Years,7,5,2,2,1,1,0,0,0,0,0,0,0,0,0,5,4,1
MCMULLEN COUNTY,311,9 Years,4,1,3,1,0,1,0,0,0,0,0,0,0,0,0,3,1,2
MCMULLEN COUNTY,311,10 Years,4,2,2,0,0,0,0,0,0,0,0,0,0,0,0,4,2,2
MCMULLEN COUNTY,311,11 Years,6,3,3,4,2,2,0,0,0,0,0,0,0,0,0,2,1,1
MCMULLEN COUNTY,311,12 Years,6,4,2,5,3,2,0,0,0,0,0,0,0,0,0,1,1,0
MCMULLEN COUNTY,311,13 Years,6,5,1,2,2,0,0,0,0,0,0,0,0,0,0,4,3,1
MCMULLEN COUNTY,311,14 Years,8,4,4,4,2,2,0,0,0,0,0,0,0,0,0,4,2,2
MCMULLEN COUNTY,311,15 Years,4,2,2,2,1,1,0,0,0,0,0,0,0,0,0,2,1,1
MCMULLEN COUNTY,311,16 Years,3,1,2,1,1,0,0,0,0,0,0,0,0,0,0,2,0,2
MCMULLEN COUNTY,311,17 Years,7,2,5,2,0,2,0,0,0,0,0,0,0,0,0,5,2,3
MCMULLEN COUNTY,311,18 Years,9,4,5,5,3,2,0,0,0,0,0,0,0,0,0,4,1,3
MCMULLEN COUNTY,311,19 Years,6,4,2,2,2,0,0,0,0,0,0,0,0,0,0,4,2,2
MCMULLEN COUNTY,311,20 Years,12,6,6,4,2,2,0,0,0,0,0,0,0,0,0,8,4,4
MCMULLEN COUNTY,311,21 Years,13,7,6,5,3,2,0,0,0,0,0,0,0,0,0,8,4,4
MCMULLEN COUNTY,311,22 Years,6,2,4,2,1,1,0,0,0,0,0,0,0,0,0,4,1,3
MCMULLEN COUNTY,311,23 Years,4,3,1,1,1,0,0,0,0,0,0,0,0,0,0,3,2,1
MCMULLEN COUNTY,311,24 Years,6,4,2,3,2,1,0,0,0,0,0,0,0,0,0,3,2,1
MCMULLEN COUNTY,311,25 Years,4,2,2,1,0,1,0,0,0,0,0,0,0,0,0,3,2,1
MCMULLEN COUNTY,311,26 Years,6,3,3,4,2,2,0,0,0,0,0,0,0,0,0,2,1,1
MCMULLEN COUNTY,311,27 Years,11,6,5,5,2,3,0,0,0,0,0,0,0,0,0,6,4,2
MCMULLEN COUNTY,311,28 Years,7,5,2,3,1,2,1,1,0,0,0,0,0,0,0,3,3,0
MCMULLEN COUNTY,311,29 Years,9,7,2,3,2,1,0,0,0,0,0,0,0,0,0,6,5,1
MCMULLEN COUNTY,311,30 Years,7,2,5,2,0,2,0,0,0,0,0,0,0,0,0,5,2,3
MCMULLEN COUNTY,311,31 Years,4,2,2,1,0,1,0,0,0,0,0,0,0,0,0,3,2,1
MCMULLEN COUNTY,311,32 Years,7,3,4,2,1,1,0,0,0,0,0,0,0,0,0,5,2,3
MCMULLEN COUNTY,311,33 Years,5,3,2,1,0,1,0,0,0,0,0,0,0,0,0,4,3,1
MCMULLEN COUNTY,311,34 Years,8,6,2,4,2,2,0,0,0,0,0,0,0,0,0,4,4,0
MCMULLEN COUNTY,311,35 Years,8,3,5,7,2,5,0,0,0,0,0,0,0,0,0,1,1,0
MCMULLEN COUNTY,311,36 Years,7,2,5,5,2,3,0,0,0,0,0,0,0,0,0,2,0,2
MCMULLEN COUNTY,311,37 Years,4,1,3,2,1,1,0,0,0,0,0,0,0,0,0,2,0,2
MCMULLEN COUNTY,311,38 Years,5,3,2,2,1,1,0,0,0,0,0,0,0,0,0,3,2,1
MCMULLEN COUNTY,311,39 Years,8,4,4,3,2,1,1,0,1,1,0,1,1,0,1,2,2,0
MCMULLEN COUNTY,311,40 Years,7,4,3,5,3,2,0,0,0,0,0,0,1,0,1,1,1,0
MCMULLEN COUNTY,311,41 Years,6,4,2,3,3,0,0,0,0,0,0,0,0,0,0,3,1,2
MCMULLEN COUNTY,311,42 Years,4,2,2,2,1,1,0,0,0,0,0,0,0,0,0,2,1,1
MCMULLEN COUNTY,311,43 Years,5,3,2,2,1,1,0,0,0,0,0,0,0,0,0,3,2,1
MCMULLEN COUNTY,311,44 Years,5,3,2,3,1,2,0,0,0,0,0,0,0,0,0,2,2,0
MCMULLEN COUNTY,311,45 Years,6,3,3,5,3,2,0,0,0,0,0,0,0,0,0,1,0,1
MCMULLEN COUNTY,311,46 Years,4,1,3,2,0,2,0,0,0,0,0,0,0,0,0,2,1,1
MCMULLEN COUNTY,311,47 Years,6,4,2,3,3,0,0,0,0,0,0,0,0,0,0,3,1,2
MCMULLEN COUNTY,311,48 Years,4,1,3,1,1,0,0,0,0,0,0,0,0,0,0,3,0,3
MCMULLEN COUNTY,311,49 Years,6,1,5,4,0,4,0,0,0,0,0,0,0,0,0,2,1,1
MCMULLEN COUNTY,311,50 Years,10,8,2,5,3,2,0,0,0,0,0,0,0,0,0,5,5,0
MCMULLEN COUNTY,311,51 Years,7,3,4,3,1,2,0,0,0,0,0,0,0,0,0,4,2,2
MCMULLEN COUNTY,311,52 Years,8,3,5,6,3,3,0,0,0,0,0,0,0,0,0,2,0,2
MCMULLEN COUNTY,311,53 Years,11,4,7,6,2,4,0,0,0,1,0,1,0,0,0,4,2,2
MCMULLEN COUNTY,311,54 Years,15,7,8,6,2,4,0,0,0,1,0,1,0,0,0,8,5,3
MCMULLEN COUNTY,311,55 Years,6,3,3,2,1,1,0,0,0,0,0,0,0,0,0,4,2,2
MCMULLEN COUNTY,311,56 Years,6,3,3,4,3,1,0,0,0,0,0,0,0,0,0,2,0,2
MCMULLEN COUNTY,311,57 Years,8,3,5,4,2,2,0,0,0,0,0,0,0,0,0,4,1,3
MCMULLEN COUNTY,311,58 Years,14,6,8,10,4,6,0,0,0,0,0,0,0,0,0,4,2,2
MCMULLEN COUNTY,311,59 Years,10,4,6,8,3,5,0,0,0,0,0,0,0,0,0,2,1,1
MCMULLEN COUNTY,311,60 Years,11,7,4,6,4,2,0,0,0,0,0,0,0,0,0,5,3,2
MCMULLEN COUNTY,311,61 Years,11,6,5,6,4,2,1,0,1,0,0,0,0,0,0,4,2,2
MCMULLEN COUNTY,311,62 Years,9,5,4,4,2,2,0,0,0,0,0,0,0,0,0,5,3,2
MCMULLEN COUNTY,311,63 Years,21,11,10,15,8,7,0,0,0,0,0,0,0,0,0,6,3,3
MCMULLEN COUNTY,311,64 Years,18,9,9,13,7,6,0,0,0,0,0,0,0,0,0,5,2,3
MCMULLEN COUNTY,311,65 Years,11,4,7,8,3,5,0,0,0,0,0,0,0,0,0,3,1,2
MCMULLEN COUNTY,311,66 Years,12,8,4,10,7,3,0,0,0,0,0,0,0,0,0,2,1,1
MCMULLEN COUNTY,311,67 Years,7,3,4,7,3,4,0,0,0,0,0,0,0,0,0,0,0,0
MCMULLEN COUNTY,311,68 Years,9,6,3,6,4,2,0,0,0,0,0,0,0,0,0,3,2,1
MCMULLEN COUNTY,311,69 Years,8,5,3,5,3,2,0,0,0,0,0,0,0,0,0,3,2,1
MCMULLEN COUNTY,311,70 Years,12,6,6,9,4,5,0,0,0,0,0,0,0,0,0,3,2,1
MCMULLEN COUNTY,311,71 Years,6,4,2,6,4,2,0,0,0,0,0,0,0,0,0,0,0,0
MCMULLEN COUNTY,311,72 Years,9,4,5,7,3,4,0,0,0,0,0,0,0,0,0,2,1,1
MCMULLEN COUNTY,311,73 Years,6,2,4,4,1,3,0,0,0,0,0,0,0,0,0,2,1,1
MCMULLEN COUNTY,311,74 Years,13,7,6,8,5,3,0,0,0,0,0,0,0,0,0,5,2,3
MCMULLEN COUNTY,311,75 Years,11,5,6,8,4,4,0,0,0,0,0,0,0,0,0,3,1,2
MCMULLEN COUNTY,311,76 Years,5,2,3,4,2,2,0,0,0,0,0,0,0,0,0,1,0,1
MCMULLEN COUNTY,311,77 Years,13,6,7,9,3,6,0,0,0,0,0,0,0,0,0,4,3,1
MCMULLEN COUNTY,311,78 Years,8,5,3,7,4,3,0,0,0,0,0,0,0,0,0,1,1,0
MCMULLEN COUNTY,311,79 Years,13,12,1,9,8,1,0,0,0,0,0,0,0,0,0,4,4,0
MCMULLEN COUNTY,311,80 Years,7,4,3,4,2,2,0,0,0,0,0,0,0,0,0,3,2,1
MCMULLEN COUNTY,311,81 Years,13,5,8,9,2,7,0,0,0,0,0,0,0,0,0,4,3,1
MCMULLEN COUNTY,311,82 Years,15,6,9,13,5,8,0,0,0,0,0,0,0,0,0,2,1,1
MCMULLEN COUNTY,311,83 Years,10,5,5,10,5,5,0,0,0,0,0,0,0,0,0,0,0,0
MCMULLEN COUNTY,311,84 Years,7,5,2,6,5,1,0,0,0,0,0,0,0,0,0,1,0,1
MCMULLEN COUNTY,311,85 Years,4,3,1,2,2,0,0,0,0,0,0,0,0,0,0,2,1,1
MCMULLEN COUNTY,311,86 Years,11,5,6,9,4,5,0,0,0,0,0,0,0,0,0,2,1,1
MCMULLEN COUNTY,311,87 Years,11,5,6,9,4,5,0,0,0,0,0,0,0,0,0,2,1,1
MCMULLEN COUNTY,311,88 Years,11,5,6,8,3,5,0,0,0,0,0,0,1,1,0,2,1,1
MCMULLEN COUNTY,311,89 Years,5,3,2,5,3,2,0,0,0,0,0,0,0,0,0,0,0,0
MCMULLEN COUNTY,311,90 Years,3,1,2,3,1,2,0,0,0,0,0,0,0,0,0,0,0,0
MCMULLEN COUNTY,311,91 Years,3,2,1,3,2,1,0,0,0,0,0,0,0,0,0,0,0,0
MCMULLEN COUNTY,311,92 Years,4,3,1,3,2,1,0,0,0,0,0,0,0,0,0,1,1,0
MCMULLEN COUNTY,311,93 Years,4,2,2,3,1,2,0,0,0,0,0,0,0,0,0,1,1,0
MCMULLEN COUNTY,311,94 Years,3,2,1,2,1,1,0,0,0,0,0,0,0,0,0,1,1,0
MCMULLEN COUNTY,311,95 Years +,2,1,1,2,1,1,0,0,0,0,0,0,0,0,0,0,0,0
MADISON COUNTY,313,All Ages,14188,8167,6021,7533,4004,3529,2719,1818,901,84,46,38,368,196,172,3484,2103,1381
MADISON COUNTY,313,< 1 Year,188,98,90,83,44,39,23,15,8,0,0,0,30,13,17,52,26,26
MADISON COUNTY,313,1 Years,182,101,81,80,43,37,21,14,7,0,0,0,25,14,11,56,30,26
MADISON COUNTY,313,2 Years,183,100,83,85,45,40,20,12,8,0,0,0,25,14,11,53,29,24
MADISON COUNTY,313,3 Years,169,92,77,80,42,38,21,11,10,0,0,0,20,12,8,48,27,21
MADISON COUNTY,313,4 Years,177,88,89,84,42,42,26,13,13,0,0,0,15,6,9,52,27,25
MADISON COUNTY,313,5 Years,177,92,85,79,41,38,25,12,13,0,0,0,15,9,6,58,30,28
MADISON COUNTY,313,6 Years,186,97,89,80,42,38,25,13,12,3,3,0,16,11,5,62,28,34
MADISON COUNTY,313,7 Years,179,93,86,74,38,36,22,12,10,3,2,1,20,13,7,60,28,32
MADISON COUNTY,313,8 Years,186,94,92,78,40,38,24,12,12,2,1,1,21,12,9,61,29,32
MADISON COUNTY,313,9 Years,193,95,98,91,48,43,24,12,12,0,0,0,13,6,7,65,29,36
MADISON COUNTY,313,10 Years,170,86,84,92,47,45,19,9,10,1,1,0,12,5,7,46,24,22
MADISON COUNTY,313,11 Years,176,86,90,83,41,42,24,13,11,5,1,4,7,2,5,57,29,28
MADISON COUNTY,313,12 Years,175,89,86,82,41,41,32,20,12,2,0,2,7,4,3,52,24,28
MADISON COUNTY,313,13 Years,170,78,92,76,32,44,35,17,18,1,0,1,5,3,2,53,26,27
MADISON COUNTY,313,14 Years,165,84,81,80,40,40,31,17,14,2,0,2,4,3,1,48,24,24
MADISON COUNTY,313,15 Years,159,78,81,79,39,40,31,20,11,2,0,2,4,1,3,43,18,25
MADISON COUNTY,313,16 Years,143,63,80,72,32,40,27,11,16,3,0,3,3,0,3,38,20,18
MADISON COUNTY,313,17 Years,174,91,83,71,36,35,44,31,13,1,0,1,4,3,1,54,21,33
MADISON COUNTY,313,18 Years,185,114,71,76,45,31,47,37,10,0,0,0,5,5,0,57,27,30
MADISON COUNTY,313,19 Years,181,107,74,69,35,34,51,36,15,1,1,0,4,3,1,56,32,24
MADISON COUNTY,313,20 Years,233,152,81,89,57,32,66,42,24,2,1,1,3,2,1,73,50,23
MADISON COUNTY,313,21 Years,234,153,81,87,48,39,73,54,19,1,0,1,4,3,1,69,48,21
MADISON COUNTY,313,22 Years,243,170,73,89,54,35,69,57,12,3,3,0,3,3,0,79,53,26
MADISON COUNTY,313,23 Years,238,167,71,84,53,31,66,52,14,3,2,1,3,2,1,82,58,24
MADISON COUNTY,313,24 Years,244,161,83,97,51,46,59,48,11,1,0,1,5,4,1,82,58,24
MADISON COUNTY,313,25 Years,295,205,90,113,68,45,84,67,17,1,1,0,2,2,0,95,67,28
MADISON COUNTY,313,26 Years,288,199,89,109,68,41,74,57,17,0,0,0,4,3,1,101,71,30
MADISON COUNTY,313,27 Years,257,169,88,98,65,33,67,54,13,0,0,0,1,0,1,91,50,41
MADISON COUNTY,313,28 Years,292,214,78,104,72,32,80,71,9,0,0,0,2,1,1,106,70,36
MADISON COUNTY,313,29 Years,276,201,75,113,82,31,75,63,12,0,0,0,2,1,1,86,55,31
MADISON COUNTY,313,30 Years,240,162,78,97,58,39,64,51,13,0,0,0,2,1,1,77,52,25
MADISON COUNTY,313,31 Years,229,161,68,93,60,33,62,49,13,0,0,0,1,0,1,73,52,21
MADISON COUNTY,313,32 Years,249,175,74,107,66,41,66,56,10,0,0,0,2,2,0,74,51,23
MADISON COUNTY,313,33 Years,220,160,60,91,57,34,54,50,4,0,0,0,3,2,1,72,51,21
MADISON COUNTY,313,34 Years,216,158,58,96,62,34,59,50,9,1,1,0,3,1,2,57,44,13
MADISON COUNTY,313,35 Years,231,153,78,95,51,44,59,49,10,3,3,0,2,0,2,72,50,22
MADISON COUNTY,313,36 Years,206,120,86,85,40,45,52,39,13,1,0,1,2,0,2,66,41,25
MADISON COUNTY,313,37 Years,195,132,63,78,43,35,50,38,12,2,1,1,1,0,1,64,50,14
MADISON COUNTY,313,38 Years,176,115,61,80,46,34,35,25,10,1,1,0,2,1,1,58,42,16
MADISON COUNTY,313,39 Years,210,133,77,102,60,42,42,32,10,2,2,0,3,2,1,61,37,24
MADISON COUNTY,313,40 Years,172,101,71,98,55,43,31,18,13,4,2,2,0,0,0,39,26,13
MADISON COUNTY,313,41 Years,178,110,68,102,55,47,39,29,10,1,0,1,1,0,1,35,26,9
MADISON COUNTY,313,42 Years,158,104,54,86,51,35,26,20,6,2,2,0,4,3,1,40,28,12
MADISON COUNTY,313,43 Years,152,96,56,93,58,35,20,16,4,2,2,0,1,0,1,36,20,16
MADISON COUNTY,313,44 Years,166,111,55,96,65,31,26,18,8,1,1,0,3,2,1,40,25,15
MADISON COUNTY,313,45 Years,151,86,65,93,50,43,23,14,9,0,0,0,0,0,0,35,22,13
MADISON COUNTY,313,46 Years,155,95,60,86,49,37,26,17,9,0,0,0,2,2,0,41,27,14
MADISON COUNTY,313,47 Years,152,85,67,88,47,41,19,12,7,0,0,0,3,1,2,42,25,17
MADISON COUNTY,313,48 Years,153,88,65,88,47,41,22,15,7,3,1,2,1,0,1,39,25,14
MADISON COUNTY,313,49 Years,161,89,72,108,56,52,19,11,8,1,0,1,2,2,0,31,20,11
MADISON COUNTY,313,50 Years,156,88,68,92,49,43,23,13,10,1,1,0,1,1,0,39,24,15
MADISON COUNTY,313,51 Years,143,80,63,84,43,41,18,8,10,2,2,0,2,1,1,37,26,11
MADISON COUNTY,313,52 Years,124,61,63,79,37,42,16,8,8,0,0,0,0,0,0,29,16,13
MADISON COUNTY,313,53 Years,128,66,62,87,42,45,20,11,9,0,0,0,1,1,0,20,12,8
MADISON COUNTY,313,54 Years,136,72,64,76,36,40,30,19,11,0,0,0,2,1,1,28,16,12
MADISON COUNTY,313,55 Years,138,65,73,74,31,43,29,19,10,2,1,1,2,0,2,31,14,17
MADISON COUNTY,313,56 Years,127,66,61,79,41,38,21,11,10,2,1,1,2,1,1,23,12,11
MADISON COUNTY,313,57 Years,133,62,71,93,41,52,16,8,8,0,0,0,1,0,1,23,13,10
MADISON COUNTY,313,58 Years,121,54,67,85,36,49,17,8,9,0,0,0,1,0,1,18,10,8
MADISON COUNTY,313,59 Years,119,53,66,82,35,47,20,9,11,0,0,0,0,0,0,17,9,8
MADISON COUNTY,313,60 Years,139,68,71,103,49,54,18,8,10,1,1,0,0,0,0,17,10,7
MADISON COUNTY,313,61 Years,150,81,69,119,64,55,13,7,6,2,1,1,0,0,0,16,9,7
MADISON COUNTY,313,62 Years,147,72,75,101,55,46,27,7,20,3,2,1,0,0,0,16,8,8
MADISON COUNTY,313,63 Years,134,72,62,96,53,43,21,6,15,1,1,0,1,1,0,15,11,4
MADISON COUNTY,313,64 Years,149,73,76,105,51,54,25,14,11,1,1,0,2,0,2,16,7,9
MADISON COUNTY,313,65 Years,146,71,75,101,52,49,24,9,15,2,1,1,0,0,0,19,9,10
MADISON COUNTY,313,66 Years,131,62,69,95,47,48,19,7,12,1,0,1,0,0,0,16,8,8
MADISON COUNTY,313,67 Years,121,60,61,93,44,49,15,10,5,0,0,0,2,0,2,11,6,5
MADISON COUNTY,313,68 Years,135,65,70,100,47,53,26,16,10,0,0,0,2,0,2,7,2,5
MADISON COUNTY,313,69 Years,130,66,64,102,51,51,18,12,6,0,0,0,2,0,2,8,3,5
MADISON COUNTY,313,70 Years,138,70,68,107,57,50,20,8,12,1,0,1,1,0,1,9,5,4
MADISON COUNTY,313,71 Years,134,68,66,108,54,54,17,9,8,1,0,1,0,0,0,8,5,3
MADISON COUNTY,313,72 Years,127,66,61,103,52,51,11,6,5,2,2,0,3,1,2,8,5,3
MADISON COUNTY,313,73 Years,106,53,53,83,42,41,12,7,5,0,0,0,4,1,3,7,3,4
MADISON COUNTY,313,74 Years,96,46,50,75,36,39,17,8,9,0,0,0,1,1,0,3,1,2
MADISON COUNTY,313,75 Years,96,48,48,81,38,43,11,6,5,0,0,0,0,0,0,4,4,0
MADISON COUNTY,313,76 Years,90,40,50,69,28,41,14,7,7,0,0,0,3,3,0,4,2,2
MADISON COUNTY,313,77 Years,86,43,43,65,33,32,12,5,7,0,0,0,2,1,1,7,4,3
MADISON COUNTY,313,78 Years,80,43,37,68,35,33,5,2,3,0,0,0,2,2,0,5,4,1
MADISON COUNTY,313,79 Years,84,43,41,69,35,34,9,4,5,0,0,0,2,1,1,4,3,1
MADISON COUNTY,313,80 Years,80,39,41,59,31,28,13,4,9,0,0,0,3,1,2,5,3,2
MADISON COUNTY,313,81 Years,65,32,33,51,28,23,7,1,6,0,0,0,1,0,1,6,3,3
MADISON COUNTY,313,82 Years,56,22,34,45,18,27,7,2,5,0,0,0,0,0,0,4,2,2
MADISON COUNTY,313,83 Years,54,25,29,43,19,24,7,4,3,0,0,0,1,0,1,3,2,1
MADISON COUNTY,313,84 Years,45,18,27,36,14,22,7,3,4,0,0,0,1,0,1,1,1,0
MADISON COUNTY,313,85 Years,39,17,22,33,14,19,4,2,2,0,0,0,0,0,0,2,1,1
MADISON COUNTY,313,86 Years,34,15,19,26,12,14,5,2,3,0,0,0,0,0,0,3,1,2
MADISON COUNTY,313,87 Years,31,13,18,22,9,13,8,3,5,0,0,0,0,0,0,1,1,0
MADISON COUNTY,313,88 Years,30,14,16,21,9,12,8,4,4,0,0,0,0,0,0,1,1,0
MADISON COUNTY,313,89 Years,23,12,11,18,8,10,3,2,1,0,0,0,0,0,0,2,2,0
MADISON COUNTY,313,90 Years,21,7,14,18,6,12,3,1,2,0,0,0,0,0,0,0,0,0
MADISON COUNTY,313,91 Years,18,9,9,13,6,7,3,1,2,0,0,0,0,0,0,2,2,0
MADISON COUNTY,313,92 Years,12,3,9,9,3,6,3,0,3,0,0,0,0,0,0,0,0,0
MADISON COUNTY,313,93 Years,11,3,8,7,2,5,4,1,3,0,0,0,0,0,0,0,0,0
MADISON COUNTY,313,94 Years,8,2,6,4,1,3,4,1,3,0,0,0,0,0,0,0,0,0
MADISON COUNTY,313,95 Years +,29,8,21,15,3,12,10,4,6,1,0,1,1,0,1,2,1,1
MARION COUNTY,315,All Ages,9760,4769,4991,6747,3334,3413,2220,1049,1171,66,32,34,349,169,180,378,185,193
MARION COUNTY,315,< 1 Year,83,41,42,50,26,24,24,11,13,0,0,0,7,3,4,2,1,1
MARION COUNTY,315,1 Years,88,44,44,54,28,26,20,9,11,0,0,0,8,4,4,6,3,3
MARION COUNTY,315,2 Years,86,47,39,50,26,24,23,14,9,0,0,0,8,4,4,5,3,2
MARION COUNTY,315,3 Years,101,55,46,55,27,28,24,16,8,5,2,3,13,8,5,4,2,2
MARION COUNTY,315,4 Years,102,53,49,56,25,31,25,17,8,4,2,2,12,6,6,5,3,2
MARION COUNTY,315,5 Years,110,52,58,59,25,34,29,16,13,5,2,3,10,6,4,7,3,4
MARION COUNTY,315,6 Years,113,48,65,61,24,37,30,15,15,3,1,2,9,5,4,10,3,7
MARION COUNTY,315,7 Years,115,51,64,60,25,35,29,14,15,3,1,2,9,4,5,14,7,7
MARION COUNTY,315,8 Years,114,52,62,59,27,32,29,13,16,3,2,1,11,4,7,12,6,6
MARION COUNTY,315,9 Years,122,58,64,67,27,40,37,20,17,2,1,1,6,2,4,10,8,2
MARION COUNTY,315,10 Years,103,52,51,59,26,33,31,19,12,1,0,1,5,2,3,7,5,2
MARION COUNTY,315,11 Years,120,59,61,74,36,38,24,11,13,2,2,0,8,6,2,12,4,8
MARION COUNTY,315,12 Years,106,50,56,68,31,37,24,12,12,0,0,0,5,3,2,9,4,5
MARION COUNTY,315,13 Years,100,53,47,59,31,28,29,16,13,0,0,0,5,3,2,7,3,4
MARION COUNTY,315,14 Years,94,43,51,57,25,32,26,14,12,1,1,0,4,1,3,6,2,4
MARION COUNTY,315,15 Years,86,44,42,53,28,25,24,12,12,0,0,0,4,2,2,5,2,3
MARION COUNTY,315,16 Years,89,44,45,62,28,34,21,13,8,0,0,0,2,1,1,4,2,2
MARION COUNTY,315,17 Years,93,45,48,57,31,26,31,14,17,0,0,0,1,0,1,4,0,4
MARION COUNTY,315,18 Years,91,51,40,55,34,21,27,12,15,0,0,0,5,3,2,4,2,2
MARION COUNTY,315,19 Years,82,43,39,44,25,19,28,12,16,0,0,0,6,4,2,4,2,2
MARION COUNTY,315,20 Years,84,46,38,41,24,17,35,16,19,0,0,0,3,2,1,5,4,1
MARION COUNTY,315,21 Years,99,61,38,54,36,18,32,16,16,2,2,0,3,1,2,8,6,2
MARION COUNTY,315,22 Years,89,48,41,57,34,23,20,7,13,1,1,0,6,3,3,5,3,2
MARION COUNTY,315,23 Years,92,51,41,53,30,23,27,13,14,1,1,0,4,2,2,7,5,2
MARION COUNTY,315,24 Years,96,53,43,46,26,20,35,18,17,0,0,0,4,2,2,11,7,4
MARION COUNTY,315,25 Years,104,49,55,62,27,35,28,12,16,0,0,0,6,3,3,8,7,1
MARION COUNTY,315,26 Years,112,58,54,72,38,34,29,14,15,1,1,0,4,1,3,6,4,2
MARION COUNTY,315,27 Years,119,65,54,80,43,37,31,18,13,0,0,0,4,2,2,4,2,2
MARION COUNTY,315,28 Years,112,56,56,81,42,39,22,9,13,0,0,0,3,2,1,6,3,3
MARION COUNTY,315,29 Years,89,40,49,63,31,32,21,8,13,0,0,0,0,0,0,5,1,4
MARION COUNTY,315,30 Years,81,40,41,46,24,22,28,13,15,0,0,0,3,1,2,4,2,2
MARION COUNTY,315,31 Years,102,51,51,66,35,31,24,11,13,0,0,0,4,2,2,8,3,5
MARION COUNTY,315,32 Years,109,48,61,72,35,37,27,9,18,1,1,0,4,1,3,5,2,3
MARION COUNTY,315,33 Years,108,56,52,80,44,36,23,10,13,0,0,0,3,1,2,2,1,1
MARION COUNTY,315,34 Years,85,39,46,70,35,35,13,4,9,0,0,0,1,0,1,1,0,1
MARION COUNTY,315,35 Years,88,44,44,66,34,32,13,6,7,1,1,0,3,1,2,5,2,3
MARION COUNTY,315,36 Years,105,48,57,60,29,31,32,13,19,2,1,1,5,2,3,6,3,3
MARION COUNTY,315,37 Years,102,46,56,67,33,34,27,11,16,1,0,1,2,1,1,5,1,4
MARION COUNTY,315,38 Years,96,49,47,69,36,33,23,11,12,1,0,1,2,2,0,1,0,1
MARION COUNTY,315,39 Years,109,51,58,76,34,42,28,13,15,0,0,0,4,4,0,1,0,1
MARION COUNTY,315,40 Years,92,47,45,69,34,35,19,10,9,0,0,0,1,1,0,3,2,1
MARION COUNTY,315,41 Years,84,37,47,64,28,36,18,8,10,0,0,0,0,0,0,2,1,1
MARION COUNTY,315,42 Years,100,52,48,71,37,34,20,10,10,1,1,0,4,2,2,4,2,2
MARION COUNTY,315,43 Years,101,51,50,72,38,34,19,9,10,1,1,0,2,1,1,7,2,5
MARION COUNTY,315,44 Years,83,39,44,59,26,33,16,8,8,1,1,0,2,2,0,5,2,3
MARION COUNTY,315,45 Years,86,41,45,65,30,35,14,8,6,1,0,1,2,0,2,4,3,1
MARION COUNTY,315,46 Years,98,46,52,71,37,34,19,5,14,0,0,0,2,1,1,6,3,3
MARION COUNTY,315,47 Years,104,35,69,75,27,48,17,4,13,1,0,1,2,0,2,9,4,5
MARION COUNTY,315,48 Years,113,52,61,81,39,42,22,10,12,3,0,3,3,1,2,4,2,2
MARION COUNTY,315,49 Years,102,52,50,73,39,34,21,11,10,1,0,1,2,1,1,5,1,4
MARION COUNTY,315,50 Years,99,48,51,70,34,36,23,12,11,1,0,1,2,1,1,3,1,2
MARION COUNTY,315,51 Years,103,52,51,78,42,36,20,8,12,1,0,1,2,0,2,2,2,0
MARION COUNTY,315,52 Years,119,59,60,89,45,44,24,10,14,0,0,0,3,2,1,3,2,1
MARION COUNTY,315,53 Years,147,72,75,106,52,54,29,12,17,2,2,0,5,2,3,5,4,1
MARION COUNTY,315,54 Years,150,74,76,113,56,57,29,13,16,2,1,1,3,2,1,3,2,1
MARION COUNTY,315,55 Years,148,77,71,114,58,56,29,16,13,0,0,0,3,2,1,2,1,1
MARION COUNTY,315,56 Years,151,74,77,114,55,59,29,15,14,2,0,2,4,3,1,2,1,1
MARION COUNTY,315,57 Years,170,81,89,130,63,67,32,15,17,1,0,1,3,2,1,4,1,3
MARION COUNTY,315,58 Years,178,78,100,135,66,69,32,9,23,0,0,0,7,3,4,4,0,4
MARION COUNTY,315,59 Years,205,110,95,154,87,67,42,18,24,0,0,0,6,5,1,3,0,3
MARION COUNTY,315,60 Years,197,94,103,144,71,73,44,17,27,0,0,0,4,3,1,5,3,2
MARION COUNTY,315,61 Years,172,78,94,126,60,66,36,13,23,0,0,0,5,2,3,5,3,2
MARION COUNTY,315,62 Years,167,90,77,119,64,55,35,17,18,0,0,0,6,3,3,7,6,1
MARION COUNTY,315,63 Years,159,87,72,116,61,55,33,21,12,0,0,0,6,3,3,4,2,2
MARION COUNTY,315,64 Years,162,81,81,121,61,60,32,17,15,1,1,0,5,1,4,3,1,2
MARION COUNTY,315,65 Years,168,71,97,123,52,71,39,17,22,0,0,0,5,1,4,1,1,0
MARION COUNTY,315,66 Years,149,73,76,108,53,55,35,19,16,0,0,0,3,0,3,3,1,2
MARION COUNTY,315,67 Years,139,69,70,108,54,54,27,13,14,0,0,0,3,2,1,1,0,1
MARION COUNTY,315,68 Years,145,67,78,105,52,53,36,14,22,2,0,2,2,1,1,0,0,0
MARION COUNTY,315,69 Years,152,79,73,108,56,52,37,19,18,2,1,1,3,2,1,2,1,1
MARION COUNTY,315,70 Years,153,84,69,115,64,51,29,15,14,0,0,0,5,2,3,4,3,1
MARION COUNTY,315,71 Years,147,68,79,118,55,63,22,9,13,2,2,0,2,1,1,3,1,2
MARION COUNTY,315,72 Years,154,76,78,125,62,63,23,12,11,0,0,0,4,2,2,2,0,2
MARION COUNTY,315,73 Years,126,62,64,100,48,52,22,12,10,0,0,0,3,1,2,1,1,0
MARION COUNTY,315,74 Years,100,49,51,75,38,37,21,10,11,0,0,0,4,1,3,0,0,0
MARION COUNTY,315,75 Years,96,46,50,75,36,39,19,9,10,0,0,0,2,1,1,0,0,0
MARION COUNTY,315,76 Years,91,44,47,71,33,38,18,9,9,0,0,0,2,2,0,0,0,0
MARION COUNTY,315,77 Years,89,43,46,65,33,32,18,9,9,0,0,0,3,0,3,3,1,2
MARION COUNTY,315,78 Years,93,42,51,72,34,38,18,8,10,0,0,0,2,0,2,1,0,1
MARION COUNTY,315,79 Years,81,42,39,64,34,30,16,8,8,0,0,0,0,0,0,1,0,1
MARION COUNTY,315,80 Years,70,34,36,54,27,27,14,7,7,0,0,0,1,0,1,1,0,1
MARION COUNTY,315,81 Years,67,33,34,51,26,25,12,6,6,0,0,0,3,1,2,1,0,1
MARION COUNTY,315,82 Years,53,21,32,40,16,24,11,5,6,0,0,0,1,0,1,1,0,1
MARION COUNTY,315,83 Years,68,28,40,53,21,32,10,5,5,0,0,0,3,2,1,2,0,2
MARION COUNTY,315,84 Years,49,26,23,33,18,15,10,5,5,1,0,1,1,1,0,4,2,2
MARION COUNTY,315,85 Years,44,22,22,32,16,16,10,4,6,0,0,0,1,1,0,1,1,0
MARION COUNTY,315,86 Years,38,16,22,28,12,16,9,4,5,0,0,0,1,0,1,0,0,0
MARION COUNTY,315,87 Years,37,17,20,27,13,14,8,3,5,0,0,0,1,0,1,1,1,0
MARION COUNTY,315,88 Years,32,14,18,23,10,13,9,4,5,0,0,0,0,0,0,0,0,0
MARION COUNTY,315,89 Years,29,10,19,22,7,15,7,3,4,0,0,0,0,0,0,0,0,0
MARION COUNTY,315,90 Years,24,8,16,19,7,12,5,1,4,0,0,0,0,0,0,0,0,0
MARION COUNTY,315,91 Years,24,10,14,17,7,10,6,2,4,0,0,0,1,1,0,0,0,0
MARION COUNTY,315,92 Years,20,7,13,13,5,8,5,2,3,0,0,0,1,0,1,1,0,1
MARION COUNTY,315,93 Years,15,5,10,11,4,7,3,1,2,0,0,0,1,0,1,0,0,0
MARION COUNTY,315,94 Years,13,5,8,9,3,6,4,2,2,0,0,0,0,0,0,0,0,0
MARION COUNTY,315,95 Years +,25,7,18,14,3,11,10,4,6,0,0,0,1,0,1,0,0,0
MARTIN COUNTY,317,All Ages,5731,2916,2815,2734,1372,1362,70,34,36,12,6,6,74,44,30,2841,1460,1381
MARTIN COUNTY,317,< 1 Year,81,44,37,39,20,19,0,0,0,0,0,0,3,1,2,39,23,16
MARTIN COUNTY,317,1 Years,79,43,36,36,19,17,0,0,0,0,0,0,1,0,1,42,24,18
MARTIN COUNTY,317,2 Years,89,49,40,41,21,20,1,1,0,0,0,0,2,1,1,45,26,19
MARTIN COUNTY,317,3 Years,92,50,42,37,19,18,1,1,0,0,0,0,2,1,1,52,29,23
MARTIN COUNTY,317,4 Years,106,55,51,45,24,21,0,0,0,0,0,0,3,2,1,58,29,29
MARTIN COUNTY,317,5 Years,109,59,50,42,23,19,0,0,0,0,0,0,3,2,1,64,34,30
MARTIN COUNTY,317,6 Years,102,55,47,42,24,18,0,0,0,0,0,0,3,2,1,57,29,28
MARTIN COUNTY,317,7 Years,88,46,42,34,17,17,0,0,0,0,0,0,2,1,1,52,28,24
MARTIN COUNTY,317,8 Years,83,41,42,34,17,17,0,0,0,0,0,0,1,1,0,48,23,25
MARTIN COUNTY,317,9 Years,94,46,48,37,22,15,4,2,2,0,0,0,0,0,0,53,22,31
MARTIN COUNTY,317,10 Years,86,40,46,30,15,15,4,3,1,0,0,0,2,2,0,50,20,30
MARTIN COUNTY,317,11 Years,79,35,44,27,15,12,3,1,2,0,0,0,2,1,1,47,18,29
MARTIN COUNTY,317,12 Years,85,46,39,30,16,14,3,1,2,0,0,0,2,2,0,50,27,23
MARTIN COUNTY,317,13 Years,81,41,40,29,16,13,2,1,1,0,0,0,1,0,1,49,24,25
MARTIN COUNTY,317,14 Years,87,49,38,33,17,16,2,2,0,0,0,0,0,0,0,52,30,22
MARTIN COUNTY,317,15 Years,84,46,38,35,18,17,3,1,2,0,0,0,0,0,0,46,27,19
MARTIN COUNTY,317,16 Years,85,39,46,36,17,19,1,0,1,0,0,0,1,1,0,47,21,26
MARTIN COUNTY,317,17 Years,71,35,36,30,18,12,0,0,0,0,0,0,2,1,1,39,16,23
MARTIN COUNTY,317,18 Years,83,45,38,37,21,16,1,1,0,0,0,0,2,1,1,43,22,21
MARTIN COUNTY,317,19 Years,76,37,39,34,17,17,1,1,0,0,0,0,2,1,1,39,18,21
MARTIN COUNTY,317,20 Years,72,36,36,30,19,11,2,0,2,0,0,0,3,1,2,37,16,21
MARTIN COUNTY,317,21 Years,77,40,37,35,19,16,1,0,1,0,0,0,2,1,1,39,20,19
MARTIN COUNTY,317,22 Years,77,38,39,39,18,21,0,0,0,0,0,0,0,0,0,38,20,18
MARTIN COUNTY,317,23 Years,81,45,36,37,20,17,0,0,0,0,0,0,0,0,0,44,25,19
MARTIN COUNTY,317,24 Years,80,41,39,35,18,17,0,0,0,1,0,1,0,0,0,44,23,21
MARTIN COUNTY,317,25 Years,85,48,37,32,18,14,0,0,0,0,0,0,2,2,0,51,28,23
MARTIN COUNTY,317,26 Years,114,61,53,53,29,24,1,0,1,0,0,0,1,1,0,59,31,28
MARTIN COUNTY,317,27 Years,100,53,47,34,18,16,1,0,1,0,0,0,3,3,0,62,32,30
MARTIN COUNTY,317,28 Years,81,41,40,30,14,16,2,0,2,0,0,0,1,1,0,48,26,22
MARTIN COUNTY,317,29 Years,96,58,38,23,13,10,3,0,3,0,0,0,1,1,0,69,44,25
MARTIN COUNTY,317,30 Years,86,50,36,21,12,9,1,0,1,0,0,0,1,0,1,63,38,25
MARTIN COUNTY,317,31 Years,72,39,33,23,13,10,1,0,1,0,0,0,0,0,0,48,26,22
MARTIN COUNTY,317,32 Years,89,41,48,24,11,13,2,2,0,0,0,0,0,0,0,63,28,35
MARTIN COUNTY,317,33 Years,82,38,44,27,13,14,2,0,2,0,0,0,0,0,0,53,25,28
MARTIN COUNTY,317,34 Years,86,40,46,31,16,15,2,1,1,0,0,0,0,0,0,53,23,30
MARTIN COUNTY,317,35 Years,84,44,40,33,20,13,1,1,0,1,0,1,0,0,0,49,23,26
MARTIN COUNTY,317,36 Years,70,37,33,32,19,13,1,1,0,0,0,0,1,1,0,36,16,20
MARTIN COUNTY,317,37 Years,54,30,24,30,16,14,1,1,0,0,0,0,0,0,0,23,13,10
MARTIN COUNTY,317,38 Years,38,16,22,21,7,14,0,0,0,0,0,0,1,0,1,16,9,7
MARTIN COUNTY,317,39 Years,50,27,23,27,14,13,1,1,0,0,0,0,0,0,0,22,12,10
MARTIN COUNTY,317,40 Years,59,35,24,26,12,14,0,0,0,0,0,0,0,0,0,33,23,10
MARTIN COUNTY,317,41 Years,52,22,30,24,11,13,0,0,0,0,0,0,0,0,0,28,11,17
MARTIN COUNTY,317,42 Years,48,25,23,22,12,10,0,0,0,0,0,0,0,0,0,26,13,13
MARTIN COUNTY,317,43 Years,49,26,23,22,11,11,0,0,0,0,0,0,0,0,0,27,15,12
MARTIN COUNTY,317,44 Years,49,24,25,27,13,14,0,0,0,0,0,0,0,0,0,22,11,11
MARTIN COUNTY,317,45 Years,56,25,31,26,11,15,1,0,1,0,0,0,0,0,0,29,14,15
MARTIN COUNTY,317,46 Years,61,30,31,32,13,19,1,0,1,0,0,0,0,0,0,28,17,11
MARTIN COUNTY,317,47 Years,66,31,35,31,14,17,0,0,0,0,0,0,1,0,1,34,17,17
MARTIN COUNTY,317,48 Years,64,32,32,35,14,21,2,1,1,0,0,0,0,0,0,27,17,10
MARTIN COUNTY,317,49 Years,57,29,28,37,18,19,0,0,0,0,0,0,1,0,1,19,11,8
MARTIN COUNTY,317,50 Years,62,33,29,29,16,13,0,0,0,0,0,0,0,0,0,33,17,16
MARTIN COUNTY,317,51 Years,69,33,36,28,12,16,0,0,0,0,0,0,0,0,0,41,21,20
MARTIN COUNTY,317,52 Years,59,31,28,22,10,12,1,1,0,0,0,0,0,0,0,36,20,16
MARTIN COUNTY,317,53 Years,68,38,30,29,17,12,0,0,0,0,0,0,2,1,1,37,20,17
MARTIN COUNTY,317,54 Years,63,37,26,33,17,16,0,0,0,0,0,0,0,0,0,30,20,10
MARTIN COUNTY,317,55 Years,78,47,31,43,25,18,0,0,0,1,1,0,1,1,0,33,20,13
MARTIN COUNTY,317,56 Years,71,39,32,34,18,16,0,0,0,1,1,0,1,1,0,35,19,16
MARTIN COUNTY,317,57 Years,69,36,33,41,22,19,2,2,0,0,0,0,1,1,0,25,11,14
MARTIN COUNTY,317,58 Years,62,30,32,42,22,20,1,1,0,0,0,0,2,1,1,17,6,11
MARTIN COUNTY,317,59 Years,70,32,38,43,17,26,0,0,0,0,0,0,1,1,0,26,14,12
MARTIN COUNTY,317,60 Years,54,23,31,36,15,21,0,0,0,0,0,0,0,0,0,18,8,10
MARTIN COUNTY,317,61 Years,65,28,37,45,18,27,0,0,0,0,0,0,0,0,0,20,10,10
MARTIN COUNTY,317,62 Years,66,30,36,44,21,23,1,0,1,0,0,0,0,0,0,21,9,12
MARTIN COUNTY,317,63 Years,61,30,31,38,20,18,1,1,0,0,0,0,1,1,0,21,8,13
MARTIN COUNTY,317,64 Years,59,33,26,36,21,15,1,1,0,1,1,0,1,0,1,20,10,10
MARTIN COUNTY,317,65 Years,59,32,27,42,23,19,0,0,0,1,1,0,0,0,0,16,8,8
MARTIN COUNTY,317,66 Years,54,28,26,39,18,21,0,0,0,1,1,0,2,2,0,12,7,5
MARTIN COUNTY,317,67 Years,49,23,26,33,14,19,1,0,1,1,1,0,1,1,0,13,7,6
MARTIN COUNTY,317,68 Years,44,21,23,26,11,15,0,0,0,1,0,1,1,0,1,16,10,6
MARTIN COUNTY,317,69 Years,51,28,23,35,20,15,0,0,0,0,0,0,1,0,1,15,8,7
MARTIN COUNTY,317,70 Years,49,24,25,32,17,15,1,0,1,0,0,0,1,0,1,15,7,8
MARTIN COUNTY,317,71 Years,45,21,24,29,16,13,0,0,0,1,0,1,1,0,1,14,5,9
MARTIN COUNTY,317,72 Years,46,24,22,29,16,13,2,2,0,0,0,0,2,2,0,13,4,9
MARTIN COUNTY,317,73 Years,42,17,25,23,9,14,1,1,0,0,0,0,1,1,0,17,6,11
MARTIN COUNTY,317,74 Years,49,23,26,31,13,18,0,0,0,0,0,0,0,0,0,18,10,8
MARTIN COUNTY,317,75 Years,46,22,24,29,15,14,2,1,1,1,0,1,0,0,0,14,6,8
MARTIN COUNTY,317,76 Years,38,15,23,22,7,15,1,0,1,0,0,0,0,0,0,15,8,7
MARTIN COUNTY,317,77 Years,29,10,19,21,7,14,0,0,0,0,0,0,0,0,0,8,3,5
MARTIN COUNTY,317,78 Years,28,11,17,17,7,10,2,1,1,0,0,0,0,0,0,9,3,6
MARTIN COUNTY,317,79 Years,27,11,16,18,7,11,0,0,0,1,0,1,0,0,0,8,4,4
MARTIN COUNTY,317,80 Years,27,12,15,19,8,11,0,0,0,0,0,0,0,0,0,8,4,4
MARTIN COUNTY,317,81 Years,24,12,12,17,8,9,0,0,0,0,0,0,0,0,0,7,4,3
MARTIN COUNTY,317,82 Years,24,11,13,16,7,9,0,0,0,0,0,0,0,0,0,8,4,4
MARTIN COUNTY,317,83 Years,21,10,11,13,6,7,0,0,0,0,0,0,0,0,0,8,4,4
MARTIN COUNTY,317,84 Years,18,8,10,12,5,7,0,0,0,0,0,0,0,0,0,6,3,3
MARTIN COUNTY,317,85 Years,15,6,9,12,5,7,0,0,0,0,0,0,0,0,0,3,1,2
MARTIN COUNTY,317,86 Years,12,6,6,10,5,5,0,0,0,0,0,0,0,0,0,2,1,1
MARTIN COUNTY,317,87 Years,10,5,5,9,4,5,0,0,0,0,0,0,0,0,0,1,1,0
MARTIN COUNTY,317,88 Years,10,6,4,8,4,4,0,0,0,0,0,0,0,0,0,2,2,0
MARTIN COUNTY,317,89 Years,11,5,6,7,3,4,0,0,0,0,0,0,1,0,1,3,2,1
MARTIN COUNTY,317,90 Years,10,4,6,7,3,4,0,0,0,0,0,0,0,0,0,3,1,2
MARTIN COUNTY,317,91 Years,8,3,5,5,2,3,1,0,1,0,0,0,0,0,0,2,1,1
MARTIN COUNTY,317,92 Years,7,4,3,5,2,3,0,0,0,0,0,0,0,0,0,2,2,0
MARTIN COUNTY,317,93 Years,5,3,2,4,2,2,0,0,0,0,0,0,0,0,0,1,1,0
MARTIN COUNTY,317,94 Years,7,3,4,5,2,3,0,0,0,0,0,0,0,0,0,2,1,1
MARTIN COUNTY,317,95 Years +,15,5,10,9,3,6,0,0,0,0,0,0,1,0,1,5,2,3
MASON COUNTY,319,All Ages,4301,2149,2152,3104,1518,1586,18,11,7,7,2,5,39,26,13,1133,592,541
MASON COUNTY,319,< 1 Year,36,19,17,23,10,13,0,0,0,0,0,0,0,0,0,13,9,4
MASON COUNTY,319,1 Years,40,23,17,24,13,11,0,0,0,0,0,0,0,0,0,16,10,6
MASON COUNTY,319,2 Years,43,23,20,24,13,11,0,0,0,0,0,0,0,0,0,19,10,9
MASON COUNTY,319,3 Years,52,29,23,28,16,12,0,0,0,0,0,0,0,0,0,24,13,11
MASON COUNTY,319,4 Years,50,27,23,26,14,12,0,0,0,0,0,0,0,0,0,24,13,11
MASON COUNTY,319,5 Years,48,24,24,26,13,13,0,0,0,0,0,0,0,0,0,22,11,11
MASON COUNTY,319,6 Years,44,22,22,23,12,11,0,0,0,0,0,0,0,0,0,21,10,11
MASON COUNTY,319,7 Years,51,23,28,30,13,17,0,0,0,0,0,0,0,0,0,21,10,11
MASON COUNTY,319,8 Years,49,24,25,29,13,16,0,0,0,0,0,0,0,0,0,20,11,9
MASON COUNTY,319,9 Years,41,23,18,25,12,13,2,2,0,0,0,0,0,0,0,14,9,5
MASON COUNTY,319,10 Years,39,20,19,29,14,15,0,0,0,0,0,0,0,0,0,10,6,4
MASON COUNTY,319,11 Years,50,24,26,31,16,15,0,0,0,0,0,0,1,0,1,18,8,10
MASON COUNTY,319,12 Years,49,28,21,33,17,16,0,0,0,0,0,0,1,1,0,15,10,5
MASON COUNTY,319,13 Years,46,29,17,29,18,11,0,0,0,0,0,0,1,1,0,16,10,6
MASON COUNTY,319,14 Years,49,24,25,30,15,15,1,1,0,1,0,1,0,0,0,17,8,9
MASON COUNTY,319,15 Years,47,23,24,37,18,19,1,0,1,0,0,0,0,0,0,9,5,4
MASON COUNTY,319,16 Years,47,27,20,28,17,11,0,0,0,0,0,0,1,1,0,18,9,9
MASON COUNTY,319,17 Years,53,29,24,38,20,18,0,0,0,0,0,0,0,0,0,15,9,6
MASON COUNTY,319,18 Years,36,16,20,23,11,12,0,0,0,0,0,0,1,1,0,12,4,8
MASON COUNTY,319,19 Years,42,23,19,23,13,10,0,0,0,0,0,0,1,1,0,18,9,9
MASON COUNTY,319,20 Years,53,22,31,31,14,17,0,0,0,0,0,0,1,1,0,21,7,14
MASON COUNTY,319,21 Years,41,21,20,26,11,15,0,0,0,0,0,0,2,1,1,13,9,4
MASON COUNTY,319,22 Years,42,20,22,20,7,13,0,0,0,1,1,0,0,0,0,21,12,9
MASON COUNTY,319,23 Years,49,23,26,24,10,14,0,0,0,0,0,0,1,0,1,24,13,11
MASON COUNTY,319,24 Years,44,26,18,22,13,9,0,0,0,0,0,0,1,0,1,21,13,8
MASON COUNTY,319,25 Years,46,22,24,27,13,14,0,0,0,0,0,0,0,0,0,19,9,10
MASON COUNTY,319,26 Years,45,29,16,25,15,10,0,0,0,0,0,0,2,2,0,18,12,6
MASON COUNTY,319,27 Years,52,26,26,33,12,21,2,2,0,0,0,0,0,0,0,17,12,5
MASON COUNTY,319,28 Years,45,26,19,27,14,13,1,1,0,0,0,0,0,0,0,17,11,6
MASON COUNTY,319,29 Years,27,18,9,18,12,6,0,0,0,0,0,0,1,1,0,8,5,3
MASON COUNTY,319,30 Years,35,23,12,22,16,6,1,0,1,0,0,0,1,1,0,11,6,5
MASON COUNTY,319,31 Years,40,24,16,28,19,9,0,0,0,0,0,0,0,0,0,12,5,7
MASON COUNTY,319,32 Years,46,25,21,29,12,17,0,0,0,0,0,0,0,0,0,17,13,4
MASON COUNTY,319,33 Years,27,16,11,17,9,8,0,0,0,0,0,0,0,0,0,10,7,3
MASON COUNTY,319,34 Years,32,13,19,18,6,12,0,0,0,0,0,0,0,0,0,14,7,7
MASON COUNTY,319,35 Years,29,17,12,20,13,7,0,0,0,0,0,0,0,0,0,9,4,5
MASON COUNTY,319,36 Years,22,10,12,13,6,7,2,0,2,0,0,0,0,0,0,7,4,3
MASON COUNTY,319,37 Years,33,13,20,23,9,14,1,0,1,0,0,0,0,0,0,9,4,5
MASON COUNTY,319,38 Years,41,18,23,31,13,18,0,0,0,1,0,1,0,0,0,9,5,4
MASON COUNTY,319,39 Years,31,14,17,23,10,13,0,0,0,1,0,1,0,0,0,7,4,3
MASON COUNTY,319,40 Years,31,15,16,23,11,12,0,0,0,0,0,0,0,0,0,8,4,4
MASON COUNTY,319,41 Years,34,12,22,28,9,19,0,0,0,0,0,0,0,0,0,6,3,3
MASON COUNTY,319,42 Years,45,19,26,34,15,19,0,0,0,0,0,0,1,1,0,10,3,7
MASON COUNTY,319,43 Years,55,28,27,38,21,17,0,0,0,0,0,0,1,1,0,16,6,10
MASON COUNTY,319,44 Years,35,22,13,23,18,5,0,0,0,0,0,0,0,0,0,12,4,8
MASON COUNTY,319,45 Years,34,18,16,24,13,11,0,0,0,0,0,0,0,0,0,10,5,5
MASON COUNTY,319,46 Years,41,21,20,29,14,15,1,1,0,1,1,0,0,0,0,10,5,5
MASON COUNTY,319,47 Years,45,22,23,39,19,20,1,1,0,0,0,0,0,0,0,5,2,3
MASON COUNTY,319,48 Years,44,20,24,29,13,16,0,0,0,0,0,0,1,0,1,14,7,7
MASON COUNTY,319,49 Years,51,27,24,35,19,16,0,0,0,0,0,0,2,2,0,14,6,8
MASON COUNTY,319,50 Years,46,24,22,32,17,15,0,0,0,0,0,0,1,1,0,13,6,7
MASON COUNTY,319,51 Years,42,20,22,30,14,16,0,0,0,0,0,0,0,0,0,12,6,6
MASON COUNTY,319,52 Years,48,20,28,29,15,14,1,0,1,0,0,0,1,0,1,17,5,12
MASON COUNTY,319,53 Years,54,29,25,34,18,16,0,0,0,0,0,0,1,0,1,19,11,8
MASON COUNTY,319,54 Years,45,18,27,28,11,17,0,0,0,0,0,0,0,0,0,17,7,10
MASON COUNTY,319,55 Years,44,19,25,30,13,17,0,0,0,0,0,0,0,0,0,14,6,8
MASON COUNTY,319,56 Years,62,27,35,41,17,24,0,0,0,1,0,1,0,0,0,20,10,10
MASON COUNTY,319,57 Years,68,33,35,49,24,25,2,2,0,0,0,0,1,0,1,16,7,9
MASON COUNTY,319,58 Years,72,42,30,50,27,23,1,1,0,0,0,0,1,1,0,20,13,7
MASON COUNTY,319,59 Years,67,42,25,52,35,17,0,0,0,0,0,0,1,1,0,14,6,8
MASON COUNTY,319,60 Years,57,34,23,48,28,20,0,0,0,0,0,0,0,0,0,9,6,3
MASON COUNTY,319,61 Years,70,33,37,55,28,27,0,0,0,0,0,0,0,0,0,15,5,10
MASON COUNTY,319,62 Years,74,37,37,64,33,31,0,0,0,0,0,0,0,0,0,10,4,6
MASON COUNTY,319,63 Years,66,32,34,46,20,26,0,0,0,0,0,0,0,0,0,20,12,8
MASON COUNTY,319,64 Years,57,28,29,46,21,25,0,0,0,0,0,0,0,0,0,11,7,4
MASON COUNTY,319,65 Years,71,36,35,59,29,30,0,0,0,0,0,0,1,1,0,11,6,5
MASON COUNTY,319,66 Years,69,32,37,58,27,31,0,0,0,0,0,0,0,0,0,11,5,6
MASON COUNTY,319,67 Years,67,33,34,60,28,32,0,0,0,0,0,0,0,0,0,7,5,2
MASON COUNTY,319,68 Years,63,29,34,55,24,31,0,0,0,0,0,0,0,0,0,8,5,3
MASON COUNTY,319,69 Years,66,33,33,61,30,31,0,0,0,0,0,0,0,0,0,5,3,2
MASON COUNTY,319,70 Years,73,29,44,65,24,41,0,0,0,0,0,0,1,1,0,7,4,3
MASON COUNTY,319,71 Years,61,30,31,53,25,28,0,0,0,0,0,0,1,0,1,7,5,2
MASON COUNTY,319,72 Years,82,43,39,71,38,33,0,0,0,0,0,0,0,0,0,11,5,6
MASON COUNTY,319,73 Years,65,30,35,52,28,24,0,0,0,0,0,0,1,0,1,12,2,10
MASON COUNTY,319,74 Years,62,31,31,54,28,26,0,0,0,0,0,0,0,0,0,8,3,5
MASON COUNTY,319,75 Years,65,28,37,56,25,31,0,0,0,0,0,0,1,0,1,8,3,5
MASON COUNTY,319,76 Years,55,21,34,50,20,30,0,0,0,1,0,1,0,0,0,4,1,3
MASON COUNTY,319,77 Years,67,32,35,57,25,32,0,0,0,0,0,0,1,1,0,9,6,3
MASON COUNTY,319,78 Years,57,31,26,51,27,24,0,0,0,0,0,0,1,1,0,5,3,2
MASON COUNTY,319,79 Years,62,27,35,53,21,32,0,0,0,0,0,0,0,0,0,9,6,3
MASON COUNTY,319,80 Years,47,24,23,43,21,22,0,0,0,0,0,0,0,0,0,4,3,1
MASON COUNTY,319,81 Years,37,15,22,32,13,19,0,0,0,0,0,0,1,0,1,4,2,2
MASON COUNTY,319,82 Years,39,20,19,34,18,16,0,0,0,0,0,0,0,0,0,5,2,3
MASON COUNTY,319,83 Years,34,20,14,24,14,10,0,0,0,0,0,0,1,1,0,9,5,4
MASON COUNTY,319,84 Years,31,15,16,26,10,16,0,0,0,0,0,0,1,1,0,4,4,0
MASON COUNTY,319,85 Years,27,17,10,23,13,10,0,0,0,0,0,0,1,1,0,3,3,0
MASON COUNTY,319,86 Years,18,9,9,14,6,8,0,0,0,0,0,0,1,1,0,3,2,1
MASON COUNTY,319,87 Years,17,5,12,15,4,11,0,0,0,0,0,0,0,0,0,2,1,1
MASON COUNTY,319,88 Years,12,4,8,10,4,6,0,0,0,0,0,0,0,0,0,2,0,2
MASON COUNTY,319,89 Years,14,5,9,12,5,7,0,0,0,0,0,0,0,0,0,2,0,2
MASON COUNTY,319,90 Years,11,4,7,9,4,5,0,0,0,0,0,0,1,0,1,1,0,1
MASON COUNTY,319,91 Years,14,6,8,11,4,7,0,0,0,0,0,0,0,0,0,3,2,1
MASON COUNTY,319,92 Years,10,5,5,6,2,4,0,0,0,0,0,0,0,0,0,4,3,1
MASON COUNTY,319,93 Years,8,3,5,4,2,2,0,0,0,0,0,0,0,0,0,4,1,3
MASON COUNTY,319,94 Years,5,2,3,4,2,2,0,0,0,0,0,0,0,0,0,1,0,1
MASON COUNTY,319,95 Years +,13,2,11,10,2,8,1,0,1,0,0,0,0,0,0,2,0,2
MATAGORDA COUNTY,321,All Ages,36292,18077,18215,15650,7779,7871,3879,1793,2086,712,364,348,484,250,234,15567,7891,7676
MATAGORDA COUNTY,321,< 1 Year,495,252,243,140,72,68,42,20,22,4,2,2,2,1,1,307,157,150
MATAGORDA COUNTY,321,1 Years,501,256,245,140,71,69,46,22,24,4,2,2,2,1,1,309,160,149
MATAGORDA COUNTY,321,2 Years,511,265,246,145,73,72,49,24,25,2,1,1,2,1,1,313,166,147
MATAGORDA COUNTY,321,3 Years,515,266,249,148,74,74,52,25,27,2,1,1,2,1,1,311,165,146
MATAGORDA COUNTY,321,4 Years,523,271,252,151,79,72,55,25,30,4,2,2,2,1,1,311,164,147
MATAGORDA COUNTY,321,5 Years,518,271,247,154,80,74,53,26,27,4,3,1,2,1,1,305,161,144
MATAGORDA COUNTY,321,6 Years,506,261,245,152,80,72,55,26,29,3,2,1,2,1,1,294,152,142
MATAGORDA COUNTY,321,7 Years,491,245,246,151,76,75,49,23,26,4,3,1,2,1,1,285,142,143
MATAGORDA COUNTY,321,8 Years,496,238,258,148,71,77,59,27,32,4,3,1,1,0,1,284,137,147
MATAGORDA COUNTY,321,9 Years,477,220,257,139,74,65,59,22,37,5,2,3,1,0,1,273,122,151
MATAGORDA COUNTY,321,10 Years,488,259,229,139,72,67,50,25,25,5,2,3,16,8,8,278,152,126
MATAGORDA COUNTY,321,11 Years,496,244,252,157,75,82,48,24,24,4,2,2,10,4,6,277,139,138
MATAGORDA COUNTY,321,12 Years,515,264,251,144,71,73,65,35,30,7,4,3,9,5,4,290,149,141
MATAGORDA COUNTY,321,13 Years,487,250,237,135,75,60,51,24,27,8,3,5,9,4,5,284,144,140
MATAGORDA COUNTY,321,14 Years,476,243,233,137,68,69,47,22,25,9,5,4,10,5,5,273,143,130
MATAGORDA COUNTY,321,15 Years,444,228,216,132,64,68,42,23,19,8,4,4,10,6,4,252,131,121
MATAGORDA COUNTY,321,16 Years,489,264,225,162,92,70,49,24,25,11,7,4,12,5,7,255,136,119
MATAGORDA COUNTY,321,17 Years,456,250,206,151,81,70,55,33,22,11,4,7,9,3,6,230,129,101
MATAGORDA COUNTY,321,18 Years,461,255,206,144,75,69,49,32,17,14,8,6,11,7,4,243,133,110
MATAGORDA COUNTY,321,19 Years,435,240,195,122,64,58,48,31,17,13,7,6,11,6,5,241,132,109
MATAGORDA COUNTY,321,20 Years,412,219,193,114,61,53,58,30,28,16,9,7,11,5,6,213,114,99
MATAGORDA COUNTY,321,21 Years,429,231,198,123,62,61,57,33,24,12,7,5,8,5,3,229,124,105
MATAGORDA COUNTY,321,22 Years,424,216,208,129,68,61,61,27,34,10,5,5,9,4,5,215,112,103
MATAGORDA COUNTY,321,23 Years,460,229,231,139,66,73,63,28,35,16,9,7,9,5,4,233,121,112
MATAGORDA COUNTY,321,24 Years,473,255,218,168,87,81,64,30,34,15,10,5,4,2,2,222,126,96
MATAGORDA COUNTY,321,25 Years,492,248,244,172,84,88,67,33,34,13,6,7,8,4,4,232,121,111
MATAGORDA COUNTY,321,26 Years,562,288,274,207,106,101,75,40,35,17,10,7,8,4,4,255,128,127
MATAGORDA COUNTY,321,27 Years,531,268,263,202,96,106,60,35,25,13,6,7,8,5,3,248,126,122
MATAGORDA COUNTY,321,28 Years,504,276,228,188,108,80,60,34,26,11,7,4,8,5,3,237,122,115
MATAGORDA COUNTY,321,29 Years,498,251,247,196,98,98,67,36,31,8,8,0,5,2,3,222,107,115
MATAGORDA COUNTY,321,30 Years,480,224,256,186,98,88,66,27,39,3,2,1,4,2,2,221,95,126
MATAGORDA COUNTY,321,31 Years,482,227,255,189,99,90,53,19,34,9,5,4,6,2,4,225,102,123
MATAGORDA COUNTY,321,32 Years,440,218,222,177,87,90,36,18,18,9,4,5,6,2,4,212,107,105
MATAGORDA COUNTY,321,33 Years,434,220,214,170,90,80,52,26,26,4,2,2,5,2,3,203,100,103
MATAGORDA COUNTY,321,34 Years,446,222,224,200,90,110,42,25,17,4,3,1,7,3,4,193,101,92
MATAGORDA COUNTY,321,35 Years,430,204,226,175,86,89,51,25,26,11,5,6,5,1,4,188,87,101
MATAGORDA COUNTY,321,36 Years,412,206,206,156,76,80,45,20,25,6,3,3,3,2,1,202,105,97
MATAGORDA COUNTY,321,37 Years,422,216,206,172,97,75,34,12,22,5,1,4,4,2,2,207,104,103
MATAGORDA COUNTY,321,38 Years,426,222,204,175,94,81,38,16,22,6,2,4,4,2,2,203,108,95
MATAGORDA COUNTY,321,39 Years,463,246,217,181,102,79,40,13,27,6,3,3,4,3,1,232,125,107
MATAGORDA COUNTY,321,40 Years,413,203,210,143,72,71,36,19,17,7,4,3,5,3,2,222,105,117
MATAGORDA COUNTY,321,41 Years,400,196,204,152,72,80,30,15,15,7,2,5,3,3,0,208,104,104
MATAGORDA COUNTY,321,42 Years,402,199,203,156,79,77,32,14,18,6,1,5,4,3,1,204,102,102
MATAGORDA COUNTY,321,43 Years,390,188,202,148,68,80,39,20,19,6,2,4,4,3,1,193,95,98
MATAGORDA COUNTY,321,44 Years,378,178,200,143,61,82,38,19,19,9,5,4,3,1,2,185,92,93
MATAGORDA COUNTY,321,45 Years,351,157,194,136,57,79,35,13,22,10,6,4,2,0,2,168,81,87
MATAGORDA COUNTY,321,46 Years,368,162,206,140,59,81,29,11,18,9,4,5,3,0,3,187,88,99
MATAGORDA COUNTY,321,47 Years,390,191,199,162,81,81,35,16,19,11,4,7,7,4,3,175,86,89
MATAGORDA COUNTY,321,48 Years,395,192,203,171,86,85,30,17,13,16,6,10,5,4,1,173,79,94
MATAGORDA COUNTY,321,49 Years,392,183,209,182,79,103,30,16,14,11,5,6,2,1,1,167,82,85
MATAGORDA COUNTY,321,50 Years,408,189,219,194,90,104,40,16,24,15,6,9,3,0,3,156,77,79
MATAGORDA COUNTY,321,51 Years,380,181,199,177,84,93,43,16,27,10,4,6,2,1,1,148,76,72
MATAGORDA COUNTY,321,52 Years,405,201,204,167,85,82,51,19,32,13,5,8,3,2,1,171,90,81
MATAGORDA COUNTY,321,53 Years,412,201,211,173,81,92,59,27,32,12,7,5,4,3,1,164,83,81
MATAGORDA COUNTY,321,54 Years,448,229,219,215,105,110,47,21,26,7,6,1,10,4,6,169,93,76
MATAGORDA COUNTY,321,55 Years,497,264,233,241,121,120,51,26,25,12,6,6,11,5,6,182,106,76
MATAGORDA COUNTY,321,56 Years,497,245,252,252,123,129,59,27,32,11,5,6,9,6,3,166,84,82
MATAGORDA COUNTY,321,57 Years,534,248,286,291,142,149,57,21,36,13,7,6,7,5,2,166,73,93
MATAGORDA COUNTY,321,58 Years,491,240,251,267,130,137,54,21,33,11,6,5,7,3,4,152,80,72
MATAGORDA COUNTY,321,59 Years,514,259,255,289,149,140,55,21,34,14,9,5,7,4,3,149,76,73
MATAGORDA COUNTY,321,60 Years,499,251,248,280,144,136,52,21,31,16,8,8,5,3,2,146,75,71
MATAGORDA COUNTY,321,61 Years,496,253,243,292,146,146,50,21,29,18,9,9,8,3,5,128,74,54
MATAGORDA COUNTY,321,62 Years,521,271,250,296,158,138,68,29,39,10,6,4,8,4,4,139,74,65
MATAGORDA COUNTY,321,63 Years,479,245,234,293,149,144,51,21,30,7,4,3,7,4,3,121,67,54
MATAGORDA COUNTY,321,64 Years,473,246,227,274,141,133,49,27,22,11,6,5,6,2,4,133,70,63
MATAGORDA COUNTY,321,65 Years,473,244,229,289,157,132,42,18,24,7,2,5,10,7,3,125,60,65
MATAGORDA COUNTY,321,66 Years,448,216,232,283,138,145,38,13,25,7,3,4,6,4,2,114,58,56
MATAGORDA COUNTY,321,67 Years,418,196,222,253,117,136,44,21,23,8,4,4,7,3,4,106,51,55
MATAGORDA COUNTY,321,68 Years,381,198,183,229,121,108,36,16,20,8,3,5,8,5,3,100,53,47
MATAGORDA COUNTY,321,69 Years,400,226,174,257,144,113,39,21,18,10,5,5,6,4,2,88,52,36
MATAGORDA COUNTY,321,70 Years,358,192,166,226,117,109,35,18,17,7,3,4,7,5,2,83,49,34
MATAGORDA COUNTY,321,71 Years,349,164,185,230,108,122,34,13,21,7,5,2,6,3,3,72,35,37
MATAGORDA COUNTY,321,72 Years,317,146,171,209,103,106,33,11,22,6,4,2,4,2,2,65,26,39
MATAGORDA COUNTY,321,73 Years,282,130,152,179,85,94,34,16,18,3,2,1,3,2,1,63,25,38
MATAGORDA COUNTY,321,74 Years,257,124,133,174,87,87,24,12,12,2,1,1,2,1,1,55,23,32
MATAGORDA COUNTY,321,75 Years,251,112,139,171,78,93,24,8,16,3,2,1,3,3,0,50,21,29
MATAGORDA COUNTY,321,76 Years,243,106,137,162,71,91,26,10,16,3,3,0,4,2,2,48,20,28
MATAGORDA COUNTY,321,77 Years,232,103,129,154,69,85,21,8,13,3,1,2,3,1,2,51,24,27
MATAGORDA COUNTY,321,78 Years,207,94,113,140,68,72,18,6,12,3,2,1,4,2,2,42,16,26
MATAGORDA COUNTY,321,79 Years,194,88,106,130,69,61,17,6,11,2,0,2,3,1,2,42,12,30
MATAGORDA COUNTY,321,80 Years,194,86,108,139,68,71,15,5,10,2,0,2,1,1,0,37,12,25
MATAGORDA COUNTY,321,81 Years,187,87,100,125,65,60,14,5,9,5,1,4,1,1,0,42,15,27
MATAGORDA COUNTY,321,82 Years,174,72,102,119,50,69,17,6,11,5,2,3,0,0,0,33,14,19
MATAGORDA COUNTY,321,83 Years,143,62,81,89,40,49,18,5,13,4,2,2,2,1,1,30,14,16
MATAGORDA COUNTY,321,84 Years,130,54,76,83,36,47,14,5,9,3,1,2,4,1,3,26,11,15
MATAGORDA COUNTY,321,85 Years,114,40,74,74,29,45,13,3,10,5,1,4,3,1,2,19,6,13
MATAGORDA COUNTY,321,86 Years,96,39,57,63,28,35,12,4,8,2,1,1,2,1,1,17,5,12
MATAGORDA COUNTY,321,87 Years,84,36,48,58,26,32,10,4,6,2,1,1,1,1,0,13,4,9
MATAGORDA COUNTY,321,88 Years,77,31,46,50,21,29,11,4,7,4,2,2,1,1,0,11,3,8
MATAGORDA COUNTY,321,89 Years,73,33,40,50,23,27,8,3,5,2,2,0,1,0,1,12,5,7
MATAGORDA COUNTY,321,90 Years,57,23,34,38,16,22,9,3,6,0,0,0,2,1,1,8,3,5
MATAGORDA COUNTY,321,91 Years,49,18,31,34,11,23,7,3,4,1,1,0,1,1,0,6,2,4
MATAGORDA COUNTY,321,92 Years,39,13,26,23,8,15,9,2,7,2,1,1,0,0,0,5,2,3
MATAGORDA COUNTY,321,93 Years,33,13,20,22,8,14,6,2,4,1,1,0,0,0,0,4,2,2
MATAGORDA COUNTY,321,94 Years,29,10,19,18,6,12,5,2,3,0,0,0,1,0,1,5,2,3
MATAGORDA COUNTY,321,95 Years +,70,21,49,35,8,27,14,6,8,3,1,2,2,1,1,16,5,11
MAVERICK COUNTY,323,All Ages,57888,29140,28748,1867,1023,844,78,43,35,144,76,68,722,360,362,55077,27638,27439
MAVERICK COUNTY,323,< 1 Year,969,502,467,31,14,17,2,1,1,1,1,0,22,10,12,913,476,437
MAVERICK COUNTY,323,1 Years,982,507,475,39,20,19,2,1,1,2,1,1,21,12,9,918,473,445
MAVERICK COUNTY,323,2 Years,985,522,463,38,23,15,1,0,1,1,0,1,21,10,11,924,489,435
MAVERICK COUNTY,323,3 Years,1024,538,486,49,29,20,1,0,1,1,0,1,20,12,8,953,497,456
MAVERICK COUNTY,323,4 Years,1051,544,507,52,27,25,0,0,0,1,0,1,18,10,8,980,507,473
MAVERICK COUNTY,323,5 Years,1058,535,523,51,27,24,1,1,0,1,0,1,19,10,9,986,497,489
MAVERICK COUNTY,323,6 Years,1041,521,520,43,25,18,0,0,0,0,0,0,14,7,7,984,489,495
MAVERICK COUNTY,323,7 Years,1001,511,490,33,22,11,0,0,0,0,0,0,15,5,10,953,484,469
MAVERICK COUNTY,323,8 Years,974,497,477,29,20,9,0,0,0,0,0,0,13,5,8,932,472,460
MAVERICK COUNTY,323,9 Years,864,442,422,23,12,11,0,0,0,1,0,1,12,2,10,828,428,400
MAVERICK COUNTY,323,10 Years,876,455,421,23,13,10,2,2,0,1,0,1,10,7,3,840,433,407
MAVERICK COUNTY,323,11 Years,895,460,435,19,11,8,1,1,0,1,0,1,17,9,8,857,439,418
MAVERICK COUNTY,323,12 Years,920,459,461,23,14,9,1,1,0,2,1,1,17,11,6,877,432,445
MAVERICK COUNTY,323,13 Years,964,482,482,30,16,14,0,0,0,4,3,1,17,11,6,913,452,461
MAVERICK COUNTY,323,14 Years,977,489,488,27,16,11,2,0,2,2,1,1,22,14,8,924,458,466
MAVERICK COUNTY,323,15 Years,950,471,479,31,13,18,2,0,2,1,0,1,19,11,8,897,447,450
MAVERICK COUNTY,323,16 Years,915,464,451,28,15,13,0,0,0,2,0,2,15,12,3,870,437,433
MAVERICK COUNTY,323,17 Years,970,501,469,24,11,13,2,0,2,3,2,1,16,9,7,925,479,446
MAVERICK COUNTY,323,18 Years,923,505,418,21,9,12,2,0,2,1,0,1,16,7,9,883,489,394
MAVERICK COUNTY,323,19 Years,852,473,379,14,5,9,2,1,1,0,0,0,10,6,4,826,461,365
MAVERICK COUNTY,323,20 Years,891,500,391,18,8,10,1,1,0,1,0,1,8,4,4,863,487,376
MAVERICK COUNTY,323,21 Years,860,485,375,13,6,7,0,0,0,2,2,0,12,4,8,833,473,360
MAVERICK COUNTY,323,22 Years,875,493,382,11,8,3,2,0,2,1,1,0,15,8,7,846,476,370
MAVERICK COUNTY,323,23 Years,938,533,405,15,10,5,2,0,2,1,1,0,8,7,1,912,515,397
MAVERICK COUNTY,323,24 Years,927,516,411,20,13,7,1,0,1,1,0,1,10,6,4,895,497,398
MAVERICK COUNTY,323,25 Years,944,523,421,20,14,6,0,0,0,2,1,1,13,7,6,909,501,408
MAVERICK COUNTY,323,26 Years,1023,571,452,20,11,9,1,0,1,0,0,0,10,7,3,992,553,439
MAVERICK COUNTY,323,27 Years,955,535,420,17,10,7,0,0,0,1,0,1,11,7,4,926,518,408
MAVERICK COUNTY,323,28 Years,928,518,410,18,12,6,1,0,1,2,1,1,8,4,4,899,501,398
MAVERICK COUNTY,323,29 Years,829,445,384,15,8,7,2,1,1,2,2,0,8,5,3,802,429,373
MAVERICK COUNTY,323,30 Years,770,389,381,9,3,6,0,0,0,2,1,1,9,6,3,750,379,371
MAVERICK COUNTY,323,31 Years,762,401,361,16,7,9,0,0,0,2,2,0,12,4,8,732,388,344
MAVERICK COUNTY,323,32 Years,768,443,325,25,16,9,2,1,1,2,2,0,10,4,6,729,420,309
MAVERICK COUNTY,323,33 Years,742,424,318,33,21,12,2,1,1,4,1,3,10,7,3,693,394,299
MAVERICK COUNTY,323,34 Years,721,404,317,37,23,14,2,2,0,2,1,1,12,9,3,668,369,299
MAVERICK COUNTY,323,35 Years,699,373,326,33,16,17,1,0,1,2,2,0,10,5,5,653,350,303
MAVERICK COUNTY,323,36 Years,679,346,333,27,15,12,2,2,0,1,1,0,13,4,9,636,324,312
MAVERICK COUNTY,323,37 Years,638,320,318,28,17,11,3,3,0,4,3,1,8,3,5,595,294,301
MAVERICK COUNTY,323,38 Years,651,317,334,26,15,11,1,1,0,3,2,1,6,3,3,615,296,319
MAVERICK COUNTY,323,39 Years,654,324,330,21,12,9,0,0,0,1,0,1,10,4,6,622,308,314
MAVERICK COUNTY,323,40 Years,624,319,305,23,15,8,1,0,1,3,2,1,8,4,4,589,298,291
MAVERICK COUNTY,323,41 Years,611,307,304,17,10,7,1,1,0,3,2,1,6,3,3,584,291,293
MAVERICK COUNTY,323,42 Years,612,276,336,15,8,7,2,1,1,2,0,2,8,3,5,585,264,321
MAVERICK COUNTY,323,43 Years,636,304,332,21,10,11,0,0,0,1,0,1,10,5,5,604,289,315
MAVERICK COUNTY,323,44 Years,661,308,353,18,7,11,0,0,0,3,1,2,4,2,2,636,298,338
MAVERICK COUNTY,323,45 Years,662,313,349,24,12,12,0,0,0,2,1,1,4,2,2,632,298,334
MAVERICK COUNTY,323,46 Years,678,333,345,18,14,4,1,1,0,2,2,0,6,2,4,651,314,337
MAVERICK COUNTY,323,47 Years,654,300,354,19,10,9,0,0,0,5,3,2,5,1,4,625,286,339
MAVERICK COUNTY,323,48 Years,631,284,347,18,9,9,0,0,0,3,2,1,4,1,3,606,272,334
MAVERICK COUNTY,323,49 Years,621,296,325,17,11,6,0,0,0,2,0,2,5,3,2,597,282,315
MAVERICK COUNTY,323,50 Years,647,316,331,13,5,8,1,1,0,3,0,3,11,4,7,619,306,313
MAVERICK COUNTY,323,51 Years,620,300,320,13,5,8,0,0,0,3,0,3,9,4,5,595,291,304
MAVERICK COUNTY,323,52 Years,593,279,314,14,6,8,1,1,0,4,3,1,8,3,5,566,266,300
MAVERICK COUNTY,323,53 Years,584,272,312,27,14,13,1,1,0,3,2,1,4,2,2,549,253,296
MAVERICK COUNTY,323,54 Years,583,290,293,20,12,8,2,1,1,2,1,1,6,2,4,553,274,279
MAVERICK COUNTY,323,55 Years,588,288,300,17,8,9,1,0,1,4,2,2,5,2,3,561,276,285
MAVERICK COUNTY,323,56 Years,566,268,298,14,8,6,1,1,0,5,3,2,5,4,1,541,252,289
MAVERICK COUNTY,323,57 Years,528,249,279,17,11,6,0,0,0,3,1,2,5,3,2,503,234,269
MAVERICK COUNTY,323,58 Years,538,264,274,18,9,9,0,0,0,4,2,2,7,3,4,509,250,259
MAVERICK COUNTY,323,59 Years,540,268,272,13,7,6,1,1,0,3,1,2,4,2,2,519,257,262
MAVERICK COUNTY,323,60 Years,534,247,287,15,8,7,1,1,0,3,1,2,5,2,3,510,235,275
MAVERICK COUNTY,323,61 Years,509,232,277,13,6,7,2,2,0,3,2,1,3,2,1,488,220,268
MAVERICK COUNTY,323,62 Years,516,221,295,17,6,11,2,1,1,0,0,0,2,0,2,495,214,281
MAVERICK COUNTY,323,63 Years,513,248,265,22,11,11,2,2,0,2,1,1,5,1,4,482,233,249
MAVERICK COUNTY,323,64 Years,538,248,290,21,9,12,2,2,0,2,1,1,2,0,2,511,236,275
MAVERICK COUNTY,323,65 Years,526,235,291,22,10,12,3,2,1,1,1,0,2,1,1,498,221,277
MAVERICK COUNTY,323,66 Years,516,238,278,20,11,9,0,0,0,1,1,0,2,0,2,493,226,267
MAVERICK COUNTY,323,67 Years,489,233,256,19,9,10,0,0,0,1,1,0,5,0,5,464,223,241
MAVERICK COUNTY,323,68 Years,503,237,266,21,8,13,1,0,1,0,0,0,2,1,1,479,228,251
MAVERICK COUNTY,323,69 Years,488,228,260,20,7,13,0,0,0,0,0,0,1,0,1,467,221,246
MAVERICK COUNTY,323,70 Years,419,192,227,22,13,9,0,0,0,2,1,1,1,0,1,394,178,216
MAVERICK COUNTY,323,71 Years,406,173,233,16,8,8,0,0,0,3,2,1,1,1,0,386,162,224
MAVERICK COUNTY,323,72 Years,400,179,221,18,11,7,0,0,0,1,1,0,1,0,1,380,167,213
MAVERICK COUNTY,323,73 Years,372,172,200,16,13,3,0,0,0,1,1,0,5,1,4,350,157,193
MAVERICK COUNTY,323,74 Years,355,158,197,17,9,8,0,0,0,1,1,0,3,2,1,334,146,188
MAVERICK COUNTY,323,75 Years,306,137,169,15,7,8,0,0,0,0,0,0,4,2,2,287,128,159
MAVERICK COUNTY,323,76 Years,291,133,158,17,11,6,1,1,0,0,0,0,2,1,1,271,120,151
MAVERICK COUNTY,323,77 Years,264,99,165,16,9,7,1,1,0,0,0,0,1,0,1,246,89,157
MAVERICK COUNTY,323,78 Years,251,111,140,16,11,5,0,0,0,1,1,0,2,1,1,232,98,134
MAVERICK COUNTY,323,79 Years,227,107,120,14,9,5,1,0,1,0,0,0,1,0,1,211,98,113
MAVERICK COUNTY,323,80 Years,197,87,110,12,8,4,0,0,0,0,0,0,1,0,1,184,79,105
MAVERICK COUNTY,323,81 Years,197,84,113,7,2,5,1,0,1,0,0,0,3,0,3,186,82,104
MAVERICK COUNTY,323,82 Years,187,81,106,8,6,2,1,0,1,0,0,0,2,0,2,176,75,101
MAVERICK COUNTY,323,83 Years,168,76,92,8,6,2,0,0,0,0,0,0,1,0,1,159,70,89
MAVERICK COUNTY,323,84 Years,159,72,87,8,7,1,0,0,0,0,0,0,1,1,0,150,64,86
MAVERICK COUNTY,323,85 Years,147,57,90,8,4,4,0,0,0,0,0,0,0,0,0,139,53,86
MAVERICK COUNTY,323,86 Years,117,44,73,11,5,6,0,0,0,0,0,0,0,0,0,106,39,67
MAVERICK COUNTY,323,87 Years,103,35,68,7,3,4,1,0,1,0,0,0,0,0,0,95,32,63
MAVERICK COUNTY,323,88 Years,103,39,64,7,3,4,0,0,0,0,0,0,0,0,0,96,36,60
MAVERICK COUNTY,323,89 Years,105,40,65,5,2,3,1,1,0,1,1,0,1,1,0,97,35,62
MAVERICK COUNTY,323,90 Years,88,34,54,5,3,2,1,1,0,0,0,0,0,0,0,82,30,52
MAVERICK COUNTY,323,91 Years,67,24,43,2,2,0,0,0,0,0,0,0,0,0,0,65,22,43
MAVERICK COUNTY,323,92 Years,52,17,35,3,2,1,0,0,0,0,0,0,1,0,1,48,15,33
MAVERICK COUNTY,323,93 Years,42,14,28,4,1,3,0,0,0,0,0,0,0,0,0,38,13,25
MAVERICK COUNTY,323,94 Years,35,11,24,3,2,1,0,0,0,0,0,0,1,0,1,31,9,22
MAVERICK COUNTY,323,95 Years +,76,25,51,6,3,3,0,0,0,0,0,0,0,0,0,70,22,48
MEDINA COUNTY,325,All Ages,53794,28064,25730,23166,11642,11524,985,842,143,304,165,139,736,384,352,28603,15031,13572
MEDINA COUNTY,325,< 1 Year,647,345,302,211,112,99,2,1,1,1,1,0,30,18,12,403,213,190
MEDINA COUNTY,325,1 Years,665,353,312,227,123,104,2,1,1,2,1,1,23,13,10,411,215,196
MEDINA COUNTY,325,2 Years,673,351,322,228,120,108,2,1,1,3,1,2,25,13,12,415,216,199
MEDINA COUNTY,325,3 Years,683,345,338,239,121,118,2,1,1,2,1,1,17,8,9,423,214,209
MEDINA COUNTY,325,4 Years,691,357,334,246,125,121,2,1,1,3,2,1,15,8,7,425,221,204
MEDINA COUNTY,325,5 Years,671,346,325,240,122,118,1,1,0,1,1,0,12,7,5,417,215,202
MEDINA COUNTY,325,6 Years,649,352,297,231,124,107,1,1,0,1,1,0,11,5,6,405,221,184
MEDINA COUNTY,325,7 Years,616,328,288,214,110,104,0,0,0,1,1,0,12,6,6,389,211,178
MEDINA COUNTY,325,8 Years,628,333,295,222,113,109,1,1,0,2,0,2,13,6,7,390,213,177
MEDINA COUNTY,325,9 Years,683,366,317,237,124,113,1,0,1,1,0,1,11,7,4,433,235,198
MEDINA COUNTY,325,10 Years,710,356,354,243,138,105,2,0,2,1,0,1,13,3,10,451,215,236
MEDINA COUNTY,325,11 Years,658,314,344,220,116,104,2,1,1,1,1,0,11,5,6,424,191,233
MEDINA COUNTY,325,12 Years,699,346,353,231,112,119,5,1,4,2,1,1,8,6,2,453,226,227
MEDINA COUNTY,325,13 Years,730,378,352,242,125,117,4,1,3,2,0,2,9,3,6,473,249,224
MEDINA COUNTY,325,14 Years,700,345,355,231,116,115,3,1,2,0,0,0,9,3,6,457,225,232
MEDINA COUNTY,325,15 Years,700,340,360,233,117,116,6,3,3,0,0,0,14,10,4,447,210,237
MEDINA COUNTY,325,16 Years,756,373,383,246,117,129,10,4,6,2,0,2,15,7,8,483,245,238
MEDINA COUNTY,325,17 Years,729,395,334,249,123,126,22,19,3,2,2,0,16,12,4,440,239,201
MEDINA COUNTY,325,18 Years,770,444,326,249,135,114,22,20,2,7,6,1,17,11,6,475,272,203
MEDINA COUNTY,325,19 Years,735,445,290,208,113,95,45,41,4,7,6,1,12,7,5,463,278,185
MEDINA COUNTY,325,20 Years,766,492,274,207,110,97,69,65,4,4,3,1,12,7,5,474,307,167
MEDINA COUNTY,325,21 Years,749,466,283,210,113,97,56,53,3,7,6,1,13,7,6,463,287,176
MEDINA COUNTY,325,22 Years,711,418,293,221,128,93,25,22,3,7,5,2,7,3,4,451,260,191
MEDINA COUNTY,325,23 Years,808,492,316,249,141,108,44,41,3,18,16,2,12,7,5,485,287,198
MEDINA COUNTY,325,24 Years,828,498,330,261,137,124,31,28,3,23,22,1,12,6,6,501,305,196
MEDINA COUNTY,325,25 Years,825,505,320,274,137,137,56,54,2,23,23,0,8,6,2,464,285,179
MEDINA COUNTY,325,26 Years,853,500,353,304,168,136,29,27,2,11,11,0,11,7,4,498,287,211
MEDINA COUNTY,325,27 Years,820,452,368,295,153,142,14,13,1,7,7,0,9,5,4,495,274,221
MEDINA COUNTY,325,28 Years,836,511,325,279,155,124,44,43,1,1,0,1,8,2,6,504,311,193
MEDINA COUNTY,325,29 Years,773,471,302,268,164,104,18,17,1,0,0,0,7,4,3,480,286,194
MEDINA COUNTY,325,30 Years,759,469,290,249,149,100,68,67,1,2,0,2,8,6,2,432,247,185
MEDINA COUNTY,325,31 Years,627,325,302,249,127,122,11,10,1,0,0,0,2,1,1,365,187,178
MEDINA COUNTY,325,32 Years,625,320,305,201,102,99,6,4,2,1,1,0,3,0,3,414,213,201
MEDINA COUNTY,325,33 Years,635,366,269,218,128,90,2,2,0,3,2,1,5,2,3,407,232,175
MEDINA COUNTY,325,34 Years,649,368,281,233,128,105,16,15,1,3,2,1,3,1,2,394,222,172
MEDINA COUNTY,325,35 Years,633,325,308,253,122,131,21,19,2,4,1,3,7,2,5,348,181,167
MEDINA COUNTY,325,36 Years,574,265,309,248,107,141,4,2,2,3,1,2,9,4,5,310,151,159
MEDINA COUNTY,325,37 Years,649,337,312,270,129,141,4,4,0,2,1,1,6,3,3,367,200,167
MEDINA COUNTY,325,38 Years,555,284,271,235,113,122,3,2,1,4,2,2,5,3,2,308,164,144
MEDINA COUNTY,325,39 Years,698,398,300,257,133,124,27,27,0,2,1,1,6,2,4,406,235,171
MEDINA COUNTY,325,40 Years,574,295,279,239,123,116,5,5,0,1,0,1,5,1,4,324,166,158
MEDINA COUNTY,325,41 Years,581,288,293,250,123,127,29,27,2,3,0,3,5,4,1,294,134,160
MEDINA COUNTY,325,42 Years,558,281,277,233,124,109,13,11,2,3,1,2,9,6,3,300,139,161
MEDINA COUNTY,325,43 Years,574,294,280,244,132,112,5,5,0,2,1,1,3,2,1,320,154,166
MEDINA COUNTY,325,44 Years,599,330,269,253,134,119,18,17,1,2,1,1,3,1,2,323,177,146
MEDINA COUNTY,325,45 Years,586,276,310,248,105,143,6,3,3,1,1,0,7,4,3,324,163,161
MEDINA COUNTY,325,46 Years,661,327,334,276,122,154,37,35,2,3,0,3,10,5,5,335,165,170
MEDINA COUNTY,325,47 Years,644,333,311,288,133,155,19,17,2,4,2,2,5,2,3,328,179,149
MEDINA COUNTY,325,48 Years,692,376,316,309,164,145,6,5,1,4,3,1,5,1,4,368,203,165
MEDINA COUNTY,325,49 Years,688,340,348,308,149,159,4,3,1,9,1,8,5,3,2,362,184,178
MEDINA COUNTY,325,50 Years,677,322,355,307,136,171,13,10,3,5,1,4,6,4,2,346,171,175
MEDINA COUNTY,325,51 Years,612,295,317,287,141,146,5,4,1,4,1,3,9,2,7,307,147,160
MEDINA COUNTY,325,52 Years,574,279,295,264,126,138,4,2,2,3,2,1,8,5,3,295,144,151
MEDINA COUNTY,325,53 Years,667,349,318,316,161,155,12,9,3,4,2,2,6,4,2,329,173,156
MEDINA COUNTY,325,54 Years,671,342,329,317,162,155,8,5,3,5,2,3,9,3,6,332,170,162
MEDINA COUNTY,325,55 Years,692,369,323,329,178,151,11,9,2,2,0,2,9,4,5,341,178,163
MEDINA COUNTY,325,56 Years,725,395,330,359,185,174,5,2,3,2,0,2,10,5,5,349,203,146
MEDINA COUNTY,325,57 Years,716,363,353,363,176,187,9,4,5,5,1,4,10,7,3,329,175,154
MEDINA COUNTY,325,58 Years,745,374,371,386,198,188,16,13,3,6,1,5,10,4,6,327,158,169
MEDINA COUNTY,325,59 Years,770,359,411,417,204,213,4,0,4,7,2,5,8,4,4,334,149,185
MEDINA COUNTY,325,60 Years,679,346,333,373,185,188,2,1,1,4,2,2,6,4,2,294,154,140
MEDINA COUNTY,325,61 Years,684,310,374,371,171,200,3,0,3,4,0,4,11,3,8,295,136,159
MEDINA COUNTY,325,62 Years,701,345,356,395,188,207,4,1,3,5,2,3,9,3,6,288,151,137
MEDINA COUNTY,325,63 Years,688,328,360,409,196,213,2,1,1,3,1,2,6,2,4,268,128,140
MEDINA COUNTY,325,64 Years,631,311,320,377,191,186,1,0,1,2,0,2,9,5,4,242,115,127
MEDINA COUNTY,325,65 Years,579,285,294,339,170,169,1,0,1,2,0,2,7,4,3,230,111,119
MEDINA COUNTY,325,66 Years,598,292,306,351,171,180,3,0,3,4,1,3,4,2,2,236,118,118
MEDINA COUNTY,325,67 Years,591,282,309,343,165,178,3,1,2,4,1,3,8,7,1,233,108,125
MEDINA COUNTY,325,68 Years,569,275,294,332,162,170,3,2,1,3,1,2,4,3,1,227,107,120
MEDINA COUNTY,325,69 Years,536,261,275,316,156,160,5,3,2,1,0,1,5,2,3,209,100,109
MEDINA COUNTY,325,70 Years,578,294,284,342,172,170,4,2,2,2,0,2,8,6,2,222,114,108
MEDINA COUNTY,325,71 Years,598,294,304,356,169,187,4,2,2,1,0,1,9,6,3,228,117,111
MEDINA COUNTY,325,72 Years,575,274,301,348,171,177,3,1,2,3,0,3,6,3,3,215,99,116
MEDINA COUNTY,325,73 Years,450,225,225,279,145,134,2,1,1,2,1,1,2,1,1,165,77,88
MEDINA COUNTY,325,74 Years,417,209,208,261,134,127,0,0,0,2,2,0,3,3,0,151,70,81
MEDINA COUNTY,325,75 Years,405,182,223,249,116,133,1,1,0,1,0,1,7,5,2,147,60,87
MEDINA COUNTY,325,76 Years,383,171,212,244,110,134,3,2,1,1,0,1,5,2,3,130,57,73
MEDINA COUNTY,325,77 Years,330,150,180,200,95,105,1,1,0,2,0,2,4,2,2,123,52,71
MEDINA COUNTY,325,78 Years,284,133,151,180,87,93,2,2,0,1,0,1,5,2,3,96,42,54
MEDINA COUNTY,325,79 Years,270,146,124,160,79,81,8,8,0,0,0,0,3,2,1,99,57,42
MEDINA COUNTY,325,80 Years,253,124,129,150,82,68,3,3,0,3,0,3,6,2,4,91,37,54
MEDINA COUNTY,325,81 Years,237,107,130,146,74,72,1,1,0,2,0,2,5,0,5,83,32,51
MEDINA COUNTY,325,82 Years,197,83,114,123,57,66,0,0,0,2,0,2,3,1,2,69,25,44
MEDINA COUNTY,325,83 Years,205,92,113,127,59,68,3,2,1,1,0,1,4,3,1,70,28,42
MEDINA COUNTY,325,84 Years,173,81,92,112,54,58,2,0,2,2,1,1,1,1,0,56,25,31
MEDINA COUNTY,325,85 Years,159,69,90,105,47,58,1,0,1,1,0,1,2,1,1,50,21,29
MEDINA COUNTY,325,86 Years,143,67,76,89,41,48,0,0,0,1,0,1,1,1,0,52,25,27
MEDINA COUNTY,325,87 Years,124,53,71,82,33,49,1,1,0,1,1,0,0,0,0,40,18,22
MEDINA COUNTY,325,88 Years,113,43,70,79,29,50,2,2,0,0,0,0,1,0,1,31,12,19
MEDINA COUNTY,325,89 Years,104,37,67,71,25,46,0,0,0,0,0,0,1,0,1,32,12,20
MEDINA COUNTY,325,90 Years,86,35,51,56,25,31,0,0,0,1,0,1,1,0,1,28,10,18
MEDINA COUNTY,325,91 Years,65,25,40,44,16,28,0,0,0,1,0,1,0,0,0,20,9,11
MEDINA COUNTY,325,92 Years,54,22,32,36,12,24,2,2,0,1,1,0,0,0,0,15,7,8
MEDINA COUNTY,325,93 Years,40,14,26,26,8,18,1,1,0,0,0,0,1,1,0,12,4,8
MEDINA COUNTY,325,94 Years,30,11,19,19,7,12,0,0,0,0,0,0,0,0,0,11,4,7
MEDINA COUNTY,325,95 Years +,93,27,66,55,14,41,2,1,1,0,0,0,1,0,1,35,12,23
MENARD COUNTY,327,All Ages,2128,1068,1060,1189,577,612,11,8,3,3,1,2,12,4,8,913,478,435
MENARD COUNTY,327,< 1 Year,21,9,12,6,4,2,0,0,0,0,0,0,0,0,0,15,5,10
MENARD COUNTY,327,1 Years,21,11,10,5,3,2,0,0,0,0,0,0,0,0,0,16,8,8
MENARD COUNTY,327,2 Years,20,11,9,5,4,1,0,0,0,0,0,0,0,0,0,15,7,8
MENARD COUNTY,327,3 Years,18,12,6,5,3,2,0,0,0,0,0,0,0,0,0,13,9,4
MENARD COUNTY,327,4 Years,21,13,8,5,3,2,0,0,0,0,0,0,0,0,0,16,10,6
MENARD COUNTY,327,5 Years,25,16,9,7,3,4,0,0,0,0,0,0,0,0,0,18,13,5
MENARD COUNTY,327,6 Years,26,16,10,7,4,3,0,0,0,0,0,0,0,0,0,19,12,7
MENARD COUNTY,327,7 Years,24,13,11,8,3,5,0,0,0,0,0,0,0,0,0,16,10,6
MENARD COUNTY,327,8 Years,18,9,9,5,2,3,0,0,0,0,0,0,0,0,0,13,7,6
MENARD COUNTY,327,9 Years,22,13,9,7,5,2,0,0,0,0,0,0,0,0,0,15,8,7
MENARD COUNTY,327,10 Years,27,17,10,14,9,5,0,0,0,0,0,0,0,0,0,13,8,5
MENARD COUNTY,327,11 Years,28,13,15,14,8,6,0,0,0,0,0,0,0,0,0,14,5,9
MENARD COUNTY,327,12 Years,22,8,14,10,4,6,0,0,0,0,0,0,0,0,0,12,4,8
MENARD COUNTY,327,13 Years,27,16,11,13,10,3,0,0,0,0,0,0,0,0,0,14,6,8
MENARD COUNTY,327,14 Years,29,20,9,17,13,4,0,0,0,0,0,0,0,0,0,12,7,5
MENARD COUNTY,327,15 Years,20,15,5,9,8,1,0,0,0,0,0,0,0,0,0,11,7,4
MENARD COUNTY,327,16 Years,19,11,8,8,5,3,0,0,0,0,0,0,0,0,0,11,6,5
MENARD COUNTY,327,17 Years,18,10,8,8,4,4,0,0,0,0,0,0,0,0,0,10,6,4
MENARD COUNTY,327,18 Years,19,10,9,8,3,5,0,0,0,0,0,0,0,0,0,11,7,4
MENARD COUNTY,327,19 Years,19,10,9,7,4,3,0,0,0,0,0,0,0,0,0,12,6,6
MENARD COUNTY,327,20 Years,23,10,13,9,5,4,0,0,0,0,0,0,0,0,0,14,5,9
MENARD COUNTY,327,21 Years,22,14,8,10,5,5,0,0,0,0,0,0,0,0,0,12,9,3
MENARD COUNTY,327,22 Years,18,13,5,7,4,3,0,0,0,0,0,0,0,0,0,11,9,2
MENARD COUNTY,327,23 Years,23,10,13,9,4,5,0,0,0,0,0,0,0,0,0,14,6,8
MENARD COUNTY,327,24 Years,25,13,12,8,5,3,0,0,0,0,0,0,0,0,0,17,8,9
MENARD COUNTY,327,25 Years,17,10,7,9,5,4,1,1,0,0,0,0,0,0,0,7,4,3
MENARD COUNTY,327,26 Years,25,13,12,9,5,4,0,0,0,0,0,0,1,0,1,15,8,7
MENARD COUNTY,327,27 Years,21,12,9,7,4,3,1,1,0,0,0,0,0,0,0,13,7,6
MENARD COUNTY,327,28 Years,19,9,10,7,3,4,1,1,0,0,0,0,0,0,0,11,5,6
MENARD COUNTY,327,29 Years,15,9,6,5,3,2,1,0,1,0,0,0,0,0,0,9,6,3
MENARD COUNTY,327,30 Years,17,9,8,3,2,1,1,0,1,0,0,0,0,0,0,13,7,6
MENARD COUNTY,327,31 Years,15,10,5,6,3,3,0,0,0,0,0,0,0,0,0,9,7,2
MENARD COUNTY,327,32 Years,19,8,11,11,4,7,0,0,0,0,0,0,0,0,0,8,4,4
MENARD COUNTY,327,33 Years,16,11,5,8,5,3,0,0,0,0,0,0,0,0,0,8,6,2
MENARD COUNTY,327,34 Years,15,10,5,7,4,3,0,0,0,0,0,0,0,0,0,8,6,2
MENARD COUNTY,327,35 Years,21,10,11,12,4,8,0,0,0,0,0,0,0,0,0,9,6,3
MENARD COUNTY,327,36 Years,20,9,11,10,4,6,0,0,0,0,0,0,1,0,1,9,5,4
MENARD COUNTY,327,37 Years,20,9,11,8,4,4,0,0,0,0,0,0,1,0,1,11,5,6
MENARD COUNTY,327,38 Years,24,9,15,12,4,8,0,0,0,0,0,0,1,0,1,11,5,6
MENARD COUNTY,327,39 Years,19,6,13,8,1,7,0,0,0,0,0,0,0,0,0,11,5,6
MENARD COUNTY,327,40 Years,12,4,8,6,2,4,0,0,0,0,0,0,0,0,0,6,2,4
MENARD COUNTY,327,41 Years,14,9,5,6,3,3,0,0,0,0,0,0,1,1,0,7,5,2
MENARD COUNTY,327,42 Years,13,6,7,6,3,3,0,0,0,0,0,0,0,0,0,7,3,4
MENARD COUNTY,327,43 Years,19,7,12,11,3,8,0,0,0,0,0,0,1,1,0,7,3,4
MENARD COUNTY,327,44 Years,21,10,11,13,5,8,0,0,0,0,0,0,0,0,0,8,5,3
MENARD COUNTY,327,45 Years,15,7,8,11,6,5,0,0,0,0,0,0,0,0,0,4,1,3
MENARD COUNTY,327,46 Years,16,6,10,13,6,7,0,0,0,0,0,0,0,0,0,3,0,3
MENARD COUNTY,327,47 Years,14,4,10,11,3,8,0,0,0,0,0,0,0,0,0,3,1,2
MENARD COUNTY,327,48 Years,15,5,10,9,2,7,0,0,0,0,0,0,0,0,0,6,3,3
MENARD COUNTY,327,49 Years,17,7,10,6,2,4,0,0,0,0,0,0,0,0,0,11,5,6
MENARD COUNTY,327,50 Years,23,11,12,11,6,5,1,1,0,0,0,0,0,0,0,11,4,7
MENARD COUNTY,327,51 Years,21,11,10,10,5,5,0,0,0,0,0,0,0,0,0,11,6,5
MENARD COUNTY,327,52 Years,24,12,12,17,8,9,0,0,0,0,0,0,0,0,0,7,4,3
MENARD COUNTY,327,53 Years,19,7,12,11,4,7,0,0,0,0,0,0,0,0,0,8,3,5
MENARD COUNTY,327,54 Years,18,7,11,8,2,6,0,0,0,0,0,0,0,0,0,10,5,5
MENARD COUNTY,327,55 Years,23,13,10,12,6,6,0,0,0,0,0,0,0,0,0,11,7,4
MENARD COUNTY,327,56 Years,32,10,22,20,6,14,0,0,0,0,0,0,0,0,0,12,4,8
MENARD COUNTY,327,57 Years,37,17,20,23,10,13,0,0,0,0,0,0,0,0,0,14,7,7
MENARD COUNTY,327,58 Years,38,19,19,25,13,12,0,0,0,2,1,1,0,0,0,11,5,6
MENARD COUNTY,327,59 Years,36,17,19,27,13,14,0,0,0,1,0,1,0,0,0,8,4,4
MENARD COUNTY,327,60 Years,42,21,21,27,14,13,0,0,0,0,0,0,0,0,0,15,7,8
MENARD COUNTY,327,61 Years,34,16,18,21,10,11,2,1,1,0,0,0,0,0,0,11,5,6
MENARD COUNTY,327,62 Years,32,14,18,25,10,15,0,0,0,0,0,0,0,0,0,7,4,3
MENARD COUNTY,327,63 Years,34,19,15,22,14,8,0,0,0,0,0,0,0,0,0,12,5,7
MENARD COUNTY,327,64 Years,34,17,17,23,12,11,0,0,0,0,0,0,0,0,0,11,5,6
MENARD COUNTY,327,65 Years,35,17,18,23,9,14,1,1,0,0,0,0,1,1,0,10,6,4
MENARD COUNTY,327,66 Years,33,15,18,24,10,14,0,0,0,0,0,0,1,0,1,8,5,3
MENARD COUNTY,327,67 Years,28,18,10,20,13,7,0,0,0,0,0,0,1,0,1,7,5,2
MENARD COUNTY,327,68 Years,36,18,18,27,13,14,0,0,0,0,0,0,0,0,0,9,5,4
MENARD COUNTY,327,69 Years,37,13,24,28,10,18,1,1,0,0,0,0,0,0,0,8,2,6
MENARD COUNTY,327,70 Years,40,19,21,26,10,16,1,1,0,0,0,0,0,0,0,13,8,5
MENARD COUNTY,327,71 Years,35,20,15,23,12,11,0,0,0,0,0,0,0,0,0,12,8,4
MENARD COUNTY,327,72 Years,33,17,16,24,11,13,0,0,0,0,0,0,0,0,0,9,6,3
MENARD COUNTY,327,73 Years,27,13,14,19,9,10,0,0,0,0,0,0,0,0,0,8,4,4
MENARD COUNTY,327,74 Years,29,16,13,21,13,8,0,0,0,0,0,0,1,0,1,7,3,4
MENARD COUNTY,327,75 Years,33,20,13,22,14,8,0,0,0,0,0,0,1,0,1,10,6,4
MENARD COUNTY,327,76 Years,33,18,15,25,14,11,0,0,0,0,0,0,1,1,0,7,3,4
MENARD COUNTY,327,77 Years,27,14,13,18,10,8,0,0,0,0,0,0,0,0,0,9,4,5
MENARD COUNTY,327,78 Years,24,11,13,15,7,8,0,0,0,0,0,0,0,0,0,9,4,5
MENARD COUNTY,327,79 Years,25,13,12,20,10,10,0,0,0,0,0,0,0,0,0,5,3,2
MENARD COUNTY,327,80 Years,20,12,8,17,9,8,0,0,0,0,0,0,0,0,0,3,3,0
MENARD COUNTY,327,81 Years,20,11,9,13,7,6,0,0,0,0,0,0,0,0,0,7,4,3
MENARD COUNTY,327,82 Years,20,7,13,13,5,8,0,0,0,0,0,0,0,0,0,7,2,5
MENARD COUNTY,327,83 Years,17,7,10,13,6,7,0,0,0,0,0,0,0,0,0,4,1,3
MENARD COUNTY,327,84 Years,12,4,8,9,4,5,0,0,0,0,0,0,0,0,0,3,0,3
MENARD COUNTY,327,85 Years,18,7,11,12,5,7,0,0,0,0,0,0,0,0,0,6,2,4
MENARD COUNTY,327,86 Years,17,7,10,11,4,7,0,0,0,0,0,0,0,0,0,6,3,3
MENARD COUNTY,327,87 Years,11,5,6,10,4,6,0,0,0,0,0,0,0,0,0,1,1,0
MENARD COUNTY,327,88 Years,12,6,6,9,4,5,0,0,0,0,0,0,0,0,0,3,2,1
MENARD COUNTY,327,89 Years,10,5,5,7,3,4,0,0,0,0,0,0,0,0,0,3,2,1
MENARD COUNTY,327,90 Years,10,5,5,6,3,3,0,0,0,0,0,0,0,0,0,4,2,2
MENARD COUNTY,327,91 Years,9,3,6,5,2,3,0,0,0,0,0,0,0,0,0,4,1,3
MENARD COUNTY,327,92 Years,7,3,4,5,2,3,0,0,0,0,0,0,0,0,0,2,1,1
MENARD COUNTY,327,93 Years,8,4,4,4,2,2,0,0,0,0,0,0,0,0,0,4,2,2
MENARD COUNTY,327,94 Years,7,3,4,4,2,2,0,0,0,0,0,0,0,0,0,3,1,2
MENARD COUNTY,327,95 Years +,14,4,10,9,2,7,0,0,0,0,0,0,0,0,0,5,2,3
MIDLAND COUNTY,329,All Ages,176814,90722,86092,75924,38340,37584,10680,5570,5110,3258,1698,1560,3199,1654,1545,83753,43460,40293
MIDLAND COUNTY,329,< 1 Year,2741,1387,1354,1013,513,500,195,99,96,23,11,12,88,42,46,1422,722,700
MIDLAND COUNTY,329,1 Years,2757,1412,1345,1023,521,502,184,97,87,26,16,10,88,45,43,1436,733,703
MIDLAND COUNTY,329,2 Years,2826,1447,1379,1045,538,507,183,95,88,30,16,14,93,43,50,1475,755,720
MIDLAND COUNTY,329,3 Years,2947,1529,1418,1082,563,519,177,93,84,44,24,20,103,53,50,1541,796,745
MIDLAND COUNTY,329,4 Years,3056,1572,1484,1088,561,527,175,90,85,53,27,26,101,50,51,1639,844,795
MIDLAND COUNTY,329,5 Years,3102,1582,1520,1094,556,538,168,84,84,66,34,32,100,51,49,1674,857,817
MIDLAND COUNTY,329,6 Years,2983,1518,1465,1045,521,524,160,82,78,63,30,33,86,44,42,1629,841,788
MIDLAND COUNTY,329,7 Years,2867,1464,1403,994,498,496,149,73,76,66,36,30,85,46,39,1573,811,762
MIDLAND COUNTY,329,8 Years,2761,1433,1328,932,471,461,147,74,73,60,32,28,71,38,33,1551,818,733
MIDLAND COUNTY,329,9 Years,2622,1364,1258,859,454,405,142,66,76,47,24,23,64,32,32,1510,788,722
MIDLAND COUNTY,329,10 Years,2769,1450,1319,898,470,428,160,90,70,39,30,9,75,35,40,1597,825,772
MIDLAND COUNTY,329,11 Years,2792,1435,1357,903,477,426,165,80,85,39,22,17,73,30,43,1612,826,786
MIDLAND COUNTY,329,12 Years,2710,1403,1307,830,430,400,177,85,92,38,18,20,73,34,39,1592,836,756
MIDLAND COUNTY,329,13 Years,2579,1347,1232,802,426,376,182,109,73,48,26,22,66,29,37,1481,757,724
MIDLAND COUNTY,329,14 Years,2498,1287,1211,774,422,352,168,91,77,45,22,23,68,36,32,1443,716,727
MIDLAND COUNTY,329,15 Years,2447,1276,1171,758,405,353,162,82,80,54,26,28,64,41,23,1409,722,687
MIDLAND COUNTY,329,16 Years,2416,1256,1160,756,391,365,164,85,79,40,20,20,46,31,15,1410,729,681
MIDLAND COUNTY,329,17 Years,2475,1291,1184,775,416,359,158,83,75,55,38,17,57,30,27,1430,724,706
MIDLAND COUNTY,329,18 Years,2451,1271,1180,765,396,369,150,72,78,56,33,23,65,34,31,1415,736,679
MIDLAND COUNTY,329,19 Years,2323,1210,1113,710,376,334,150,73,77,51,27,24,49,29,20,1363,705,658
MIDLAND COUNTY,329,20 Years,2305,1243,1062,710,384,326,138,71,67,46,20,26,43,29,14,1368,739,629
MIDLAND COUNTY,329,21 Years,2365,1274,1091,735,407,328,119,59,60,39,19,20,41,28,13,1431,761,670
MIDLAND COUNTY,329,22 Years,2480,1353,1127,832,457,375,144,75,69,48,27,21,28,13,15,1428,781,647
MIDLAND COUNTY,329,23 Years,2654,1459,1195,972,512,460,126,64,62,42,22,20,38,23,15,1476,838,638
MIDLAND COUNTY,329,24 Years,2937,1577,1360,1151,619,532,135,72,63,32,16,16,36,25,11,1583,845,738
MIDLAND COUNTY,329,25 Years,3139,1713,1426,1300,710,590,140,81,59,51,33,18,40,29,11,1608,860,748
MIDLAND COUNTY,329,26 Years,3213,1746,1467,1338,738,600,167,96,71,37,22,15,43,29,14,1628,861,767
MIDLAND COUNTY,329,27 Years,3391,1825,1566,1434,791,643,189,97,92,41,23,18,48,30,18,1679,884,795
MIDLAND COUNTY,329,28 Years,3625,1954,1671,1502,822,680,229,110,119,43,23,20,63,32,31,1788,967,821
MIDLAND COUNTY,329,29 Years,3354,1752,1602,1403,739,664,208,115,93,29,8,21,42,18,24,1672,872,800
MIDLAND COUNTY,329,30 Years,3146,1627,1519,1327,672,655,151,93,58,23,14,9,43,25,18,1602,823,779
MIDLAND COUNTY,329,31 Years,3042,1605,1437,1259,652,607,147,95,52,35,20,15,37,16,21,1564,822,742
MIDLAND COUNTY,329,32 Years,3164,1684,1480,1328,688,640,179,100,79,40,20,20,45,24,21,1572,852,720
MIDLAND COUNTY,329,33 Years,3156,1647,1509,1396,731,665,199,103,96,40,20,20,35,17,18,1486,776,710
MIDLAND COUNTY,329,34 Years,3040,1605,1435,1337,709,628,171,98,73,52,28,24,32,13,19,1448,757,691
MIDLAND COUNTY,329,35 Years,2981,1623,1358,1285,677,608,163,94,69,66,32,34,43,13,30,1424,807,617
MIDLAND COUNTY,329,36 Years,2954,1573,1381,1303,694,609,146,87,59,77,47,30,38,13,25,1390,732,658
MIDLAND COUNTY,329,37 Years,2827,1473,1354,1200,627,573,153,83,70,48,26,22,55,24,31,1371,713,658
MIDLAND COUNTY,329,38 Years,2607,1378,1229,1115,582,533,135,67,68,46,23,23,46,27,19,1265,679,586
MIDLAND COUNTY,329,39 Years,2528,1361,1167,1101,603,498,151,73,78,49,28,21,29,19,10,1198,638,560
MIDLAND COUNTY,329,40 Years,2262,1217,1045,975,542,433,129,69,60,47,20,27,23,11,12,1088,575,513
MIDLAND COUNTY,329,41 Years,2212,1152,1060,921,482,439,110,66,44,50,19,31,24,8,16,1107,577,530
MIDLAND COUNTY,329,42 Years,2113,1143,970,851,430,421,113,69,44,46,23,23,29,22,7,1074,599,475
MIDLAND COUNTY,329,43 Years,1959,1071,888,774,406,368,117,67,50,58,31,27,31,18,13,979,549,430
MIDLAND COUNTY,329,44 Years,2018,1074,944,820,414,406,110,58,52,43,22,21,26,15,11,1019,565,454
MIDLAND COUNTY,329,45 Years,1932,1014,918,769,402,367,89,49,40,50,28,22,24,15,9,1000,520,480
MIDLAND COUNTY,329,46 Years,1890,1004,886,768,401,367,114,69,45,33,12,21,18,8,10,957,514,443
MIDLAND COUNTY,329,47 Years,1923,1015,908,814,420,394,111,70,41,39,16,23,16,6,10,943,503,440
MIDLAND COUNTY,329,48 Years,1893,925,968,825,400,425,112,48,64,62,23,39,23,13,10,871,441,430
MIDLAND COUNTY,329,49 Years,1838,946,892,814,430,384,112,55,57,72,34,38,28,13,15,812,414,398
MIDLAND COUNTY,329,50 Years,1807,922,885,809,406,403,115,64,51,56,27,29,21,7,14,806,418,388
MIDLAND COUNTY,329,51 Years,1709,870,839,750,369,381,118,68,50,41,21,20,18,9,9,782,403,379
MIDLAND COUNTY,329,52 Years,1634,830,804,744,357,387,113,66,47,41,22,19,16,11,5,720,374,346
MIDLAND COUNTY,329,53 Years,1660,856,804,748,373,375,112,65,47,45,25,20,16,13,3,739,380,359
MIDLAND COUNTY,329,54 Years,1692,885,807,781,389,392,120,70,50,39,28,11,16,9,7,736,389,347
MIDLAND COUNTY,329,55 Years,1765,876,889,860,403,457,139,74,65,40,24,16,22,11,11,704,364,340
MIDLAND COUNTY,329,56 Years,1876,940,936,966,474,492,140,72,68,39,18,21,25,10,15,706,366,340
MIDLAND COUNTY,329,57 Years,1891,930,961,1045,509,536,126,66,60,38,19,19,17,7,10,665,329,336
MIDLAND COUNTY,329,58 Years,1884,890,994,1057,481,576,138,71,67,40,20,20,22,10,12,627,308,319
MIDLAND COUNTY,329,59 Years,1914,951,963,1099,534,565,130,69,61,56,31,25,24,9,15,605,308,297
MIDLAND COUNTY,329,60 Years,1840,910,930,1105,531,574,126,65,61,38,26,12,23,8,15,548,280,268
MIDLAND COUNTY,329,61 Years,1780,892,888,1094,528,566,125,67,58,25,19,6,23,12,11,513,266,247
MIDLAND COUNTY,329,62 Years,1763,891,872,1055,525,530,126,63,63,35,18,17,29,18,11,518,267,251
MIDLAND COUNTY,329,63 Years,1696,816,880,1007,485,522,121,58,63,36,16,20,25,13,12,507,244,263
MIDLAND COUNTY,329,64 Years,1571,762,809,985,476,509,106,48,58,36,16,20,22,11,11,422,211,211
MIDLAND COUNTY,329,65 Years,1474,727,747,892,434,458,120,65,55,37,18,19,28,17,11,397,193,204
MIDLAND COUNTY,329,66 Years,1357,654,703,832,411,421,101,54,47,38,18,20,29,17,12,357,154,203
MIDLAND COUNTY,329,67 Years,1227,592,635,767,371,396,105,51,54,19,9,10,21,11,10,315,150,165
MIDLAND COUNTY,329,68 Years,1138,528,610,706,333,373,92,44,48,26,13,13,26,11,15,288,127,161
MIDLAND COUNTY,329,69 Years,1059,489,570,638,302,336,74,33,41,31,16,15,19,8,11,297,130,167
MIDLAND COUNTY,329,70 Years,942,447,495,586,282,304,62,34,28,28,15,13,17,10,7,249,106,143
MIDLAND COUNTY,329,71 Years,878,405,473,558,269,289,58,20,38,18,7,11,16,8,8,228,101,127
MIDLAND COUNTY,329,72 Years,857,388,469,571,262,309,49,20,29,13,5,8,21,9,12,203,92,111
MIDLAND COUNTY,329,73 Years,693,327,366,441,209,232,48,26,22,13,7,6,14,7,7,177,78,99
MIDLAND COUNTY,329,74 Years,627,265,362,405,175,230,40,15,25,10,5,5,12,8,4,160,62,98
MIDLAND COUNTY,329,75 Years,613,260,353,410,178,232,39,15,24,6,4,2,9,5,4,149,58,91
MIDLAND COUNTY,329,76 Years,596,253,343,395,172,223,42,21,21,7,4,3,8,3,5,144,53,91
MIDLAND COUNTY,329,77 Years,549,221,328,366,147,219,39,17,22,10,7,3,8,4,4,126,46,80
MIDLAND COUNTY,329,78 Years,484,195,289,311,125,186,35,12,23,7,5,2,7,3,4,124,50,74
MIDLAND COUNTY,329,79 Years,462,172,290,312,114,198,35,14,21,7,4,3,9,5,4,99,35,64
MIDLAND COUNTY,329,80 Years,433,161,272,291,107,184,26,13,13,8,3,5,9,4,5,99,34,65
MIDLAND COUNTY,329,81 Years,435,161,274,307,108,199,24,12,12,5,1,4,6,2,4,93,38,55
MIDLAND COUNTY,329,82 Years,406,158,248,287,109,178,29,8,21,5,2,3,4,1,3,81,38,43
MIDLAND COUNTY,329,83 Years,392,162,230,276,110,166,26,11,15,5,1,4,4,2,2,81,38,43
MIDLAND COUNTY,329,84 Years,375,157,218,262,108,154,24,8,16,4,3,1,4,2,2,81,36,45
MIDLAND COUNTY,329,85 Years,326,129,197,240,101,139,19,4,15,3,2,1,2,1,1,62,21,41
MIDLAND COUNTY,329,86 Years,299,112,187,226,92,134,17,4,13,1,1,0,3,1,2,52,14,38
MIDLAND COUNTY,329,87 Years,279,97,182,208,74,134,20,5,15,2,0,2,3,1,2,46,17,29
MIDLAND COUNTY,329,88 Years,254,90,164,191,67,124,16,4,12,3,1,2,5,2,3,39,16,23
MIDLAND COUNTY,329,89 Years,215,80,135,162,62,100,9,2,7,3,1,2,3,1,2,38,14,24
MIDLAND COUNTY,329,90 Years,202,70,132,149,53,96,13,3,10,3,1,2,2,2,0,35,11,24
MIDLAND COUNTY,329,91 Years,176,62,114,136,49,87,8,3,5,3,1,2,2,1,1,27,8,19
MIDLAND COUNTY,329,92 Years,141,51,90,110,40,70,5,2,3,3,1,2,2,0,2,21,8,13
MIDLAND COUNTY,329,93 Years,109,37,72,82,29,53,8,2,6,2,0,2,1,0,1,16,6,10
MIDLAND COUNTY,329,94 Years,84,26,58,64,20,44,5,1,4,2,1,1,1,0,1,12,4,8
MIDLAND COUNTY,329,95 Years +,180,58,122,133,41,92,14,5,9,4,1,3,3,1,2,26,10,16
MILAM COUNTY,331,All Ages,25185,12507,12678,15125,7447,7678,2218,1032,1186,114,56,58,418,224,194,7310,3748,3562
MILAM COUNTY,331,< 1 Year,285,149,136,119,62,57,25,12,13,2,1,1,14,9,5,125,65,60
MILAM COUNTY,331,1 Years,287,152,135,124,64,60,24,12,12,2,1,1,16,10,6,121,65,56
MILAM COUNTY,331,2 Years,307,158,149,133,74,59,28,13,15,2,0,2,13,7,6,131,64,67
MILAM COUNTY,331,3 Years,332,172,160,144,79,65,33,15,18,2,1,1,13,7,6,140,70,70
MILAM COUNTY,331,4 Years,351,180,171,145,76,69,38,19,19,3,1,2,16,10,6,149,74,75
MILAM COUNTY,331,5 Years,350,178,172,139,70,69,39,21,18,2,1,1,17,8,9,153,78,75
MILAM COUNTY,331,6 Years,344,175,169,132,65,67,37,19,18,3,1,2,15,8,7,157,82,75
MILAM COUNTY,331,7 Years,337,174,163,131,69,62,35,15,20,1,1,0,10,5,5,160,84,76
MILAM COUNTY,331,8 Years,336,173,163,125,67,58,34,14,20,2,1,1,12,7,5,163,84,79
MILAM COUNTY,331,9 Years,350,186,164,128,80,48,36,18,18,2,1,1,11,7,4,173,80,93
MILAM COUNTY,331,10 Years,345,185,160,141,80,61,33,17,16,1,0,1,8,4,4,162,84,78
MILAM COUNTY,331,11 Years,352,192,160,154,84,70,40,20,20,1,1,0,8,6,2,149,81,68
MILAM COUNTY,331,12 Years,362,179,183,156,78,78,38,18,20,2,1,1,8,6,2,158,76,82
MILAM COUNTY,331,13 Years,323,172,151,153,76,77,30,18,12,1,0,1,9,5,4,130,73,57
MILAM COUNTY,331,14 Years,351,180,171,163,80,83,29,16,13,3,1,2,7,4,3,149,79,70
MILAM COUNTY,331,15 Years,368,202,166,177,98,79,25,14,11,1,1,0,8,6,2,157,83,74
MILAM COUNTY,331,16 Years,334,186,148,154,87,67,27,14,13,1,1,0,8,7,1,144,77,67
MILAM COUNTY,331,17 Years,350,197,153,172,98,74,25,14,11,0,0,0,8,3,5,145,82,63
MILAM COUNTY,331,18 Years,311,158,153,142,73,69,28,15,13,0,0,0,7,3,4,134,67,67
MILAM COUNTY,331,19 Years,264,142,122,118,66,52,24,14,10,1,1,0,5,2,3,116,59,57
MILAM COUNTY,331,20 Years,228,125,103,109,63,46,17,9,8,0,0,0,6,2,4,96,51,45
MILAM COUNTY,331,21 Years,224,118,106,111,64,47,21,8,13,0,0,0,5,4,1,87,42,45
MILAM COUNTY,331,22 Years,264,133,131,133,74,59,26,12,14,0,0,0,8,5,3,97,42,55
MILAM COUNTY,331,23 Years,277,145,132,141,76,65,28,15,13,2,0,2,7,4,3,99,50,49
MILAM COUNTY,331,24 Years,291,147,144,144,69,75,37,19,18,4,2,2,5,3,2,101,54,47
MILAM COUNTY,331,25 Years,315,143,172,148,65,83,39,19,20,2,1,1,7,3,4,119,55,64
MILAM COUNTY,331,26 Years,323,156,167,156,75,81,39,20,19,1,1,0,7,2,5,120,58,62
MILAM COUNTY,331,27 Years,328,156,172,179,85,94,30,9,21,0,0,0,6,3,3,113,59,54
MILAM COUNTY,331,28 Years,290,126,164,157,69,88,25,7,18,1,1,0,3,1,2,104,48,56
MILAM COUNTY,331,29 Years,262,124,138,138,66,72,25,9,16,2,2,0,3,2,1,94,45,49
MILAM COUNTY,331,30 Years,271,124,147,140,59,81,24,8,16,1,1,0,2,1,1,104,55,49
MILAM COUNTY,331,31 Years,260,127,133,151,69,82,21,7,14,1,1,0,1,0,1,86,50,36
MILAM COUNTY,331,32 Years,240,120,120,141,70,71,21,10,11,1,1,0,3,2,1,74,37,37
MILAM COUNTY,331,33 Years,255,130,125,144,68,76,17,7,10,1,0,1,2,2,0,91,53,38
MILAM COUNTY,331,34 Years,269,131,138,142,68,74,19,9,10,2,0,2,3,2,1,103,52,51
MILAM COUNTY,331,35 Years,267,145,122,135,83,52,16,6,10,2,1,1,1,1,0,113,54,59
MILAM COUNTY,331,36 Years,289,151,138,160,86,74,18,8,10,4,2,2,2,1,1,105,54,51
MILAM COUNTY,331,37 Years,260,135,125,147,72,75,17,7,10,2,1,1,1,1,0,93,54,39
MILAM COUNTY,331,38 Years,258,128,130,152,73,79,17,6,11,0,0,0,1,0,1,88,49,39
MILAM COUNTY,331,39 Years,263,130,133,154,74,80,20,9,11,1,0,1,3,2,1,85,45,40
MILAM COUNTY,331,40 Years,251,111,140,151,61,90,17,6,11,0,0,0,4,3,1,79,41,38
MILAM COUNTY,331,41 Years,259,118,141,157,70,87,16,3,13,2,2,0,1,1,0,83,42,41
MILAM COUNTY,331,42 Years,257,123,134,150,73,77,20,8,12,1,1,0,0,0,0,86,41,45
MILAM COUNTY,331,43 Years,294,148,146,161,83,78,29,13,16,2,2,0,2,1,1,100,49,51
MILAM COUNTY,331,44 Years,256,122,134,154,71,83,22,10,12,1,0,1,3,0,3,76,41,35
MILAM COUNTY,331,45 Years,261,121,140,153,70,83,24,10,14,1,0,1,2,1,1,81,40,41
MILAM COUNTY,331,46 Years,253,125,128,166,82,84,19,7,12,1,1,0,1,0,1,66,35,31
MILAM COUNTY,331,47 Years,276,139,137,189,91,98,22,11,11,2,1,1,3,2,1,60,34,26
MILAM COUNTY,331,48 Years,300,165,135,195,111,84,22,11,11,2,1,1,2,1,1,79,41,38
MILAM COUNTY,331,49 Years,291,148,143,184,95,89,23,9,14,3,0,3,3,2,1,78,42,36
MILAM COUNTY,331,50 Years,275,126,149,177,82,95,19,8,11,3,1,2,4,2,2,72,33,39
MILAM COUNTY,331,51 Years,276,138,138,189,95,94,16,8,8,2,1,1,3,2,1,66,32,34
MILAM COUNTY,331,52 Years,284,141,143,190,96,94,27,10,17,1,1,0,3,2,1,63,32,31
MILAM COUNTY,331,53 Years,303,140,163,197,95,102,29,10,19,2,2,0,4,1,3,71,32,39
MILAM COUNTY,331,54 Years,302,155,147,202,103,99,25,12,13,1,0,1,2,0,2,72,40,32
MILAM COUNTY,331,55 Years,313,154,159,214,106,108,28,12,16,0,0,0,1,1,0,70,35,35
MILAM COUNTY,331,56 Years,357,171,186,247,121,126,29,11,18,3,1,2,5,2,3,73,36,37
MILAM COUNTY,331,57 Years,324,155,169,226,105,121,32,13,19,2,0,2,6,3,3,58,34,24
MILAM COUNTY,331,58 Years,343,176,167,233,117,116,42,26,16,1,1,0,3,1,2,64,31,33
MILAM COUNTY,331,59 Years,363,171,192,249,119,130,47,22,25,1,1,0,3,2,1,63,27,36
MILAM COUNTY,331,60 Years,327,163,164,235,111,124,38,20,18,0,0,0,5,3,2,49,29,20
MILAM COUNTY,331,61 Years,350,171,179,244,111,133,29,17,12,1,1,0,5,2,3,71,40,31
MILAM COUNTY,331,62 Years,361,172,189,270,126,144,29,14,15,2,2,0,3,2,1,57,28,29
MILAM COUNTY,331,63 Years,374,192,182,276,134,142,29,15,14,2,1,1,5,3,2,62,39,23
MILAM COUNTY,331,64 Years,354,165,189,264,125,139,31,10,21,1,0,1,6,2,4,52,28,24
MILAM COUNTY,331,65 Years,362,174,188,283,140,143,32,15,17,0,0,0,3,1,2,44,18,26
MILAM COUNTY,331,66 Years,339,157,182,272,120,152,22,10,12,0,0,0,2,2,0,43,25,18
MILAM COUNTY,331,67 Years,329,154,175,263,123,140,20,7,13,1,0,1,3,2,1,42,22,20
MILAM COUNTY,331,68 Years,355,165,190,284,128,156,25,14,11,1,1,0,4,2,2,41,20,21
MILAM COUNTY,331,69 Years,316,153,163,251,123,128,24,13,11,2,1,1,2,0,2,37,16,21
MILAM COUNTY,331,70 Years,296,146,150,230,112,118,23,13,10,2,0,2,2,0,2,39,21,18
MILAM COUNTY,331,71 Years,296,150,146,232,116,116,25,13,12,1,0,1,2,0,2,36,21,15
MILAM COUNTY,331,72 Years,331,159,172,265,124,141,24,13,11,0,0,0,2,0,2,40,22,18
MILAM COUNTY,331,73 Years,259,135,124,206,110,96,21,11,10,1,0,1,0,0,0,31,14,17
MILAM COUNTY,331,74 Years,261,134,127,205,106,99,18,8,10,2,1,1,1,1,0,35,18,17
MILAM COUNTY,331,75 Years,234,116,118,184,91,93,18,8,10,1,1,0,4,3,1,27,13,14
MILAM COUNTY,331,76 Years,220,110,110,180,90,90,17,8,9,0,0,0,5,3,2,18,9,9
MILAM COUNTY,331,77 Years,199,101,98,163,83,80,15,8,7,0,0,0,3,1,2,18,9,9
MILAM COUNTY,331,78 Years,180,87,93,143,73,70,14,6,8,0,0,0,2,0,2,21,8,13
MILAM COUNTY,331,79 Years,163,77,86,131,62,69,10,3,7,1,1,0,1,0,1,20,11,9
MILAM COUNTY,331,80 Years,145,66,79,115,52,63,13,5,8,0,0,0,1,0,1,16,9,7
MILAM COUNTY,331,81 Years,155,72,83,118,56,62,12,6,6,1,0,1,3,1,2,21,9,12
MILAM COUNTY,331,82 Years,145,58,87,112,47,65,13,6,7,1,0,1,2,1,1,17,4,13
MILAM COUNTY,331,83 Years,130,63,67,100,47,53,12,7,5,0,0,0,1,0,1,17,9,8
MILAM COUNTY,331,84 Years,110,54,56,83,38,45,10,6,4,0,0,0,0,0,0,17,10,7
MILAM COUNTY,331,85 Years,105,46,59,81,34,47,11,6,5,0,0,0,0,0,0,13,6,7
MILAM COUNTY,331,86 Years,90,41,49,70,31,39,9,5,4,1,0,1,1,0,1,9,5,4
MILAM COUNTY,331,87 Years,82,35,47,63,26,37,9,4,5,0,0,0,1,1,0,9,4,5
MILAM COUNTY,331,88 Years,75,31,44,55,23,32,9,4,5,0,0,0,1,1,0,10,3,7
MILAM COUNTY,331,89 Years,65,26,39,48,18,30,7,3,4,0,0,0,1,0,1,9,5,4
MILAM COUNTY,331,90 Years,60,25,35,45,18,27,7,3,4,0,0,0,0,0,0,8,4,4
MILAM COUNTY,331,91 Years,48,18,30,34,12,22,7,3,4,0,0,0,0,0,0,7,3,4
MILAM COUNTY,331,92 Years,38,14,24,26,9,17,5,2,3,1,0,1,1,1,0,5,2,3
MILAM COUNTY,331,93 Years,32,13,19,21,8,13,5,2,3,1,1,0,0,0,0,5,2,3
MILAM COUNTY,331,94 Years,28,13,15,17,7,10,4,1,3,1,1,0,0,0,0,6,4,2
MILAM COUNTY,331,95 Years +,60,20,40,40,13,27,8,1,7,0,0,0,2,0,2,10,6,4
MILLS COUNTY,333,All Ages,4899,2415,2484,3791,1829,1962,27,12,15,7,1,6,67,37,30,1007,536,471
MILLS COUNTY,333,< 1 Year,50,28,22,27,16,11,0,0,0,0,0,0,0,0,0,23,12,11
MILLS COUNTY,333,1 Years,49,29,20,28,16,12,0,0,0,0,0,0,0,0,0,21,13,8
MILLS COUNTY,333,2 Years,52,30,22,30,19,11,0,0,0,0,0,0,0,0,0,22,11,11
MILLS COUNTY,333,3 Years,49,28,21,30,18,12,0,0,0,0,0,0,0,0,0,19,10,9
MILLS COUNTY,333,4 Years,61,33,28,34,19,15,0,0,0,0,0,0,3,1,2,24,13,11
MILLS COUNTY,333,5 Years,63,37,26,37,21,16,0,0,0,0,0,0,3,2,1,23,14,9
MILLS COUNTY,333,6 Years,67,36,31,41,20,21,0,0,0,0,0,0,3,1,2,23,15,8
MILLS COUNTY,333,7 Years,58,34,24,35,20,15,0,0,0,0,0,0,2,1,1,21,13,8
MILLS COUNTY,333,8 Years,59,31,28,34,16,18,0,0,0,0,0,0,0,0,0,25,15,10
MILLS COUNTY,333,9 Years,65,32,33,39,15,24,0,0,0,0,0,0,1,1,0,25,16,9
MILLS COUNTY,333,10 Years,54,31,23,36,21,15,0,0,0,0,0,0,1,1,0,17,9,8
MILLS COUNTY,333,11 Years,66,27,39,45,19,26,0,0,0,0,0,0,1,1,0,20,7,13
MILLS COUNTY,333,12 Years,64,27,37,43,21,22,0,0,0,0,0,0,2,1,1,19,5,14
MILLS COUNTY,333,13 Years,63,35,28,46,27,19,1,1,0,0,0,0,1,1,0,15,6,9
MILLS COUNTY,333,14 Years,52,27,25,37,19,18,1,1,0,0,0,0,1,1,0,13,6,7
MILLS COUNTY,333,15 Years,57,32,25,39,21,18,1,1,0,0,0,0,2,2,0,15,8,7
MILLS COUNTY,333,16 Years,49,27,22,36,19,17,1,1,0,0,0,0,2,2,0,10,5,5
MILLS COUNTY,333,17 Years,48,29,19,37,21,16,0,0,0,1,1,0,0,0,0,10,7,3
MILLS COUNTY,333,18 Years,52,30,22,39,22,17,1,0,1,0,0,0,1,1,0,11,7,4
MILLS COUNTY,333,19 Years,50,25,25,33,18,15,3,1,2,0,0,0,0,0,0,14,6,8
MILLS COUNTY,333,20 Years,49,23,26,29,13,16,4,3,1,0,0,0,0,0,0,16,7,9
MILLS COUNTY,333,21 Years,46,17,29,28,12,16,5,1,4,0,0,0,0,0,0,13,4,9
MILLS COUNTY,333,22 Years,52,25,27,32,15,17,3,2,1,0,0,0,0,0,0,17,8,9
MILLS COUNTY,333,23 Years,56,31,25,32,17,15,1,1,0,0,0,0,0,0,0,23,13,10
MILLS COUNTY,333,24 Years,53,26,27,33,14,19,0,0,0,0,0,0,1,0,1,19,12,7
MILLS COUNTY,333,25 Years,63,29,34,39,16,23,1,0,1,0,0,0,3,3,0,20,10,10
MILLS COUNTY,333,26 Years,64,35,29,45,23,22,1,0,1,0,0,0,0,0,0,18,12,6
MILLS COUNTY,333,27 Years,63,34,29,49,24,25,0,0,0,0,0,0,0,0,0,14,10,4
MILLS COUNTY,333,28 Years,46,19,27,35,12,23,0,0,0,0,0,0,0,0,0,11,7,4
MILLS COUNTY,333,29 Years,38,20,18,25,13,12,0,0,0,0,0,0,2,0,2,11,7,4
MILLS COUNTY,333,30 Years,37,18,19,27,11,16,0,0,0,0,0,0,1,0,1,9,7,2
MILLS COUNTY,333,31 Years,40,19,21,29,11,18,0,0,0,0,0,0,0,0,0,11,8,3
MILLS COUNTY,333,32 Years,35,18,17,26,14,12,0,0,0,1,0,1,0,0,0,8,4,4
MILLS COUNTY,333,33 Years,31,17,14,25,14,11,0,0,0,0,0,0,0,0,0,6,3,3
MILLS COUNTY,333,34 Years,39,18,21,32,14,18,0,0,0,0,0,0,0,0,0,7,4,3
MILLS COUNTY,333,35 Years,37,20,17,27,14,13,0,0,0,0,0,0,0,0,0,10,6,4
MILLS COUNTY,333,36 Years,44,14,30,31,8,23,0,0,0,1,0,1,1,0,1,11,6,5
MILLS COUNTY,333,37 Years,46,14,32,39,11,28,0,0,0,0,0,0,0,0,0,7,3,4
MILLS COUNTY,333,38 Years,45,17,28,37,13,24,0,0,0,0,0,0,0,0,0,8,4,4
MILLS COUNTY,333,39 Years,51,25,26,42,20,22,0,0,0,0,0,0,1,1,0,8,4,4
MILLS COUNTY,333,40 Years,51,25,26,38,16,22,0,0,0,0,0,0,1,1,0,12,8,4
MILLS COUNTY,333,41 Years,44,19,25,34,14,20,0,0,0,0,0,0,0,0,0,10,5,5
MILLS COUNTY,333,42 Years,46,23,23,37,19,18,0,0,0,0,0,0,1,1,0,8,3,5
MILLS COUNTY,333,43 Years,47,19,28,36,16,20,1,0,1,1,0,1,1,0,1,8,3,5
MILLS COUNTY,333,44 Years,32,15,17,23,11,12,0,0,0,0,0,0,0,0,0,9,4,5
MILLS COUNTY,333,45 Years,40,21,19,29,16,13,0,0,0,0,0,0,1,1,0,10,4,6
MILLS COUNTY,333,46 Years,44,22,22,34,17,17,0,0,0,0,0,0,0,0,0,10,5,5
MILLS COUNTY,333,47 Years,44,18,26,30,13,17,0,0,0,0,0,0,0,0,0,14,5,9
MILLS COUNTY,333,48 Years,56,22,34,41,16,25,0,0,0,0,0,0,1,1,0,14,5,9
MILLS COUNTY,333,49 Years,64,32,32,49,24,25,0,0,0,0,0,0,2,2,0,13,6,7
MILLS COUNTY,333,50 Years,58,34,24,48,29,19,0,0,0,0,0,0,1,0,1,9,5,4
MILLS COUNTY,333,51 Years,53,26,27,44,21,23,0,0,0,0,0,0,1,0,1,8,5,3
MILLS COUNTY,333,52 Years,62,32,30,51,25,26,0,0,0,0,0,0,0,0,0,11,7,4
MILLS COUNTY,333,53 Years,61,32,29,47,25,22,0,0,0,0,0,0,0,0,0,14,7,7
MILLS COUNTY,333,54 Years,71,39,32,53,26,27,0,0,0,0,0,0,2,2,0,16,11,5
MILLS COUNTY,333,55 Years,60,29,31,49,23,26,0,0,0,0,0,0,1,0,1,10,6,4
MILLS COUNTY,333,56 Years,60,29,31,48,21,27,0,0,0,0,0,0,1,0,1,11,8,3
MILLS COUNTY,333,57 Years,66,32,34,55,25,30,1,0,1,0,0,0,2,1,1,8,6,2
MILLS COUNTY,333,58 Years,77,36,41,64,30,34,1,0,1,0,0,0,1,0,1,11,6,5
MILLS COUNTY,333,59 Years,63,32,31,57,29,28,0,0,0,0,0,0,0,0,0,6,3,3
MILLS COUNTY,333,60 Years,57,25,32,51,23,28,0,0,0,0,0,0,0,0,0,6,2,4
MILLS COUNTY,333,61 Years,69,30,39,61,27,34,0,0,0,1,0,1,1,0,1,6,3,3
MILLS COUNTY,333,62 Years,73,33,40,61,27,34,0,0,0,1,0,1,2,1,1,9,5,4
MILLS COUNTY,333,63 Years,83,37,46,71,30,41,0,0,0,0,0,0,2,1,1,10,6,4
MILLS COUNTY,333,64 Years,86,45,41,74,39,35,1,0,1,0,0,0,1,0,1,10,6,4
MILLS COUNTY,333,65 Years,73,36,37,65,31,34,0,0,0,0,0,0,0,0,0,8,5,3
MILLS COUNTY,333,66 Years,75,34,41,64,29,35,0,0,0,0,0,0,1,0,1,10,5,5
MILLS COUNTY,333,67 Years,69,29,40,59,25,34,0,0,0,0,0,0,0,0,0,10,4,6
MILLS COUNTY,333,68 Years,77,41,36,67,37,30,0,0,0,1,0,1,1,1,0,8,3,5
MILLS COUNTY,333,69 Years,79,37,42,70,33,37,0,0,0,0,0,0,1,1,0,8,3,5
MILLS COUNTY,333,70 Years,77,31,46,68,29,39,0,0,0,0,0,0,1,0,1,8,2,6
MILLS COUNTY,333,71 Years,65,35,30,61,33,28,0,0,0,0,0,0,0,0,0,4,2,2
MILLS COUNTY,333,72 Years,65,35,30,61,32,29,0,0,0,0,0,0,0,0,0,4,3,1
MILLS COUNTY,333,73 Years,64,33,31,61,32,29,0,0,0,0,0,0,2,1,1,1,0,1
MILLS COUNTY,333,74 Years,69,32,37,62,29,33,0,0,0,0,0,0,1,0,1,6,3,3
MILLS COUNTY,333,75 Years,71,40,31,68,38,30,0,0,0,0,0,0,1,1,0,2,1,1
MILLS COUNTY,333,76 Years,68,38,30,62,35,27,0,0,0,0,0,0,0,0,0,6,3,3
MILLS COUNTY,333,77 Years,60,32,28,58,31,27,0,0,0,0,0,0,0,0,0,2,1,1
MILLS COUNTY,333,78 Years,50,31,19,45,29,16,0,0,0,0,0,0,0,0,0,5,2,3
MILLS COUNTY,333,79 Years,40,25,15,35,21,14,0,0,0,0,0,0,1,1,0,4,3,1
MILLS COUNTY,333,80 Years,47,21,26,39,17,22,0,0,0,0,0,0,0,0,0,8,4,4
MILLS COUNTY,333,81 Years,38,17,21,34,15,19,0,0,0,0,0,0,1,1,0,3,1,2
MILLS COUNTY,333,82 Years,31,16,15,30,15,15,0,0,0,0,0,0,0,0,0,1,1,0
MILLS COUNTY,333,83 Years,28,14,14,24,13,11,0,0,0,0,0,0,0,0,0,4,1,3
MILLS COUNTY,333,84 Years,20,10,10,17,8,9,0,0,0,0,0,0,0,0,0,3,2,1
MILLS COUNTY,333,85 Years,25,8,17,21,7,14,0,0,0,0,0,0,0,0,0,4,1,3
MILLS COUNTY,333,86 Years,26,13,13,21,10,11,0,0,0,0,0,0,0,0,0,5,3,2
MILLS COUNTY,333,87 Years,25,11,14,21,9,12,0,0,0,0,0,0,0,0,0,4,2,2
MILLS COUNTY,333,88 Years,24,8,16,21,7,14,0,0,0,0,0,0,0,0,0,3,1,2
MILLS COUNTY,333,89 Years,16,4,12,15,3,12,0,0,0,0,0,0,0,0,0,1,1,0
MILLS COUNTY,333,90 Years,14,4,10,11,3,8,0,0,0,0,0,0,1,0,1,2,1,1
MILLS COUNTY,333,91 Years,15,4,11,11,2,9,0,0,0,0,0,0,1,0,1,3,2,1
MILLS COUNTY,333,92 Years,16,6,10,14,5,9,0,0,0,0,0,0,0,0,0,2,1,1
MILLS COUNTY,333,93 Years,10,4,6,8,4,4,0,0,0,0,0,0,0,0,0,2,0,2
MILLS COUNTY,333,94 Years,12,5,7,10,4,6,0,0,0,0,0,0,0,0,0,2,1,1
MILLS COUNTY,333,95 Years +,20,7,13,15,4,11,0,0,0,0,0,0,1,0,1,4,3,1
MITCHELL COUNTY,335,All Ages,8531,5083,3448,4112,2174,1938,911,795,116,27,16,11,110,58,52,3371,2040,1331
MITCHELL COUNTY,335,< 1 Year,88,49,39,36,17,19,1,0,1,0,0,0,3,2,1,48,30,18
MITCHELL COUNTY,335,1 Years,92,49,43,37,20,17,1,0,1,0,0,0,3,2,1,51,27,24
MITCHELL COUNTY,335,2 Years,100,51,49,38,21,17,2,1,1,1,0,1,3,2,1,56,27,29
MITCHELL COUNTY,335,3 Years,97,45,52,40,22,18,2,1,1,0,0,0,2,1,1,53,21,32
MITCHELL COUNTY,335,4 Years,93,42,51,41,21,20,1,0,1,0,0,0,0,0,0,51,21,30
MITCHELL COUNTY,335,5 Years,90,40,50,38,19,19,1,0,1,0,0,0,2,1,1,49,20,29
MITCHELL COUNTY,335,6 Years,94,44,50,37,20,17,0,0,0,0,0,0,3,1,2,54,23,31
MITCHELL COUNTY,335,7 Years,100,50,50,39,23,16,0,0,0,1,0,1,5,2,3,55,25,30
MITCHELL COUNTY,335,8 Years,101,48,53,40,21,19,0,0,0,0,0,0,4,2,2,57,25,32
MITCHELL COUNTY,335,9 Years,87,43,44,38,14,24,1,0,1,0,0,0,3,1,2,45,28,17
MITCHELL COUNTY,335,10 Years,87,39,48,42,18,24,3,1,2,0,0,0,1,0,1,41,20,21
MITCHELL COUNTY,335,11 Years,87,39,48,39,19,20,2,0,2,0,0,0,4,1,3,42,19,23
MITCHELL COUNTY,335,12 Years,89,46,43,42,23,19,3,0,3,1,1,0,1,1,0,42,21,21
MITCHELL COUNTY,335,13 Years,82,41,41,41,21,20,3,1,2,0,0,0,0,0,0,38,19,19
MITCHELL COUNTY,335,14 Years,70,42,28,28,17,11,3,2,1,0,0,0,2,1,1,37,22,15
MITCHELL COUNTY,335,15 Years,87,47,40,43,22,21,6,3,3,0,0,0,1,1,0,37,21,16
MITCHELL COUNTY,335,16 Years,82,43,39,37,19,18,7,2,5,0,0,0,2,1,1,36,21,15
MITCHELL COUNTY,335,17 Years,81,42,39,43,22,21,7,5,2,1,0,1,0,0,0,30,15,15
MITCHELL COUNTY,335,18 Years,112,67,45,53,29,24,12,11,1,0,0,0,1,1,0,46,26,20
MITCHELL COUNTY,335,19 Years,120,83,37,49,28,21,18,17,1,0,0,0,1,1,0,52,37,15
MITCHELL COUNTY,335,20 Years,155,117,38,54,38,16,26,23,3,1,1,0,1,1,0,73,54,19
MITCHELL COUNTY,335,21 Years,182,141,41,63,43,20,46,44,2,0,0,0,0,0,0,73,54,19
MITCHELL COUNTY,335,22 Years,180,143,37,67,44,23,46,45,1,0,0,0,3,3,0,64,51,13
MITCHELL COUNTY,335,23 Years,169,128,41,59,39,20,37,37,0,0,0,0,3,2,1,70,50,20
MITCHELL COUNTY,335,24 Years,190,135,55,72,43,29,34,33,1,2,1,1,2,2,0,80,56,24
MITCHELL COUNTY,335,25 Years,189,134,55,64,37,27,50,47,3,0,0,0,0,0,0,75,50,25
MITCHELL COUNTY,335,26 Years,179,138,41,55,37,18,42,38,4,0,0,0,3,3,0,79,60,19
MITCHELL COUNTY,335,27 Years,153,114,39,53,35,18,28,26,2,2,2,0,0,0,0,70,51,19
MITCHELL COUNTY,335,28 Years,181,144,37,69,51,18,37,35,2,0,0,0,1,0,1,74,58,16
MITCHELL COUNTY,335,29 Years,151,112,39,53,38,15,29,26,3,0,0,0,2,2,0,67,46,21
MITCHELL COUNTY,335,30 Years,121,87,34,34,17,17,35,33,2,0,0,0,1,0,1,51,37,14
MITCHELL COUNTY,335,31 Years,119,86,33,34,23,11,26,24,2,0,0,0,1,0,1,58,39,19
MITCHELL COUNTY,335,32 Years,112,81,31,37,21,16,22,22,0,0,0,0,0,0,0,53,38,15
MITCHELL COUNTY,335,33 Years,108,78,30,36,19,17,25,25,0,0,0,0,4,2,2,43,32,11
MITCHELL COUNTY,335,34 Years,126,85,41,42,24,18,24,23,1,0,0,0,2,0,2,58,38,20
MITCHELL COUNTY,335,35 Years,118,83,35,40,24,16,21,21,0,1,0,1,3,2,1,53,36,17
MITCHELL COUNTY,335,36 Years,119,84,35,46,25,21,23,23,0,1,1,0,0,0,0,49,35,14
MITCHELL COUNTY,335,37 Years,107,73,34,41,21,20,20,19,1,0,0,0,0,0,0,46,33,13
MITCHELL COUNTY,335,38 Years,122,80,42,53,26,27,17,17,0,0,0,0,0,0,0,52,37,15
MITCHELL COUNTY,335,39 Years,121,74,47,60,29,31,11,10,1,0,0,0,2,1,1,48,34,14
MITCHELL COUNTY,335,40 Years,109,71,38,56,32,24,12,10,2,1,0,1,1,0,1,39,29,10
MITCHELL COUNTY,335,41 Years,102,71,31,49,27,22,14,12,2,0,0,0,2,2,0,37,30,7
MITCHELL COUNTY,335,42 Years,108,74,34,53,28,25,17,17,0,0,0,0,0,0,0,38,29,9
MITCHELL COUNTY,335,43 Years,103,77,26,39,24,15,20,20,0,0,0,0,1,1,0,43,32,11
MITCHELL COUNTY,335,44 Years,108,79,29,49,30,19,13,13,0,1,1,0,0,0,0,45,35,10
MITCHELL COUNTY,335,45 Years,96,65,31,50,28,22,10,8,2,1,1,0,0,0,0,35,28,7
MITCHELL COUNTY,335,46 Years,87,54,33,41,20,21,9,8,1,2,2,0,0,0,0,35,24,11
MITCHELL COUNTY,335,47 Years,98,64,34,42,25,17,8,7,1,2,2,0,1,1,0,45,29,16
MITCHELL COUNTY,335,48 Years,104,58,46,52,26,26,11,10,1,1,1,0,0,0,0,40,21,19
MITCHELL COUNTY,335,49 Years,106,57,49,54,28,26,8,6,2,0,0,0,0,0,0,44,23,21
MITCHELL COUNTY,335,50 Years,88,54,34,45,24,21,11,9,2,0,0,0,1,1,0,31,20,11
MITCHELL COUNTY,335,51 Years,77,50,27,38,24,14,5,5,0,0,0,0,3,1,2,31,20,11
MITCHELL COUNTY,335,52 Years,90,51,39,43,23,20,11,9,2,1,1,0,2,1,1,33,17,16
MITCHELL COUNTY,335,53 Years,96,57,39,50,29,21,11,8,3,1,0,1,2,2,0,32,18,14
MITCHELL COUNTY,335,54 Years,93,52,41,51,28,23,9,6,3,1,1,0,0,0,0,32,17,15
MITCHELL COUNTY,335,55 Years,74,38,36,43,22,21,3,1,2,0,0,0,1,1,0,27,14,13
MITCHELL COUNTY,335,56 Years,86,47,39,55,29,26,1,1,0,0,0,0,0,0,0,30,17,13
MITCHELL COUNTY,335,57 Years,83,42,41,55,27,28,4,1,3,0,0,0,0,0,0,24,14,10
MITCHELL COUNTY,335,58 Years,79,40,39,47,24,23,1,0,1,1,0,1,1,1,0,29,15,14
MITCHELL COUNTY,335,59 Years,90,47,43,65,34,31,1,0,1,0,0,0,0,0,0,24,13,11
MITCHELL COUNTY,335,60 Years,92,48,44,63,34,29,1,0,1,0,0,0,2,0,2,26,14,12
MITCHELL COUNTY,335,61 Years,94,42,52,63,30,33,1,0,1,0,0,0,2,1,1,28,11,17
MITCHELL COUNTY,335,62 Years,78,36,42,56,25,31,2,1,1,0,0,0,1,0,1,19,10,9
MITCHELL COUNTY,335,63 Years,80,37,43,55,26,29,3,0,3,0,0,0,2,1,1,20,10,10
MITCHELL COUNTY,335,64 Years,93,47,46,65,33,32,2,0,2,1,1,0,2,1,1,23,12,11
MITCHELL COUNTY,335,65 Years,97,46,51,71,34,37,3,2,1,1,0,1,0,0,0,22,10,12
MITCHELL COUNTY,335,66 Years,92,45,47,63,32,31,2,1,1,1,0,1,0,0,0,26,12,14
MITCHELL COUNTY,335,67 Years,93,47,46,63,32,31,4,2,2,0,0,0,1,0,1,25,13,12
MITCHELL COUNTY,335,68 Years,91,36,55,59,26,33,3,2,1,0,0,0,2,0,2,27,8,19
MITCHELL COUNTY,335,69 Years,84,39,45,58,27,31,4,2,2,0,0,0,0,0,0,22,10,12
MITCHELL COUNTY,335,70 Years,74,35,39,49,22,27,1,0,1,0,0,0,1,1,0,23,12,11
MITCHELL COUNTY,335,71 Years,73,36,37,50,24,26,1,1,0,0,0,0,0,0,0,22,11,11
MITCHELL COUNTY,335,72 Years,78,39,39,59,28,31,0,0,0,0,0,0,0,0,0,19,11,8
MITCHELL COUNTY,335,73 Years,67,30,37,49,19,30,0,0,0,0,0,0,1,0,1,17,11,6
MITCHELL COUNTY,335,74 Years,65,29,36,47,21,26,1,0,1,1,0,1,1,0,1,15,8,7
MITCHELL COUNTY,335,75 Years,61,26,35,40,16,24,3,1,2,0,0,0,1,1,0,17,8,9
MITCHELL COUNTY,335,76 Years,57,24,33,37,14,23,3,3,0,0,0,0,0,0,0,17,7,10
MITCHELL COUNTY,335,77 Years,55,28,27,39,23,16,2,1,1,0,0,0,0,0,0,14,4,10
MITCHELL COUNTY,335,78 Years,54,21,33,36,14,22,2,1,1,0,0,0,2,1,1,14,5,9
MITCHELL COUNTY,335,79 Years,38,14,24,25,8,17,1,1,0,0,0,0,1,0,1,11,5,6
MITCHELL COUNTY,335,80 Years,39,18,21,27,12,15,2,2,0,0,0,0,0,0,0,10,4,6
MITCHELL COUNTY,335,81 Years,38,14,24,27,11,16,0,0,0,0,0,0,0,0,0,11,3,8
MITCHELL COUNTY,335,82 Years,40,19,21,27,14,13,2,1,1,0,0,0,0,0,0,11,4,7
MITCHELL COUNTY,335,83 Years,38,19,19,21,11,10,2,1,1,0,0,0,2,1,1,13,6,7
MITCHELL COUNTY,335,84 Years,31,13,18,21,7,14,1,1,0,0,0,0,1,0,1,8,5,3
MITCHELL COUNTY,335,85 Years,22,7,15,14,4,10,0,0,0,0,0,0,1,0,1,7,3,4
MITCHELL COUNTY,335,86 Years,25,10,15,13,7,6,2,1,1,0,0,0,0,0,0,10,2,8
MITCHELL COUNTY,335,87 Years,25,12,13,15,7,8,1,1,0,0,0,0,2,1,1,7,3,4
MITCHELL COUNTY,335,88 Years,28,12,16,18,7,11,3,2,1,0,0,0,1,0,1,6,3,3
MITCHELL COUNTY,335,89 Years,19,6,13,14,4,10,1,0,1,0,0,0,0,0,0,4,2,2
MITCHELL COUNTY,335,90 Years,14,6,8,10,4,6,0,0,0,0,0,0,0,0,0,4,2,2
MITCHELL COUNTY,335,91 Years,18,9,9,12,6,6,0,0,0,0,0,0,0,0,0,6,3,3
MITCHELL COUNTY,335,92 Years,15,5,10,10,3,7,0,0,0,0,0,0,0,0,0,5,2,3
MITCHELL COUNTY,335,93 Years,13,3,10,9,3,6,1,0,1,0,0,0,0,0,0,3,0,3
MITCHELL COUNTY,335,94 Years,11,4,7,5,2,3,3,1,2,0,0,0,0,0,0,3,1,2
MITCHELL COUNTY,335,95 Years +,21,6,15,12,2,10,3,1,2,0,0,0,0,0,0,6,3,3
MONTAGUE COUNTY,337,All Ages,19695,9729,9966,16838,8306,8532,68,42,26,65,23,42,411,197,214,2313,1161,1152
MONTAGUE COUNTY,337,< 1 Year,216,109,107,162,82,80,0,0,0,2,1,1,6,3,3,46,23,23
MONTAGUE COUNTY,337,1 Years,222,113,109,165,83,82,6,2,4,1,0,1,7,4,3,43,24,19
MONTAGUE COUNTY,337,2 Years,239,119,120,174,86,88,7,2,5,1,0,1,5,2,3,52,29,23
MONTAGUE COUNTY,337,3 Years,256,128,128,187,92,95,5,3,2,0,0,0,5,2,3,59,31,28
MONTAGUE COUNTY,337,4 Years,258,132,126,187,94,93,0,0,0,0,0,0,6,4,2,65,34,31
MONTAGUE COUNTY,337,5 Years,243,124,119,179,91,88,0,0,0,0,0,0,8,5,3,56,28,28
MONTAGUE COUNTY,337,6 Years,245,130,115,181,94,87,4,2,2,0,0,0,8,6,2,52,28,24
MONTAGUE COUNTY,337,7 Years,244,126,118,180,94,86,4,2,2,2,0,2,5,2,3,53,28,25
MONTAGUE COUNTY,337,8 Years,256,139,117,195,108,87,0,0,0,0,0,0,4,2,2,57,29,28
MONTAGUE COUNTY,337,9 Years,276,147,129,205,119,86,2,1,1,0,0,0,5,3,2,64,24,40
MONTAGUE COUNTY,337,10 Years,244,128,116,183,97,86,2,2,0,0,0,0,4,2,2,55,27,28
MONTAGUE COUNTY,337,11 Years,249,131,118,194,100,94,1,1,0,0,0,0,8,4,4,46,26,20
MONTAGUE COUNTY,337,12 Years,245,136,109,191,103,88,1,1,0,1,0,1,7,4,3,45,28,17
MONTAGUE COUNTY,337,13 Years,216,120,96,161,88,73,1,0,1,2,2,0,6,3,3,46,27,19
MONTAGUE COUNTY,337,14 Years,233,130,103,174,93,81,1,1,0,1,1,0,7,5,2,50,30,20
MONTAGUE COUNTY,337,15 Years,250,130,120,186,92,94,1,0,1,2,1,1,9,4,5,52,33,19
MONTAGUE COUNTY,337,16 Years,229,125,104,173,92,81,0,0,0,1,1,0,7,2,5,48,30,18
MONTAGUE COUNTY,337,17 Years,240,137,103,177,99,78,2,2,0,1,0,1,8,3,5,52,33,19
MONTAGUE COUNTY,337,18 Years,222,109,113,176,86,90,1,0,1,1,0,1,7,3,4,37,20,17
MONTAGUE COUNTY,337,19 Years,172,77,95,131,63,68,2,1,1,0,0,0,4,2,2,35,11,24
MONTAGUE COUNTY,337,20 Years,180,94,86,138,72,66,1,0,1,1,1,0,7,5,2,33,16,17
MONTAGUE COUNTY,337,21 Years,188,90,98,152,73,79,2,0,2,1,0,1,5,3,2,28,14,14
MONTAGUE COUNTY,337,22 Years,182,85,97,147,70,77,2,1,1,1,1,0,6,4,2,26,9,17
MONTAGUE COUNTY,337,23 Years,182,82,100,147,70,77,2,1,1,0,0,0,8,3,5,25,8,17
MONTAGUE COUNTY,337,24 Years,188,91,97,151,72,79,1,1,0,0,0,0,8,4,4,28,14,14
MONTAGUE COUNTY,337,25 Years,203,101,102,160,81,79,2,2,0,0,0,0,4,2,2,37,16,21
MONTAGUE COUNTY,337,26 Years,228,117,111,182,92,90,0,0,0,1,0,1,11,6,5,34,19,15
MONTAGUE COUNTY,337,27 Years,241,117,124,199,100,99,2,2,0,1,0,1,7,3,4,32,12,20
MONTAGUE COUNTY,337,28 Years,215,114,101,167,95,72,1,1,0,0,0,0,4,2,2,43,16,27
MONTAGUE COUNTY,337,29 Years,243,121,122,207,103,104,0,0,0,0,0,0,1,0,1,35,18,17
MONTAGUE COUNTY,337,30 Years,251,116,135,215,102,113,0,0,0,1,0,1,1,1,0,34,13,21
MONTAGUE COUNTY,337,31 Years,230,98,132,197,82,115,0,0,0,1,0,1,2,1,1,30,15,15
MONTAGUE COUNTY,337,32 Years,215,94,121,180,79,101,0,0,0,0,0,0,4,1,3,31,14,17
MONTAGUE COUNTY,337,33 Years,226,126,100,197,109,88,0,0,0,0,0,0,4,2,2,25,15,10
MONTAGUE COUNTY,337,34 Years,204,109,95,170,90,80,1,1,0,0,0,0,0,0,0,33,18,15
MONTAGUE COUNTY,337,35 Years,211,101,110,174,81,93,2,2,0,1,0,1,1,1,0,33,17,16
MONTAGUE COUNTY,337,36 Years,219,112,107,180,90,90,1,1,0,1,1,0,9,7,2,28,13,15
MONTAGUE COUNTY,337,37 Years,210,103,107,173,84,89,0,0,0,2,1,1,4,3,1,31,15,16
MONTAGUE COUNTY,337,38 Years,220,105,115,192,93,99,0,0,0,2,0,2,4,2,2,22,10,12
MONTAGUE COUNTY,337,39 Years,220,116,104,187,100,87,0,0,0,2,0,2,4,2,2,27,14,13
MONTAGUE COUNTY,337,40 Years,189,101,88,162,87,75,0,0,0,0,0,0,2,0,2,25,14,11
MONTAGUE COUNTY,337,41 Years,207,109,98,178,91,87,0,0,0,3,2,1,2,1,1,24,15,9
MONTAGUE COUNTY,337,42 Years,196,93,103,167,78,89,0,0,0,1,1,0,3,0,3,25,14,11
MONTAGUE COUNTY,337,43 Years,194,96,98,167,83,84,0,0,0,2,1,1,4,2,2,21,10,11
MONTAGUE COUNTY,337,44 Years,208,95,113,177,83,94,0,0,0,1,0,1,2,2,0,28,10,18
MONTAGUE COUNTY,337,45 Years,214,103,111,179,91,88,1,1,0,1,0,1,4,1,3,29,10,19
MONTAGUE COUNTY,337,46 Years,227,130,97,194,118,76,1,1,0,1,0,1,3,1,2,28,10,18
MONTAGUE COUNTY,337,47 Years,211,114,97,186,103,83,1,1,0,0,0,0,3,2,1,21,8,13
MONTAGUE COUNTY,337,48 Years,235,123,112,210,114,96,0,0,0,3,0,3,3,1,2,19,8,11
MONTAGUE COUNTY,337,49 Years,216,108,108,195,99,96,0,0,0,1,0,1,2,1,1,18,8,10
MONTAGUE COUNTY,337,50 Years,234,108,126,198,96,102,1,1,0,3,0,3,5,3,2,27,8,19
MONTAGUE COUNTY,337,51 Years,210,94,116,179,84,95,1,1,0,4,0,4,3,1,2,23,8,15
MONTAGUE COUNTY,337,52 Years,239,126,113,217,115,102,0,0,0,1,0,1,2,2,0,19,9,10
MONTAGUE COUNTY,337,53 Years,270,138,132,243,127,116,0,0,0,0,0,0,6,3,3,21,8,13
MONTAGUE COUNTY,337,54 Years,266,132,134,235,121,114,0,0,0,0,0,0,5,1,4,26,10,16
MONTAGUE COUNTY,337,55 Years,247,118,129,221,110,111,0,0,0,0,0,0,2,0,2,24,8,16
MONTAGUE COUNTY,337,56 Years,266,132,134,239,119,120,0,0,0,0,0,0,6,3,3,21,10,11
MONTAGUE COUNTY,337,57 Years,295,153,142,259,135,124,0,0,0,2,1,1,10,4,6,24,13,11
MONTAGUE COUNTY,337,58 Years,308,147,161,273,130,143,0,0,0,1,0,1,8,2,6,26,15,11
MONTAGUE COUNTY,337,59 Years,321,158,163,288,141,147,0,0,0,1,1,0,6,3,3,26,13,13
MONTAGUE COUNTY,337,60 Years,283,138,145,258,123,135,0,0,0,0,0,0,9,4,5,16,11,5
MONTAGUE COUNTY,337,61 Years,291,141,150,270,130,140,1,0,1,0,0,0,3,1,2,17,10,7
MONTAGUE COUNTY,337,62 Years,302,145,157,274,130,144,1,1,0,1,0,1,8,3,5,18,11,7
MONTAGUE COUNTY,337,63 Years,273,134,139,250,118,132,0,0,0,1,1,0,7,4,3,15,11,4
MONTAGUE COUNTY,337,64 Years,278,132,146,259,121,138,0,0,0,1,1,0,5,2,3,13,8,5
MONTAGUE COUNTY,337,65 Years,269,125,144,253,115,138,1,1,0,1,1,0,4,2,2,10,6,4
MONTAGUE COUNTY,337,66 Years,240,110,130,230,105,125,0,0,0,1,0,1,3,2,1,6,3,3
MONTAGUE COUNTY,337,67 Years,243,120,123,235,114,121,0,0,0,0,0,0,3,2,1,5,4,1
MONTAGUE COUNTY,337,68 Years,240,120,120,230,114,116,1,1,0,0,0,0,2,2,0,7,3,4
MONTAGUE COUNTY,337,69 Years,246,111,135,237,107,130,0,0,0,1,1,0,2,1,1,6,2,4
MONTAGUE COUNTY,337,70 Years,260,113,147,248,108,140,0,0,0,1,1,0,4,2,2,7,2,5
MONTAGUE COUNTY,337,71 Years,265,124,141,252,119,133,0,0,0,1,1,0,4,1,3,8,3,5
MONTAGUE COUNTY,337,72 Years,253,130,123,236,119,117,1,1,0,1,1,0,7,4,3,8,5,3
MONTAGUE COUNTY,337,73 Years,222,107,115,208,99,109,1,1,0,0,0,0,6,3,3,7,4,3
MONTAGUE COUNTY,337,74 Years,201,87,114,194,83,111,0,0,0,0,0,0,3,1,2,4,3,1
MONTAGUE COUNTY,337,75 Years,210,101,109,200,94,106,0,0,0,0,0,0,3,2,1,7,5,2
MONTAGUE COUNTY,337,76 Years,198,92,106,189,85,104,0,0,0,0,0,0,3,2,1,6,5,1
MONTAGUE COUNTY,337,77 Years,184,86,98,173,78,95,0,0,0,0,0,0,3,1,2,8,7,1
MONTAGUE COUNTY,337,78 Years,153,82,71,146,78,68,0,0,0,0,0,0,3,2,1,4,2,2
MONTAGUE COUNTY,337,79 Years,128,65,63,120,61,59,0,0,0,0,0,0,2,1,1,6,3,3
MONTAGUE COUNTY,337,80 Years,132,65,67,128,63,65,0,0,0,0,0,0,1,0,1,3,2,1
MONTAGUE COUNTY,337,81 Years,142,62,80,139,60,79,0,0,0,0,0,0,1,1,0,2,1,1
MONTAGUE COUNTY,337,82 Years,133,61,72,130,60,70,0,0,0,0,0,0,2,0,2,1,1,0
MONTAGUE COUNTY,337,83 Years,121,51,70,112,47,65,0,0,0,0,0,0,4,1,3,5,3,2
MONTAGUE COUNTY,337,84 Years,102,44,58,95,41,54,0,0,0,0,0,0,4,1,3,3,2,1
MONTAGUE COUNTY,337,85 Years,91,41,50,87,41,46,0,0,0,0,0,0,2,0,2,2,0,2
MONTAGUE COUNTY,337,86 Years,87,39,48,83,38,45,0,0,0,0,0,0,2,0,2,2,1,1
MONTAGUE COUNTY,337,87 Years,78,32,46,72,31,41,0,0,0,0,0,0,2,0,2,4,1,3
MONTAGUE COUNTY,337,88 Years,61,26,35,56,24,32,0,0,0,0,0,0,2,1,1,3,1,2
MONTAGUE COUNTY,337,89 Years,50,19,31,46,17,29,0,0,0,0,0,0,1,1,0,3,1,2
MONTAGUE COUNTY,337,90 Years,44,18,26,42,17,25,0,0,0,0,0,0,0,0,0,2,1,1
MONTAGUE COUNTY,337,91 Years,35,13,22,34,13,21,0,0,0,0,0,0,0,0,0,1,0,1
MONTAGUE COUNTY,337,92 Years,31,12,19,29,11,18,0,0,0,0,0,0,1,0,1,1,1,0
MONTAGUE COUNTY,337,93 Years,22,8,14,21,8,13,0,0,0,0,0,0,1,0,1,0,0,0
MONTAGUE COUNTY,337,94 Years,17,4,13,15,4,11,0,0,0,0,0,0,2,0,2,0,0,0
MONTAGUE COUNTY,337,95 Years +,46,11,35,44,11,33,0,0,0,1,0,1,1,0,1,0,0,0
MONTGOMERY COUNTY,339,All Ages,604391,299016,305375,391774,193164,198610,29470,14553,14917,17830,8144,9686,13438,6494,6944,151879,76661,75218
MONTGOMERY COUNTY,339,< 1 Year,7295,3692,3603,3578,1827,1751,428,219,209,156,79,77,294,148,146,2839,1419,1420
MONTGOMERY COUNTY,339,1 Years,7460,3777,3683,3674,1855,1819,421,214,207,163,84,79,298,150,148,2904,1474,1430
MONTGOMERY COUNTY,339,2 Years,7714,3896,3818,3853,1957,1896,420,213,207,165,86,79,294,150,144,2982,1490,1492
MONTGOMERY COUNTY,339,3 Years,8020,4087,3933,4082,2068,2014,403,202,201,192,103,89,308,155,153,3035,1559,1476
MONTGOMERY COUNTY,339,4 Years,8266,4230,4036,4275,2170,2105,398,205,193,213,114,99,319,161,158,3061,1580,1481
MONTGOMERY COUNTY,339,5 Years,8313,4242,4071,4364,2205,2159,383,200,183,239,131,108,335,171,164,2992,1535,1457
MONTGOMERY COUNTY,339,6 Years,8156,4127,4029,4306,2168,2138,370,196,174,218,115,103,316,163,153,2946,1485,1461
MONTGOMERY COUNTY,339,7 Years,8137,4117,4020,4340,2183,2157,362,192,170,209,109,100,297,152,145,2929,1481,1448
MONTGOMERY COUNTY,339,8 Years,8297,4194,4103,4386,2193,2193,374,203,171,203,98,105,275,134,141,3059,1566,1493
MONTGOMERY COUNTY,339,9 Years,8198,4292,3906,4305,2278,2027,366,179,187,203,114,89,248,127,121,3076,1594,1482
MONTGOMERY COUNTY,339,10 Years,8810,4539,4271,4701,2457,2244,409,203,206,215,112,103,293,151,142,3192,1616,1576
MONTGOMERY COUNTY,339,11 Years,9049,4643,4406,4856,2540,2316,461,231,230,224,114,110,291,144,147,3217,1614,1603
MONTGOMERY COUNTY,339,12 Years,9088,4633,4455,4886,2508,2378,457,246,211,231,122,109,278,144,134,3236,1613,1623
MONTGOMERY COUNTY,339,13 Years,8996,4647,4349,4812,2533,2279,486,231,255,241,112,129,289,153,136,3168,1618,1550
MONTGOMERY COUNTY,339,14 Years,8889,4535,4354,4774,2453,2321,431,227,204,216,115,101,315,145,170,3153,1595,1558
MONTGOMERY COUNTY,339,15 Years,8857,4588,4269,4841,2525,2316,459,242,217,233,118,115,316,159,157,3008,1544,1464
MONTGOMERY COUNTY,339,16 Years,8858,4605,4253,4908,2562,2346,505,260,245,230,100,130,275,146,129,2940,1537,1403
MONTGOMERY COUNTY,339,17 Years,8687,4461,4226,4790,2481,2309,503,256,247,230,96,134,272,155,117,2892,1473,1419
MONTGOMERY COUNTY,339,18 Years,8273,4286,3987,4456,2317,2139,485,276,209,235,97,138,265,139,126,2832,1457,1375
MONTGOMERY COUNTY,339,19 Years,7431,3834,3597,3986,2086,1900,439,231,208,205,93,112,249,122,127,2552,1302,1250
MONTGOMERY COUNTY,339,20 Years,7084,3706,3378,3779,1975,1804,464,236,228,165,79,86,237,115,122,2439,1301,1138
MONTGOMERY COUNTY,339,21 Years,7012,3632,3380,3846,1974,1872,461,241,220,183,91,92,224,110,114,2298,1216,1082
MONTGOMERY COUNTY,339,22 Years,7298,3744,3554,4044,2096,1948,453,234,219,202,90,112,236,117,119,2363,1207,1156
MONTGOMERY COUNTY,339,23 Years,7703,3851,3852,4404,2208,2196,486,249,237,234,111,123,247,126,121,2332,1157,1175
MONTGOMERY COUNTY,339,24 Years,7977,3942,4035,4789,2376,2413,449,230,219,226,105,121,247,114,133,2266,1117,1149
MONTGOMERY COUNTY,339,25 Years,8330,4109,4221,5055,2481,2574,480,244,236,278,113,165,222,101,121,2295,1170,1125
MONTGOMERY COUNTY,339,26 Years,8704,4350,4354,5372,2662,2710,503,271,232,307,147,160,210,87,123,2312,1183,1129
MONTGOMERY COUNTY,339,27 Years,8572,4313,4259,5419,2736,2683,473,243,230,254,121,133,184,88,96,2242,1125,1117
MONTGOMERY COUNTY,339,28 Years,8034,4076,3958,4954,2511,2443,436,235,201,254,120,134,172,96,76,2218,1114,1104
MONTGOMERY COUNTY,339,29 Years,7917,4021,3896,4946,2527,2419,400,198,202,296,121,175,142,65,77,2133,1110,1023
MONTGOMERY COUNTY,339,30 Years,7713,3898,3815,4872,2478,2394,378,184,194,287,108,179,123,56,67,2053,1072,981
MONTGOMERY COUNTY,339,31 Years,7626,3817,3809,4888,2437,2451,345,169,176,268,133,135,170,74,96,1955,1004,951
MONTGOMERY COUNTY,339,32 Years,7873,3929,3944,5136,2512,2624,356,164,192,270,145,125,158,68,90,1953,1040,913
MONTGOMERY COUNTY,339,33 Years,7846,3914,3932,5050,2482,2568,371,178,193,247,148,99,124,57,67,2054,1049,1005
MONTGOMERY COUNTY,339,34 Years,7931,4061,3870,4999,2537,2462,416,223,193,287,162,125,130,58,72,2099,1081,1018
MONTGOMERY COUNTY,339,35 Years,7921,3969,3952,5115,2537,2578,384,191,193,309,136,173,137,70,67,1976,1035,941
MONTGOMERY COUNTY,339,36 Years,8124,4064,4060,5161,2571,2590,383,180,203,336,157,179,124,63,61,2120,1093,1027
MONTGOMERY COUNTY,339,37 Years,8346,4197,4149,5264,2612,2652,392,205,187,352,170,182,129,65,64,2209,1145,1064
MONTGOMERY COUNTY,339,38 Years,8284,4151,4133,5194,2575,2619,452,243,209,341,135,206,138,67,71,2159,1131,1028
MONTGOMERY COUNTY,339,39 Years,8301,4173,4128,5241,2589,2652,469,222,247,317,146,171,153,71,82,2121,1145,976
MONTGOMERY COUNTY,339,40 Years,8013,3998,4015,5010,2487,2523,417,202,215,332,160,172,141,75,66,2113,1074,1039
MONTGOMERY COUNTY,339,41 Years,7863,3792,4071,4884,2357,2527,416,212,204,321,132,189,119,49,70,2123,1042,1081
MONTGOMERY COUNTY,339,42 Years,7908,3895,4013,4886,2435,2451,423,203,220,353,161,192,134,66,68,2112,1030,1082
MONTGOMERY COUNTY,339,43 Years,7802,3879,3923,4800,2408,2392,401,190,211,295,139,156,134,57,77,2172,1085,1087
MONTGOMERY COUNTY,339,44 Years,7945,3966,3979,4971,2513,2458,380,189,191,301,119,182,121,49,72,2172,1096,1076
MONTGOMERY COUNTY,339,45 Years,7841,3808,4033,4870,2411,2459,419,201,218,325,114,211,125,48,77,2102,1034,1068
MONTGOMERY COUNTY,339,46 Years,7842,3795,4047,4804,2374,2430,420,193,227,352,149,203,109,51,58,2157,1028,1129
MONTGOMERY COUNTY,339,47 Years,8162,3983,4179,5254,2584,2670,413,213,200,359,156,203,111,42,69,2025,988,1037
MONTGOMERY COUNTY,339,48 Years,8494,4167,4327,5649,2804,2845,425,203,222,325,131,194,130,63,67,1965,966,999
MONTGOMERY COUNTY,339,49 Years,8481,4168,4313,5679,2808,2871,412,210,202,303,122,181,153,73,80,1934,955,979
MONTGOMERY COUNTY,339,50 Years,8093,3977,4116,5428,2686,2742,369,182,187,296,132,164,143,67,76,1857,910,947
MONTGOMERY COUNTY,339,51 Years,7793,3832,3961,5223,2593,2630,368,177,191,279,116,163,137,67,70,1786,879,907
MONTGOMERY COUNTY,339,52 Years,7632,3827,3805,5206,2607,2599,348,182,166,250,114,136,113,54,59,1715,870,845
MONTGOMERY COUNTY,339,53 Years,7530,3720,3810,5231,2555,2676,353,170,183,249,109,140,108,50,58,1589,836,753
MONTGOMERY COUNTY,339,54 Years,7817,3812,4005,5488,2684,2804,360,167,193,253,98,155,117,52,65,1599,811,788
MONTGOMERY COUNTY,339,55 Years,7976,3937,4039,5711,2827,2884,363,172,191,234,90,144,129,59,70,1539,789,750
MONTGOMERY COUNTY,339,56 Years,7948,3889,4059,5820,2884,2936,376,151,225,212,88,124,118,47,71,1422,719,703
MONTGOMERY COUNTY,339,57 Years,7875,3884,3991,5871,2920,2951,346,149,197,200,81,119,128,49,79,1330,685,645
MONTGOMERY COUNTY,339,58 Years,7892,3860,4032,5925,2912,3013,351,165,186,188,73,115,133,60,73,1295,650,645
MONTGOMERY COUNTY,339,59 Years,7766,3846,3920,5950,2964,2986,328,153,175,178,85,93,132,63,69,1178,581,597
MONTGOMERY COUNTY,339,60 Years,7520,3661,3859,5864,2871,2993,309,140,169,170,78,92,129,67,62,1048,505,543
MONTGOMERY COUNTY,339,61 Years,7602,3741,3861,5974,2944,3030,316,139,177,172,70,102,120,68,52,1020,520,500
MONTGOMERY COUNTY,339,62 Years,7264,3607,3657,5711,2841,2870,333,154,179,177,71,106,109,58,51,934,483,451
MONTGOMERY COUNTY,339,63 Years,7009,3394,3615,5503,2692,2811,343,163,180,147,63,84,135,59,76,881,417,464
MONTGOMERY COUNTY,339,64 Years,6721,3185,3536,5329,2534,2795,313,146,167,130,59,71,109,52,57,840,394,446
MONTGOMERY COUNTY,339,65 Years,6294,3024,3270,5084,2454,2630,268,123,145,139,66,73,95,45,50,708,336,372
MONTGOMERY COUNTY,339,66 Years,6061,2900,3161,4882,2357,2525,259,114,145,163,70,93,107,43,64,650,316,334
MONTGOMERY COUNTY,339,67 Years,5889,2781,3108,4807,2290,2517,255,110,145,153,58,95,93,43,50,581,280,301
MONTGOMERY COUNTY,339,68 Years,5476,2561,2915,4486,2118,2368,229,98,131,142,48,94,81,42,39,538,255,283
MONTGOMERY COUNTY,339,69 Years,5225,2478,2747,4296,2047,2249,219,101,118,131,54,77,71,32,39,508,244,264
MONTGOMERY COUNTY,339,70 Years,5045,2368,2677,4233,1988,2245,183,88,95,102,45,57,65,26,39,462,221,241
MONTGOMERY COUNTY,339,71 Years,5213,2443,2770,4410,2077,2333,200,112,88,119,43,76,55,21,34,429,190,239
MONTGOMERY COUNTY,339,72 Years,4997,2396,2601,4265,2048,2217,190,98,92,105,46,59,54,27,27,383,177,206
MONTGOMERY COUNTY,339,73 Years,3911,1830,2081,3340,1574,1766,132,64,68,85,36,49,47,19,28,307,137,170
MONTGOMERY COUNTY,339,74 Years,3685,1687,1998,3129,1444,1685,128,65,63,87,32,55,35,13,22,306,133,173
MONTGOMERY COUNTY,339,75 Years,3567,1623,1944,3052,1404,1648,117,50,67,87,41,46,28,11,17,283,117,166
MONTGOMERY COUNTY,339,76 Years,3407,1526,1881,2942,1331,1611,112,48,64,59,26,33,31,13,18,263,108,155
MONTGOMERY COUNTY,339,77 Years,3123,1354,1769,2713,1185,1528,103,44,59,50,20,30,25,11,14,232,94,138
MONTGOMERY COUNTY,339,78 Years,2729,1226,1503,2363,1063,1300,92,39,53,44,21,23,22,9,13,208,94,114
MONTGOMERY COUNTY,339,79 Years,2388,1068,1320,2052,913,1139,72,28,44,49,28,21,19,8,11,196,91,105
MONTGOMERY COUNTY,339,80 Years,2226,994,1232,1871,833,1038,69,32,37,62,40,22,23,8,15,201,81,120
MONTGOMERY COUNTY,339,81 Years,2028,880,1148,1756,762,994,55,26,29,36,23,13,18,6,12,163,63,100
MONTGOMERY COUNTY,339,82 Years,1819,771,1048,1592,678,914,45,14,31,32,17,15,13,6,7,137,56,81
MONTGOMERY COUNTY,339,83 Years,1609,672,937,1390,590,800,41,12,29,25,15,10,13,5,8,140,50,90
MONTGOMERY COUNTY,339,84 Years,1476,605,871,1287,533,754,43,19,24,17,9,8,10,4,6,119,40,79
MONTGOMERY COUNTY,339,85 Years,1332,529,803,1162,472,690,48,15,33,18,4,14,14,4,10,90,34,56
MONTGOMERY COUNTY,339,86 Years,1138,432,706,1004,381,623,42,14,28,17,8,9,10,3,7,65,26,39
MONTGOMERY COUNTY,339,87 Years,1016,402,614,896,357,539,29,11,18,14,7,7,8,3,5,69,24,45
MONTGOMERY COUNTY,339,88 Years,886,345,541,784,307,477,22,8,14,11,6,5,6,2,4,63,22,41
MONTGOMERY COUNTY,339,89 Years,808,279,529,711,248,463,21,7,14,9,5,4,5,2,3,62,17,45
MONTGOMERY COUNTY,339,90 Years,650,228,422,568,200,368,19,6,13,8,4,4,4,1,3,51,17,34
MONTGOMERY COUNTY,339,91 Years,549,188,361,488,168,320,14,4,10,7,3,4,4,1,3,36,12,24
MONTGOMERY COUNTY,339,92 Years,434,132,302,389,118,271,10,2,8,7,3,4,3,1,2,25,8,17
MONTGOMERY COUNTY,339,93 Years,334,98,236,297,87,210,10,2,8,5,1,4,3,1,2,19,7,12
MONTGOMERY COUNTY,339,94 Years,281,75,206,251,68,183,7,2,5,4,1,3,1,1,0,18,3,15
MONTGOMERY COUNTY,339,95 Years +,616,156,460,532,132,400,23,5,18,8,4,4,4,1,3,49,14,35
MOORE COUNTY,341,All Ages,21046,10819,10227,6595,3266,3329,453,288,165,2042,1006,1036,395,240,155,11561,6019,5542
MOORE COUNTY,341,< 1 Year,320,166,154,53,27,26,23,11,12,5,2,3,2,2,0,237,124,113
MOORE COUNTY,341,1 Years,306,156,150,58,29,29,25,13,12,5,2,3,2,1,1,216,111,105
MOORE COUNTY,341,2 Years,317,156,161,63,29,34,23,9,14,4,2,2,3,1,2,224,115,109
MOORE COUNTY,341,3 Years,336,168,168,71,31,40,21,9,12,20,9,11,3,1,2,221,118,103
MOORE COUNTY,341,4 Years,369,180,189,77,34,43,17,6,11,43,17,26,4,2,2,228,121,107
MOORE COUNTY,341,5 Years,383,185,198,80,38,42,16,8,8,67,24,43,5,2,3,215,113,102
MOORE COUNTY,341,6 Years,375,181,194,75,38,37,15,8,7,72,30,42,4,2,2,209,103,106
MOORE COUNTY,341,7 Years,348,173,175,74,37,37,17,8,9,55,28,27,4,2,2,198,98,100
MOORE COUNTY,341,8 Years,327,168,159,72,36,36,10,6,4,48,27,21,4,3,1,193,96,97
MOORE COUNTY,341,9 Years,301,170,131,71,42,29,7,3,4,41,36,5,3,2,1,179,87,92
MOORE COUNTY,341,10 Years,349,183,166,82,40,42,5,2,3,43,21,22,4,4,0,215,116,99
MOORE COUNTY,341,11 Years,377,190,187,68,36,32,4,2,2,56,31,25,7,3,4,242,118,124
MOORE COUNTY,341,12 Years,369,202,167,86,46,40,2,2,0,56,31,25,7,3,4,218,120,98
MOORE COUNTY,341,13 Years,355,185,170,85,46,39,2,1,1,42,18,24,9,5,4,217,115,102
MOORE COUNTY,341,14 Years,364,189,175,84,45,39,4,2,2,46,26,20,7,5,2,223,111,112
MOORE COUNTY,341,15 Years,337,176,161,70,37,33,4,2,2,39,18,21,7,5,2,217,114,103
MOORE COUNTY,341,16 Years,336,176,160,73,40,33,3,3,0,39,18,21,6,3,3,215,112,103
MOORE COUNTY,341,17 Years,324,170,154,76,42,34,4,4,0,43,18,25,6,2,4,195,104,91
MOORE COUNTY,341,18 Years,321,174,147,69,38,31,4,2,2,43,17,26,7,2,5,198,115,83
MOORE COUNTY,341,19 Years,279,149,130,58,36,22,1,0,1,34,13,21,6,3,3,180,97,83
MOORE COUNTY,341,20 Years,284,153,131,62,34,28,2,1,1,35,13,22,6,5,1,179,100,79
MOORE COUNTY,341,21 Years,288,159,129,64,32,32,2,1,1,32,13,19,6,4,2,184,109,75
MOORE COUNTY,341,22 Years,303,160,143,63,31,32,6,2,4,45,23,22,4,3,1,185,101,84
MOORE COUNTY,341,23 Years,295,166,129,67,38,29,4,2,2,28,17,11,3,3,0,193,106,87
MOORE COUNTY,341,24 Years,320,173,147,77,40,37,5,3,2,33,15,18,4,2,2,201,113,88
MOORE COUNTY,341,25 Years,302,153,149,77,36,41,3,3,0,35,14,21,6,5,1,181,95,86
MOORE COUNTY,341,26 Years,317,165,152,88,42,46,9,8,1,27,8,19,5,4,1,188,103,85
MOORE COUNTY,341,27 Years,319,164,155,93,45,48,8,7,1,34,15,19,4,2,2,180,95,85
MOORE COUNTY,341,28 Years,325,174,151,90,44,46,19,15,4,41,21,20,3,3,0,172,91,81
MOORE COUNTY,341,29 Years,338,184,154,77,43,34,17,16,1,56,30,26,4,3,1,184,92,92
MOORE COUNTY,341,30 Years,317,184,133,79,42,37,12,11,1,47,34,13,3,1,2,176,96,80
MOORE COUNTY,341,31 Years,297,191,106,75,43,32,14,14,0,50,42,8,4,4,0,154,88,66
MOORE COUNTY,341,32 Years,297,164,133,73,38,35,16,13,3,43,22,21,7,5,2,158,86,72
MOORE COUNTY,341,33 Years,266,145,121,66,35,31,8,4,4,23,11,12,9,8,1,160,87,73
MOORE COUNTY,341,34 Years,268,145,123,66,34,32,5,5,0,35,18,17,6,5,1,156,83,73
MOORE COUNTY,341,35 Years,289,146,143,72,39,33,3,2,1,34,14,20,8,6,2,172,85,87
MOORE COUNTY,341,36 Years,302,147,155,79,37,42,3,2,1,45,26,19,7,3,4,168,79,89
MOORE COUNTY,341,37 Years,301,142,159,85,44,41,6,3,3,40,22,18,7,3,4,163,70,93
MOORE COUNTY,341,38 Years,262,128,134,70,30,40,6,5,1,32,13,19,7,6,1,147,74,73
MOORE COUNTY,341,39 Years,250,123,127,69,31,38,4,4,0,36,15,21,7,7,0,134,66,68
MOORE COUNTY,341,40 Years,245,124,121,76,38,38,3,3,0,30,9,21,11,6,5,125,68,57
MOORE COUNTY,341,41 Years,265,130,135,77,35,42,4,3,1,32,14,18,11,6,5,141,72,69
MOORE COUNTY,341,42 Years,243,128,115,70,31,39,3,3,0,34,16,18,5,4,1,131,74,57
MOORE COUNTY,341,43 Years,243,122,121,74,38,36,3,1,2,36,12,24,5,4,1,125,67,58
MOORE COUNTY,341,44 Years,256,127,129,68,33,35,4,2,2,35,15,20,4,2,2,145,75,70
MOORE COUNTY,341,45 Years,224,114,110,64,32,32,3,3,0,19,11,8,5,2,3,133,66,67
MOORE COUNTY,341,46 Years,235,122,113,60,30,30,5,4,1,27,13,14,4,2,2,139,73,66
MOORE COUNTY,341,47 Years,218,113,105,69,35,34,3,3,0,20,11,9,6,3,3,120,61,59
MOORE COUNTY,341,48 Years,243,127,116,76,39,37,3,3,0,25,9,16,5,4,1,134,72,62
MOORE COUNTY,341,49 Years,255,132,123,86,43,43,4,3,1,18,9,9,3,2,1,144,75,69
MOORE COUNTY,341,50 Years,242,119,123,85,37,48,3,2,1,11,6,5,2,1,1,141,73,68
MOORE COUNTY,341,51 Years,231,109,122,70,28,42,4,3,1,13,7,6,5,4,1,139,67,72
MOORE COUNTY,341,52 Years,222,110,112,65,33,32,4,2,2,11,5,6,4,4,0,138,66,72
MOORE COUNTY,341,53 Years,226,129,97,72,42,30,6,4,2,7,3,4,3,3,0,138,77,61
MOORE COUNTY,341,54 Years,233,125,108,75,40,35,2,2,0,11,7,4,7,3,4,138,73,65
MOORE COUNTY,341,55 Years,252,124,128,97,49,48,2,1,1,25,9,16,6,4,2,122,61,61
MOORE COUNTY,341,56 Years,264,131,133,94,48,46,3,1,2,16,6,10,1,1,0,150,75,75
MOORE COUNTY,341,57 Years,234,119,115,95,54,41,3,2,1,12,6,6,4,1,3,120,56,64
MOORE COUNTY,341,58 Years,220,114,106,101,51,50,3,2,1,11,6,5,5,1,4,100,54,46
MOORE COUNTY,341,59 Years,231,119,112,106,52,54,4,3,1,12,9,3,6,3,3,103,52,51
MOORE COUNTY,341,60 Years,211,100,111,98,45,53,4,0,4,9,6,3,8,6,2,92,43,49
MOORE COUNTY,341,61 Years,218,114,104,108,55,53,4,2,2,8,5,3,4,2,2,94,50,44
MOORE COUNTY,341,62 Years,209,108,101,102,49,53,2,2,0,5,3,2,5,2,3,95,52,43
MOORE COUNTY,341,63 Years,209,103,106,99,45,54,1,1,0,5,3,2,6,4,2,98,50,48
MOORE COUNTY,341,64 Years,220,115,105,106,52,54,4,3,1,7,5,2,5,2,3,98,53,45
MOORE COUNTY,341,65 Years,192,103,89,102,50,52,1,1,0,5,3,2,7,4,3,77,45,32
MOORE COUNTY,341,66 Years,169,88,81,100,51,49,0,0,0,2,1,1,4,1,3,63,35,28
MOORE COUNTY,341,67 Years,171,82,89,101,51,50,0,0,0,5,2,3,2,0,2,63,29,34
MOORE COUNTY,341,68 Years,157,76,81,98,49,49,0,0,0,4,1,3,3,1,2,52,25,27
MOORE COUNTY,341,69 Years,153,77,76,81,38,43,1,1,0,3,2,1,3,2,1,65,34,31
MOORE COUNTY,341,70 Years,143,69,74,85,38,47,2,2,0,3,2,1,2,2,0,51,25,26
MOORE COUNTY,341,71 Years,137,61,76,82,34,48,0,0,0,1,0,1,6,4,2,48,23,25
MOORE COUNTY,341,72 Years,127,61,66,77,38,39,0,0,0,3,1,2,6,5,1,41,17,24
MOORE COUNTY,341,73 Years,103,48,55,60,30,30,0,0,0,3,0,3,4,2,2,36,16,20
MOORE COUNTY,341,74 Years,97,48,49,63,31,32,1,1,0,2,1,1,1,0,1,30,15,15
MOORE COUNTY,341,75 Years,96,47,49,71,35,36,0,0,0,1,1,0,1,1,0,23,10,13
MOORE COUNTY,341,76 Years,83,40,43,57,27,30,0,0,0,3,2,1,0,0,0,23,11,12
MOORE COUNTY,341,77 Years,83,38,45,59,28,31,1,0,1,2,2,0,0,0,0,21,8,13
MOORE COUNTY,341,78 Years,80,36,44,55,25,30,1,1,0,2,1,1,1,0,1,21,9,12
MOORE COUNTY,341,79 Years,81,43,38,52,26,26,2,2,0,2,2,0,2,2,0,23,11,12
MOORE COUNTY,341,80 Years,73,32,41,53,24,29,0,0,0,1,1,0,0,0,0,19,7,12
MOORE COUNTY,341,81 Years,67,28,39,50,22,28,0,0,0,0,0,0,0,0,0,17,6,11
MOORE COUNTY,341,82 Years,58,25,33,42,20,22,1,0,1,0,0,0,0,0,0,15,5,10
MOORE COUNTY,341,83 Years,54,25,29,39,17,22,0,0,0,1,0,1,0,0,0,14,8,6
MOORE COUNTY,341,84 Years,55,24,31,39,16,23,0,0,0,2,1,1,2,0,2,12,7,5
MOORE COUNTY,341,85 Years,41,22,19,28,13,15,0,0,0,1,1,0,1,1,0,11,7,4
MOORE COUNTY,341,86 Years,38,18,20,29,12,17,0,0,0,0,0,0,0,0,0,9,6,3
MOORE COUNTY,341,87 Years,40,20,20,29,12,17,0,0,0,1,1,0,1,0,1,9,7,2
MOORE COUNTY,341,88 Years,33,15,18,22,9,13,0,0,0,1,0,1,2,0,2,8,6,2
MOORE COUNTY,341,89 Years,29,14,15,19,8,11,0,0,0,1,0,1,1,1,0,8,5,3
MOORE COUNTY,341,90 Years,22,8,14,17,6,11,0,0,0,0,0,0,2,1,1,3,1,2
MOORE COUNTY,341,91 Years,23,8,15,17,6,11,0,0,0,0,0,0,1,0,1,5,2,3
MOORE COUNTY,341,92 Years,13,3,10,10,3,7,0,0,0,0,0,0,0,0,0,3,0,3
MOORE COUNTY,341,93 Years,13,4,9,10,3,7,0,0,0,1,1,0,0,0,0,2,0,2
MOORE COUNTY,341,94 Years,8,4,4,4,1,3,0,0,0,0,0,0,1,1,0,3,2,1
MOORE COUNTY,341,95 Years +,25,11,14,14,4,10,0,0,0,1,1,0,2,1,1,8,5,3
MORRIS COUNTY,343,All Ages,12428,6079,6349,8012,3843,4169,2719,1352,1367,43,23,20,433,231,202,1221,630,591
MORRIS COUNTY,343,< 1 Year,155,88,67,77,45,32,30,14,16,0,0,0,17,15,2,31,14,17
MORRIS COUNTY,343,1 Years,156,86,70,77,44,33,32,17,15,0,0,0,17,12,5,30,13,17
MORRIS COUNTY,343,2 Years,155,87,68,76,44,32,32,17,15,0,0,0,18,12,6,29,14,15
MORRIS COUNTY,343,3 Years,161,91,70,79,44,35,36,23,13,0,0,0,21,12,9,25,12,13
MORRIS COUNTY,343,4 Years,154,86,68,75,40,35,33,21,12,0,0,0,22,12,10,24,13,11
MORRIS COUNTY,343,5 Years,155,85,70,78,41,37,37,23,14,0,0,0,17,10,7,23,11,12
MORRIS COUNTY,343,6 Years,154,80,74,81,41,40,36,22,14,0,0,0,13,6,7,24,11,13
MORRIS COUNTY,343,7 Years,159,88,71,89,48,41,40,25,15,0,0,0,8,4,4,22,11,11
MORRIS COUNTY,343,8 Years,157,90,67,87,46,41,37,25,12,0,0,0,10,7,3,23,12,11
MORRIS COUNTY,343,9 Years,169,88,81,90,46,44,40,24,16,0,0,0,14,9,5,25,9,16
MORRIS COUNTY,343,10 Years,152,84,68,77,40,37,33,21,12,0,0,0,13,8,5,29,15,14
MORRIS COUNTY,343,11 Years,144,80,64,76,41,35,33,20,13,1,0,1,10,5,5,24,14,10
MORRIS COUNTY,343,12 Years,161,85,76,90,46,44,33,19,14,0,0,0,10,5,5,28,15,13
MORRIS COUNTY,343,13 Years,166,82,84,98,50,48,24,10,14,0,0,0,9,3,6,35,19,16
MORRIS COUNTY,343,14 Years,130,63,67,71,37,34,33,17,16,0,0,0,4,1,3,22,8,14
MORRIS COUNTY,343,15 Years,162,85,77,95,50,45,34,18,16,1,1,0,9,6,3,23,10,13
MORRIS COUNTY,343,16 Years,148,87,61,76,42,34,40,26,14,0,0,0,6,4,2,26,15,11
MORRIS COUNTY,343,17 Years,122,65,57,68,36,32,26,14,12,0,0,0,9,4,5,19,11,8
MORRIS COUNTY,343,18 Years,123,69,54,73,39,34,31,21,10,0,0,0,4,1,3,15,8,7
MORRIS COUNTY,343,19 Years,116,61,55,60,30,30,24,13,11,1,1,0,8,3,5,23,14,9
MORRIS COUNTY,343,20 Years,119,62,57,56,29,27,21,11,10,1,1,0,11,4,7,30,17,13
MORRIS COUNTY,343,21 Years,123,66,57,67,34,33,26,16,10,0,0,0,7,4,3,23,12,11
MORRIS COUNTY,343,22 Years,122,57,65,63,27,36,29,15,14,1,0,1,7,4,3,22,11,11
MORRIS COUNTY,343,23 Years,137,68,69,69,33,36,42,20,22,2,0,2,5,3,2,19,12,7
MORRIS COUNTY,343,24 Years,141,69,72,72,34,38,46,23,23,0,0,0,3,1,2,20,11,9
MORRIS COUNTY,343,25 Years,138,68,70,69,30,39,39,21,18,1,1,0,4,2,2,25,14,11
MORRIS COUNTY,343,26 Years,147,73,74,74,34,40,44,26,18,1,1,0,4,2,2,24,10,14
MORRIS COUNTY,343,27 Years,170,87,83,94,44,50,48,28,20,1,1,0,3,1,2,24,13,11
MORRIS COUNTY,343,28 Years,157,76,81,89,41,48,40,21,19,2,1,1,4,2,2,22,11,11
MORRIS COUNTY,343,29 Years,140,64,76,83,37,46,43,22,21,0,0,0,1,0,1,13,5,8
MORRIS COUNTY,343,30 Years,147,70,77,85,36,49,39,21,18,2,2,0,3,1,2,18,10,8
MORRIS COUNTY,343,31 Years,138,78,60,86,51,35,33,19,14,0,0,0,5,3,2,14,5,9
MORRIS COUNTY,343,32 Years,123,71,52,79,47,32,31,18,13,0,0,0,4,3,1,9,3,6
MORRIS COUNTY,343,33 Years,119,55,64,77,37,40,29,13,16,0,0,0,1,1,0,12,4,8
MORRIS COUNTY,343,34 Years,121,62,59,80,38,42,26,15,11,0,0,0,2,2,0,13,7,6
MORRIS COUNTY,343,35 Years,135,65,70,92,41,51,24,14,10,0,0,0,3,3,0,16,7,9
MORRIS COUNTY,343,36 Years,146,69,77,97,42,55,27,14,13,0,0,0,5,3,2,17,10,7
MORRIS COUNTY,343,37 Years,140,71,69,91,45,46,31,16,15,0,0,0,5,2,3,13,8,5
MORRIS COUNTY,343,38 Years,147,75,72,96,48,48,33,16,17,1,1,0,4,2,2,13,8,5
MORRIS COUNTY,343,39 Years,130,63,67,88,43,45,27,12,15,1,1,0,1,0,1,13,7,6
MORRIS COUNTY,343,40 Years,131,67,64,86,46,40,32,12,20,1,1,0,1,1,0,11,7,4
MORRIS COUNTY,343,41 Years,123,55,68,81,36,45,28,12,16,0,0,0,2,1,1,12,6,6
MORRIS COUNTY,343,42 Years,109,50,59,74,32,42,21,10,11,0,0,0,1,1,0,13,7,6
MORRIS COUNTY,343,43 Years,120,49,71,77,33,44,29,9,20,0,0,0,0,0,0,14,7,7
MORRIS COUNTY,343,44 Years,146,64,82,88,39,49,33,12,21,0,0,0,5,2,3,20,11,9
MORRIS COUNTY,343,45 Years,140,59,81,95,42,53,28,9,19,0,0,0,1,0,1,16,8,8
MORRIS COUNTY,343,46 Years,146,63,83,97,44,53,28,10,18,0,0,0,2,2,0,19,7,12
MORRIS COUNTY,343,47 Years,145,65,80,97,39,58,31,16,15,0,0,0,3,1,2,14,9,5
MORRIS COUNTY,343,48 Years,148,79,69,97,52,45,35,19,16,1,1,0,2,1,1,13,6,7
MORRIS COUNTY,343,49 Years,162,74,88,110,46,64,34,18,16,1,1,0,3,1,2,14,8,6
MORRIS COUNTY,343,50 Years,139,61,78,88,37,51,33,16,17,0,0,0,1,0,1,17,8,9
MORRIS COUNTY,343,51 Years,127,54,73,81,38,43,27,9,18,2,0,2,4,2,2,13,5,8
MORRIS COUNTY,343,52 Years,121,62,59,72,36,36,28,11,17,0,0,0,7,6,1,14,9,5
MORRIS COUNTY,343,53 Years,131,63,68,89,44,45,28,10,18,0,0,0,4,1,3,10,8,2
MORRIS COUNTY,343,54 Years,150,70,80,106,54,52,35,11,24,0,0,0,2,0,2,7,5,2
MORRIS COUNTY,343,55 Years,151,75,76,109,56,53,30,13,17,3,1,2,2,1,1,7,4,3
MORRIS COUNTY,343,56 Years,156,77,79,110,54,56,30,14,16,1,1,0,1,1,0,14,7,7
MORRIS COUNTY,343,57 Years,158,68,90,109,49,60,38,14,24,0,0,0,4,1,3,7,4,3
MORRIS COUNTY,343,58 Years,176,75,101,123,53,70,40,14,26,3,2,1,2,1,1,8,5,3
MORRIS COUNTY,343,59 Years,176,83,93,129,64,65,39,16,23,1,1,0,1,0,1,6,2,4
MORRIS COUNTY,343,60 Years,196,94,102,132,64,68,48,23,25,0,0,0,3,0,3,13,7,6
MORRIS COUNTY,343,61 Years,176,84,92,121,58,63,47,22,25,0,0,0,2,1,1,6,3,3
MORRIS COUNTY,343,62 Years,178,77,101,131,54,77,39,20,19,0,0,0,3,0,3,5,3,2
MORRIS COUNTY,343,63 Years,193,89,104,139,61,78,35,17,18,1,0,1,5,2,3,13,9,4
MORRIS COUNTY,343,64 Years,190,88,102,148,68,80,31,13,18,0,0,0,3,2,1,8,5,3
MORRIS COUNTY,343,65 Years,175,86,89,134,65,69,32,15,17,1,0,1,2,1,1,6,5,1
MORRIS COUNTY,343,66 Years,181,102,79,133,77,56,35,17,18,1,1,0,2,0,2,10,7,3
MORRIS COUNTY,343,67 Years,179,87,92,133,66,67,37,15,22,1,1,0,2,1,1,6,4,2
MORRIS COUNTY,343,68 Years,156,77,79,116,57,59,31,15,16,0,0,0,2,1,1,7,4,3
MORRIS COUNTY,343,69 Years,144,71,73,108,56,52,30,14,16,0,0,0,2,0,2,4,1,3
MORRIS COUNTY,343,70 Years,162,70,92,121,53,68,31,13,18,1,0,1,5,2,3,4,2,2
MORRIS COUNTY,343,71 Years,161,72,89,119,53,66,37,18,19,0,0,0,4,1,3,1,0,1
MORRIS COUNTY,343,72 Years,144,71,73,108,52,56,29,16,13,2,0,2,2,1,1,3,2,1
MORRIS COUNTY,343,73 Years,121,56,65,90,43,47,27,12,15,1,0,1,0,0,0,3,1,2
MORRIS COUNTY,343,74 Years,127,52,75,102,42,60,20,10,10,0,0,0,2,0,2,3,0,3
MORRIS COUNTY,343,75 Years,122,52,70,99,42,57,22,10,12,0,0,0,1,0,1,0,0,0
MORRIS COUNTY,343,76 Years,116,53,63,93,41,52,22,12,10,1,0,1,0,0,0,0,0,0
MORRIS COUNTY,343,77 Years,114,58,56,89,41,48,21,13,8,1,1,0,1,1,0,2,2,0
MORRIS COUNTY,343,78 Years,113,52,61,89,39,50,16,7,9,1,1,0,3,2,1,4,3,1
MORRIS COUNTY,343,79 Years,92,38,54,70,30,40,17,6,11,2,0,2,2,2,0,1,0,1
MORRIS COUNTY,343,80 Years,90,35,55,74,30,44,13,4,9,1,0,1,2,1,1,0,0,0
MORRIS COUNTY,343,81 Years,87,32,55,70,26,44,14,4,10,0,0,0,2,1,1,1,1,0
MORRIS COUNTY,343,82 Years,89,39,50,75,33,42,11,4,7,0,0,0,1,1,0,2,1,1
MORRIS COUNTY,343,83 Years,76,36,40,65,32,33,11,4,7,0,0,0,0,0,0,0,0,0
MORRIS COUNTY,343,84 Years,69,33,36,54,27,27,10,5,5,0,0,0,3,0,3,2,1,1
MORRIS COUNTY,343,85 Years,58,27,31,45,21,24,9,4,5,0,0,0,2,1,1,2,1,1
MORRIS COUNTY,343,86 Years,50,22,28,40,18,22,9,4,5,0,0,0,1,0,1,0,0,0
MORRIS COUNTY,343,87 Years,48,21,27,38,17,21,9,4,5,0,0,0,1,0,1,0,0,0
MORRIS COUNTY,343,88 Years,41,22,19,32,16,16,7,4,3,0,0,0,1,1,0,1,1,0
MORRIS COUNTY,343,89 Years,36,15,21,27,10,17,8,4,4,0,0,0,1,1,0,0,0,0
MORRIS COUNTY,343,90 Years,29,14,15,20,10,10,6,3,3,0,0,0,1,1,0,2,0,2
MORRIS COUNTY,343,91 Years,32,13,19,22,9,13,7,3,4,0,0,0,1,1,0,2,0,2
MORRIS COUNTY,343,92 Years,21,6,15,16,4,12,5,2,3,0,0,0,0,0,0,0,0,0
MORRIS COUNTY,343,93 Years,16,6,10,11,4,7,5,2,3,0,0,0,0,0,0,0,0,0
MORRIS COUNTY,343,94 Years,14,5,9,9,3,6,5,2,3,0,0,0,0,0,0,0,0,0
MORRIS COUNTY,343,95 Years +,38,12,26,21,6,15,14,5,9,0,0,0,2,1,1,1,0,1
MOTLEY COUNTY,345,All Ages,1205,607,598,979,482,497,25,15,10,0,0,0,10,5,5,191,105,86
MOTLEY COUNTY,345,< 1 Year,15,7,8,15,7,8,0,0,0,0,0,0,0,0,0,0,0,0
MOTLEY COUNTY,345,1 Years,15,6,9,15,6,9,0,0,0,0,0,0,0,0,0,0,0,0
MOTLEY COUNTY,345,2 Years,13,6,7,11,4,7,0,0,0,0,0,0,0,0,0,2,2,0
MOTLEY COUNTY,345,3 Years,11,3,8,11,3,8,0,0,0,0,0,0,0,0,0,0,0,0
MOTLEY COUNTY,345,4 Years,8,3,5,8,3,5,0,0,0,0,0,0,0,0,0,0,0,0
MOTLEY COUNTY,345,5 Years,6,3,3,4,3,1,0,0,0,0,0,0,0,0,0,2,0,2
MOTLEY COUNTY,345,6 Years,10,4,6,7,3,4,0,0,0,0,0,0,0,0,0,3,1,2
MOTLEY COUNTY,345,7 Years,10,6,4,6,3,3,0,0,0,0,0,0,0,0,0,4,3,1
MOTLEY COUNTY,345,8 Years,11,5,6,9,4,5,0,0,0,0,0,0,0,0,0,2,1,1
MOTLEY COUNTY,345,9 Years,10,8,2,6,5,1,0,0,0,0,0,0,0,0,0,4,3,1
MOTLEY COUNTY,345,10 Years,8,3,5,4,1,3,0,0,0,0,0,0,0,0,0,4,2,2
MOTLEY COUNTY,345,11 Years,15,4,11,9,3,6,0,0,0,0,0,0,0,0,0,6,1,5
MOTLEY COUNTY,345,12 Years,18,8,10,13,6,7,0,0,0,0,0,0,0,0,0,5,2,3
MOTLEY COUNTY,345,13 Years,13,6,7,10,5,5,0,0,0,0,0,0,0,0,0,3,1,2
MOTLEY COUNTY,345,14 Years,15,9,6,10,7,3,2,1,1,0,0,0,0,0,0,3,1,2
MOTLEY COUNTY,345,15 Years,11,9,2,8,6,2,0,0,0,0,0,0,0,0,0,3,3,0
MOTLEY COUNTY,345,16 Years,20,10,10,14,8,6,0,0,0,0,0,0,0,0,0,6,2,4
MOTLEY COUNTY,345,17 Years,15,7,8,11,4,7,0,0,0,0,0,0,0,0,0,4,3,1
MOTLEY COUNTY,345,18 Years,15,7,8,10,5,5,0,0,0,0,0,0,1,0,1,4,2,2
MOTLEY COUNTY,345,19 Years,10,6,4,8,5,3,0,0,0,0,0,0,0,0,0,2,1,1
MOTLEY COUNTY,345,20 Years,12,7,5,8,5,3,0,0,0,0,0,0,0,0,0,4,2,2
MOTLEY COUNTY,345,21 Years,14,9,5,10,7,3,0,0,0,0,0,0,0,0,0,4,2,2
MOTLEY COUNTY,345,22 Years,15,10,5,9,6,3,0,0,0,0,0,0,1,1,0,5,3,2
MOTLEY COUNTY,345,23 Years,14,9,5,9,6,3,0,0,0,0,0,0,0,0,0,5,3,2
MOTLEY COUNTY,345,24 Years,12,8,4,9,5,4,0,0,0,0,0,0,0,0,0,3,3,0
MOTLEY COUNTY,345,25 Years,15,11,4,9,6,3,0,0,0,0,0,0,0,0,0,6,5,1
MOTLEY COUNTY,345,26 Years,14,9,5,9,5,4,2,2,0,0,0,0,0,0,0,3,2,1
MOTLEY COUNTY,345,27 Years,12,7,5,7,4,3,0,0,0,0,0,0,0,0,0,5,3,2
MOTLEY COUNTY,345,28 Years,11,4,7,6,2,4,0,0,0,0,0,0,0,0,0,5,2,3
MOTLEY COUNTY,345,29 Years,8,4,4,4,2,2,0,0,0,0,0,0,0,0,0,4,2,2
MOTLEY COUNTY,345,30 Years,7,5,2,4,3,1,0,0,0,0,0,0,0,0,0,3,2,1
MOTLEY COUNTY,345,31 Years,7,5,2,4,3,1,0,0,0,0,0,0,0,0,0,3,2,1
MOTLEY COUNTY,345,32 Years,16,8,8,13,6,7,1,1,0,0,0,0,0,0,0,2,1,1
MOTLEY COUNTY,345,33 Years,11,5,6,10,5,5,0,0,0,0,0,0,0,0,0,1,0,1
MOTLEY COUNTY,345,34 Years,10,4,6,7,3,4,1,1,0,0,0,0,0,0,0,2,0,2
MOTLEY COUNTY,345,35 Years,9,7,2,6,4,2,0,0,0,0,0,0,0,0,0,3,3,0
MOTLEY COUNTY,345,36 Years,7,5,2,6,4,2,0,0,0,0,0,0,0,0,0,1,1,0
MOTLEY COUNTY,345,37 Years,7,3,4,4,2,2,0,0,0,0,0,0,0,0,0,3,1,2
MOTLEY COUNTY,345,38 Years,11,6,5,9,5,4,0,0,0,0,0,0,0,0,0,2,1,1
MOTLEY COUNTY,345,39 Years,11,6,5,10,5,5,0,0,0,0,0,0,0,0,0,1,1,0
MOTLEY COUNTY,345,40 Years,14,8,6,11,6,5,0,0,0,0,0,0,0,0,0,3,2,1
MOTLEY COUNTY,345,41 Years,13,7,6,11,5,6,0,0,0,0,0,0,0,0,0,2,2,0
MOTLEY COUNTY,345,42 Years,11,2,9,9,2,7,0,0,0,0,0,0,0,0,0,2,0,2
MOTLEY COUNTY,345,43 Years,11,8,3,10,7,3,0,0,0,0,0,0,0,0,0,1,1,0
MOTLEY COUNTY,345,44 Years,16,8,8,12,6,6,0,0,0,0,0,0,1,1,0,3,1,2
MOTLEY COUNTY,345,45 Years,12,6,6,9,4,5,0,0,0,0,0,0,1,1,0,2,1,1
MOTLEY COUNTY,345,46 Years,8,4,4,7,3,4,0,0,0,0,0,0,0,0,0,1,1,0
MOTLEY COUNTY,345,47 Years,12,9,3,10,7,3,0,0,0,0,0,0,0,0,0,2,2,0
MOTLEY COUNTY,345,48 Years,14,8,6,12,6,6,0,0,0,0,0,0,0,0,0,2,2,0
MOTLEY COUNTY,345,49 Years,8,3,5,7,3,4,0,0,0,0,0,0,0,0,0,1,0,1
MOTLEY COUNTY,345,50 Years,9,5,4,6,5,1,0,0,0,0,0,0,0,0,0,3,0,3
MOTLEY COUNTY,345,51 Years,5,2,3,4,2,2,0,0,0,0,0,0,0,0,0,1,0,1
MOTLEY COUNTY,345,52 Years,8,2,6,5,1,4,2,1,1,0,0,0,0,0,0,1,0,1
MOTLEY COUNTY,345,53 Years,11,7,4,8,6,2,0,0,0,0,0,0,3,1,2,0,0,0
MOTLEY COUNTY,345,54 Years,14,6,8,12,5,7,1,1,0,0,0,0,1,0,1,0,0,0
MOTLEY COUNTY,345,55 Years,14,9,5,12,7,5,1,1,0,0,0,0,0,0,0,1,1,0
MOTLEY COUNTY,345,56 Years,17,7,10,14,6,8,0,0,0,0,0,0,0,0,0,3,1,2
MOTLEY COUNTY,345,57 Years,20,10,10,16,9,7,0,0,0,0,0,0,0,0,0,4,1,3
MOTLEY COUNTY,345,58 Years,18,10,8,15,8,7,0,0,0,0,0,0,1,1,0,2,1,1
MOTLEY COUNTY,345,59 Years,15,8,7,14,7,7,0,0,0,0,0,0,0,0,0,1,1,0
MOTLEY COUNTY,345,60 Years,15,10,5,15,10,5,0,0,0,0,0,0,0,0,0,0,0,0
MOTLEY COUNTY,345,61 Years,16,7,9,14,6,8,1,1,0,0,0,0,0,0,0,1,0,1
MOTLEY COUNTY,345,62 Years,13,7,6,12,7,5,0,0,0,0,0,0,0,0,0,1,0,1
MOTLEY COUNTY,345,63 Years,19,9,10,17,7,10,0,0,0,0,0,0,0,0,0,2,2,0
MOTLEY COUNTY,345,64 Years,17,9,8,16,8,8,0,0,0,0,0,0,0,0,0,1,1,0
MOTLEY COUNTY,345,65 Years,13,8,5,11,7,4,0,0,0,0,0,0,0,0,0,2,1,1
MOTLEY COUNTY,345,66 Years,20,10,10,17,9,8,2,1,1,0,0,0,0,0,0,1,0,1
MOTLEY COUNTY,345,67 Years,27,11,16,23,10,13,1,0,1,0,0,0,0,0,0,3,1,2
MOTLEY COUNTY,345,68 Years,18,7,11,15,6,9,0,0,0,0,0,0,0,0,0,3,1,2
MOTLEY COUNTY,345,69 Years,20,12,8,16,8,8,2,2,0,0,0,0,0,0,0,2,2,0
MOTLEY COUNTY,345,70 Years,22,12,10,19,10,9,0,0,0,0,0,0,0,0,0,3,2,1
MOTLEY COUNTY,345,71 Years,13,6,7,12,5,7,0,0,0,0,0,0,0,0,0,1,1,0
MOTLEY COUNTY,345,72 Years,15,7,8,14,6,8,0,0,0,0,0,0,0,0,0,1,1,0
MOTLEY COUNTY,345,73 Years,19,10,9,17,8,9,1,1,0,0,0,0,0,0,0,1,1,0
MOTLEY COUNTY,345,74 Years,21,12,9,19,11,8,1,1,0,0,0,0,0,0,0,1,0,1
MOTLEY COUNTY,345,75 Years,22,11,11,20,10,10,0,0,0,0,0,0,0,0,0,2,1,1
MOTLEY COUNTY,345,76 Years,20,10,10,19,9,10,0,0,0,0,0,0,0,0,0,1,1,0
MOTLEY COUNTY,345,77 Years,16,5,11,15,5,10,1,0,1,0,0,0,0,0,0,0,0,0
MOTLEY COUNTY,345,78 Years,12,4,8,11,4,7,1,0,1,0,0,0,0,0,0,0,0,0
MOTLEY COUNTY,345,79 Years,15,6,9,12,4,8,0,0,0,0,0,0,0,0,0,3,2,1
MOTLEY COUNTY,345,80 Years,12,4,8,11,3,8,0,0,0,0,0,0,0,0,0,1,1,0
MOTLEY COUNTY,345,81 Years,11,3,8,10,3,7,0,0,0,0,0,0,1,0,1,0,0,0
MOTLEY COUNTY,345,82 Years,12,5,7,12,5,7,0,0,0,0,0,0,0,0,0,0,0,0
MOTLEY COUNTY,345,83 Years,10,4,6,10,4,6,0,0,0,0,0,0,0,0,0,0,0,0
MOTLEY COUNTY,345,84 Years,10,4,6,9,3,6,0,0,0,0,0,0,0,0,0,1,1,0
MOTLEY COUNTY,345,85 Years,10,4,6,9,3,6,0,0,0,0,0,0,0,0,0,1,1,0
MOTLEY COUNTY,345,86 Years,8,3,5,8,3,5,0,0,0,0,0,0,0,0,0,0,0,0
MOTLEY COUNTY,345,87 Years,7,3,4,6,3,3,1,0,1,0,0,0,0,0,0,0,0,0
MOTLEY COUNTY,345,88 Years,8,3,5,7,3,4,1,0,1,0,0,0,0,0,0,0,0,0
MOTLEY COUNTY,345,89 Years,7,3,4,7,3,4,0,0,0,0,0,0,0,0,0,0,0,0
MOTLEY COUNTY,345,90 Years,7,3,4,6,3,3,1,0,1,0,0,0,0,0,0,0,0,0
MOTLEY COUNTY,345,91 Years,7,3,4,5,2,3,1,0,1,0,0,0,0,0,0,1,1,0
MOTLEY COUNTY,345,92 Years,5,2,3,5,2,3,0,0,0,0,0,0,0,0,0,0,0,0
MOTLEY COUNTY,345,93 Years,4,2,2,4,2,2,0,0,0,0,0,0,0,0,0,0,0,0
MOTLEY COUNTY,345,94 Years,2,2,0,2,2,0,0,0,0,0,0,0,0,0,0,0,0,0
MOTLEY COUNTY,345,95 Years +,10,5,5,8,4,4,1,1,0,0,0,0,0,0,0,1,0,1
NACOGDOCHES COUNTY,347,All Ages,65027,31341,33686,38454,18694,19760,11278,5069,6209,1012,435,577,1571,777,794,12712,6366,6346
NACOGDOCHES COUNTY,347,< 1 Year,792,399,393,326,171,155,160,78,82,7,4,3,42,18,24,257,128,129
NACOGDOCHES COUNTY,347,1 Years,779,393,386,311,164,147,159,82,77,8,5,3,45,18,27,256,124,132
NACOGDOCHES COUNTY,347,2 Years,779,400,379,317,168,149,155,84,71,7,4,3,49,23,26,251,121,130
NACOGDOCHES COUNTY,347,3 Years,798,418,380,318,163,155,165,91,74,13,8,5,55,31,24,247,125,122
NACOGDOCHES COUNTY,347,4 Years,827,421,406,332,164,168,168,85,83,15,9,6,60,32,28,252,131,121
NACOGDOCHES COUNTY,347,5 Years,850,435,415,340,167,173,166,82,84,21,13,8,58,31,27,265,142,123
NACOGDOCHES COUNTY,347,6 Years,845,432,413,336,164,172,166,84,82,16,10,6,51,28,23,276,146,130
NACOGDOCHES COUNTY,347,7 Years,846,433,413,335,160,175,166,85,81,16,10,6,46,28,18,283,150,133
NACOGDOCHES COUNTY,347,8 Years,851,430,421,332,161,171,180,94,86,14,6,8,40,21,19,285,148,137
NACOGDOCHES COUNTY,347,9 Years,820,398,422,323,163,160,175,82,93,20,4,16,35,22,13,267,127,140
NACOGDOCHES COUNTY,347,10 Years,835,408,427,348,165,183,160,79,81,11,4,7,42,26,16,274,134,140
NACOGDOCHES COUNTY,347,11 Years,816,425,391,343,182,161,145,69,76,9,6,3,23,13,10,296,155,141
NACOGDOCHES COUNTY,347,12 Years,716,380,336,321,179,142,103,54,49,7,3,4,26,11,15,259,133,126
NACOGDOCHES COUNTY,347,13 Years,672,364,308,288,163,125,90,52,38,10,6,4,25,11,14,259,132,127
NACOGDOCHES COUNTY,347,14 Years,644,365,279,275,171,104,72,44,28,13,9,4,26,17,9,258,124,134
NACOGDOCHES COUNTY,347,15 Years,596,348,248,275,178,97,52,31,21,11,7,4,33,17,16,225,115,110
NACOGDOCHES COUNTY,347,16 Years,642,373,269,328,200,128,69,51,18,9,4,5,29,15,14,207,103,104
NACOGDOCHES COUNTY,347,17 Years,667,335,332,311,175,136,114,50,64,21,5,16,29,12,17,192,93,99
NACOGDOCHES COUNTY,347,18 Years,1585,633,952,785,319,466,437,158,279,17,9,8,52,20,32,294,127,167
NACOGDOCHES COUNTY,347,19 Years,2478,1021,1457,1247,505,742,686,272,414,32,13,19,74,25,49,439,206,233
NACOGDOCHES COUNTY,347,20 Years,2155,901,1254,1196,495,701,520,214,306,26,12,14,56,19,37,357,161,196
NACOGDOCHES COUNTY,347,21 Years,2072,955,1117,1231,565,666,409,173,236,31,17,14,51,32,19,350,168,182
NACOGDOCHES COUNTY,347,22 Years,1798,885,913,1104,557,547,318,146,172,24,12,12,41,20,21,311,150,161
NACOGDOCHES COUNTY,347,23 Years,1360,709,651,844,476,368,218,93,125,25,11,14,27,16,11,246,113,133
NACOGDOCHES COUNTY,347,24 Years,1143,582,561,681,354,327,195,80,115,29,17,12,26,21,5,212,110,102
NACOGDOCHES COUNTY,347,25 Years,1040,507,533,600,316,284,192,71,121,22,12,10,20,8,12,206,100,106
NACOGDOCHES COUNTY,347,26 Years,964,479,485,578,296,282,158,66,92,7,4,3,16,10,6,205,103,102
NACOGDOCHES COUNTY,347,27 Years,904,469,435,558,315,243,143,64,79,12,6,6,9,5,4,182,79,103
NACOGDOCHES COUNTY,347,28 Years,659,385,274,407,254,153,65,40,25,13,6,7,8,7,1,166,78,88
NACOGDOCHES COUNTY,347,29 Years,626,390,236,377,240,137,88,56,32,11,5,6,8,6,2,142,83,59
NACOGDOCHES COUNTY,347,30 Years,637,353,284,365,208,157,124,63,61,11,5,6,9,1,8,128,76,52
NACOGDOCHES COUNTY,347,31 Years,584,283,301,294,139,155,133,57,76,12,6,6,12,4,8,133,77,56
NACOGDOCHES COUNTY,347,32 Years,645,295,350,320,136,184,147,64,83,9,4,5,14,8,6,155,83,72
NACOGDOCHES COUNTY,347,33 Years,636,283,353,335,137,198,132,55,77,11,5,6,12,4,8,146,82,64
NACOGDOCHES COUNTY,347,34 Years,679,320,359,386,188,198,127,57,70,8,4,4,15,4,11,143,67,76
NACOGDOCHES COUNTY,347,35 Years,677,326,351,368,183,185,125,55,70,21,4,17,16,10,6,147,74,73
NACOGDOCHES COUNTY,347,36 Years,695,341,354,406,196,210,113,55,58,13,4,9,14,7,7,149,79,70
NACOGDOCHES COUNTY,347,37 Years,765,360,405,454,210,244,133,65,68,18,2,16,10,3,7,150,80,70
NACOGDOCHES COUNTY,347,38 Years,740,353,387,426,201,225,131,61,70,13,4,9,10,5,5,160,82,78
NACOGDOCHES COUNTY,347,39 Years,704,348,356,437,222,215,108,48,60,8,4,4,4,3,1,147,71,76
NACOGDOCHES COUNTY,347,40 Years,704,338,366,412,208,204,126,57,69,8,2,6,11,5,6,147,66,81
NACOGDOCHES COUNTY,347,41 Years,678,320,358,378,191,187,126,53,73,9,4,5,15,7,8,150,65,85
NACOGDOCHES COUNTY,347,42 Years,635,291,344,354,175,179,103,42,61,8,4,4,10,5,5,160,65,95
NACOGDOCHES COUNTY,347,43 Years,651,307,344,389,188,201,100,41,59,8,5,3,7,3,4,147,70,77
NACOGDOCHES COUNTY,347,44 Years,655,325,330,393,204,189,89,47,42,19,3,16,5,3,2,149,68,81
NACOGDOCHES COUNTY,347,45 Years,575,285,290,336,173,163,83,42,41,16,7,9,7,2,5,133,61,72
NACOGDOCHES COUNTY,347,46 Years,618,295,323,365,182,183,94,45,49,23,5,18,7,3,4,129,60,69
NACOGDOCHES COUNTY,347,47 Years,649,322,327,393,204,189,89,42,47,28,8,20,4,2,2,135,66,69
NACOGDOCHES COUNTY,347,48 Years,695,347,348,430,218,212,112,50,62,13,5,8,8,5,3,132,69,63
NACOGDOCHES COUNTY,347,49 Years,677,329,348,406,195,211,110,52,58,9,4,5,8,4,4,144,74,70
NACOGDOCHES COUNTY,347,50 Years,680,324,356,410,200,210,91,38,53,18,2,16,9,3,6,152,81,71
NACOGDOCHES COUNTY,347,51 Years,659,348,311,400,217,183,104,53,51,11,6,5,12,5,7,132,67,65
NACOGDOCHES COUNTY,347,52 Years,671,332,339,409,205,204,117,57,60,7,4,3,7,4,3,131,62,69
NACOGDOCHES COUNTY,347,53 Years,659,318,341,412,190,222,110,51,59,8,4,4,8,3,5,121,70,51
NACOGDOCHES COUNTY,347,54 Years,737,335,402,452,198,254,125,58,67,20,5,15,8,5,3,132,69,63
NACOGDOCHES COUNTY,347,55 Years,709,333,376,467,217,250,127,57,70,15,8,7,9,3,6,91,48,43
NACOGDOCHES COUNTY,347,56 Years,733,345,388,496,230,266,109,48,61,7,3,4,11,4,7,110,60,50
NACOGDOCHES COUNTY,347,57 Years,725,369,356,489,255,234,112,47,65,10,6,4,9,3,6,105,58,47
NACOGDOCHES COUNTY,347,58 Years,757,359,398,534,256,278,111,44,67,6,3,3,13,4,9,93,52,41
NACOGDOCHES COUNTY,347,59 Years,726,344,382,501,231,270,129,62,67,6,3,3,8,3,5,82,45,37
NACOGDOCHES COUNTY,347,60 Years,703,339,364,493,245,248,118,45,73,7,5,2,11,7,4,74,37,37
NACOGDOCHES COUNTY,347,61 Years,760,362,398,535,255,280,118,44,74,9,4,5,10,8,2,88,51,37
NACOGDOCHES COUNTY,347,62 Years,767,370,397,557,264,293,117,57,60,9,5,4,11,6,5,73,38,35
NACOGDOCHES COUNTY,347,63 Years,706,351,355,496,250,246,122,59,63,19,4,15,11,6,5,58,32,26
NACOGDOCHES COUNTY,347,64 Years,719,342,377,512,248,264,120,55,65,19,1,18,10,2,8,58,36,22
NACOGDOCHES COUNTY,347,65 Years,721,335,386,526,249,277,114,47,67,13,3,10,9,4,5,59,32,27
NACOGDOCHES COUNTY,347,66 Years,716,346,370,533,261,272,112,50,62,10,5,5,10,5,5,51,25,26
NACOGDOCHES COUNTY,347,67 Years,689,326,363,516,243,273,104,48,56,8,4,4,9,4,5,52,27,25
NACOGDOCHES COUNTY,347,68 Years,660,313,347,503,247,256,101,39,62,7,2,5,5,2,3,44,23,21
NACOGDOCHES COUNTY,347,69 Years,653,314,339,502,243,259,96,40,56,6,2,4,3,2,1,46,27,19
NACOGDOCHES COUNTY,347,70 Years,595,287,308,464,224,240,86,36,50,5,2,3,3,2,1,37,23,14
NACOGDOCHES COUNTY,347,71 Years,593,298,295,451,226,225,88,38,50,7,4,3,8,7,1,39,23,16
NACOGDOCHES COUNTY,347,72 Years,580,290,290,465,237,228,74,32,42,6,4,2,8,7,1,27,10,17
NACOGDOCHES COUNTY,347,73 Years,474,218,256,389,181,208,56,26,30,2,1,1,7,4,3,20,6,14
NACOGDOCHES COUNTY,347,74 Years,468,219,249,378,174,204,57,25,32,1,1,0,6,3,3,26,16,10
NACOGDOCHES COUNTY,347,75 Years,457,212,245,372,175,197,55,21,34,2,0,2,6,3,3,22,13,9
NACOGDOCHES COUNTY,347,76 Years,419,188,231,348,160,188,39,14,25,2,1,1,6,2,4,24,11,13
NACOGDOCHES COUNTY,347,77 Years,377,173,204,315,147,168,33,12,21,3,2,1,4,3,1,22,9,13
NACOGDOCHES COUNTY,347,78 Years,332,150,182,271,127,144,36,11,25,2,1,1,2,1,1,21,10,11
NACOGDOCHES COUNTY,347,79 Years,293,118,175,244,101,143,31,10,21,1,0,1,2,0,2,15,7,8
NACOGDOCHES COUNTY,347,80 Years,270,100,170,225,86,139,29,8,21,1,0,1,2,1,1,13,5,8
NACOGDOCHES COUNTY,347,81 Years,281,108,173,229,91,138,27,9,18,4,1,3,3,0,3,18,7,11
NACOGDOCHES COUNTY,347,82 Years,244,92,152,202,77,125,26,8,18,2,1,1,3,0,3,11,6,5
NACOGDOCHES COUNTY,347,83 Years,215,77,138,179,64,115,21,9,12,3,1,2,3,0,3,9,3,6
NACOGDOCHES COUNTY,347,84 Years,209,79,130,178,65,113,17,8,9,2,0,2,5,1,4,7,5,2
NACOGDOCHES COUNTY,347,85 Years,190,69,121,158,56,102,22,7,15,1,1,0,4,2,2,5,3,2
NACOGDOCHES COUNTY,347,86 Years,161,63,98,130,51,79,23,7,16,1,1,0,3,2,1,4,2,2
NACOGDOCHES COUNTY,347,87 Years,152,60,92,126,50,76,18,5,13,1,0,1,3,2,1,4,3,1
NACOGDOCHES COUNTY,347,88 Years,136,50,86,112,41,71,16,4,12,1,0,1,1,0,1,6,5,1
NACOGDOCHES COUNTY,347,89 Years,109,40,69,93,33,60,9,4,5,0,0,0,2,0,2,5,3,2
NACOGDOCHES COUNTY,347,90 Years,96,34,62,81,30,51,10,2,8,1,1,0,1,0,1,3,1,2
NACOGDOCHES COUNTY,347,91 Years,88,28,60,71,23,48,10,2,8,1,0,1,2,1,1,4,2,2
NACOGDOCHES COUNTY,347,92 Years,71,25,46,55,18,37,9,2,7,2,2,0,1,1,0,4,2,2
NACOGDOCHES COUNTY,347,93 Years,58,17,41,48,13,35,6,2,4,0,0,0,1,0,1,3,2,1
NACOGDOCHES COUNTY,347,94 Years,48,17,31,38,12,26,6,2,4,1,1,0,0,0,0,3,2,1
NACOGDOCHES COUNTY,347,95 Years +,103,30,73,75,20,55,18,5,13,3,1,2,2,1,1,5,3,2
NAVARRO COUNTY,349,All Ages,52013,25492,26521,29444,14436,15008,6628,3091,3537,290,121,169,1576,794,782,14075,7050,7025
NAVARRO COUNTY,349,< 1 Year,647,332,315,256,127,129,65,34,31,3,1,2,53,25,28,270,145,125
NAVARRO COUNTY,349,1 Years,657,334,323,256,130,126,67,35,32,3,2,1,59,29,30,272,138,134
NAVARRO COUNTY,349,2 Years,669,342,327,274,143,131,70,33,37,2,1,1,47,23,24,276,142,134
NAVARRO COUNTY,349,3 Years,674,333,341,271,142,129,80,36,44,2,1,1,48,24,24,273,130,143
NAVARRO COUNTY,349,4 Years,693,348,345,294,155,139,83,37,46,2,1,1,41,21,20,273,134,139
NAVARRO COUNTY,349,5 Years,684,340,344,290,147,143,82,37,45,2,1,1,44,25,19,266,130,136
NAVARRO COUNTY,349,6 Years,697,353,344,308,160,148,82,38,44,2,1,1,43,23,20,262,131,131
NAVARRO COUNTY,349,7 Years,667,331,336,286,142,144,81,38,43,2,1,1,40,22,18,258,128,130
NAVARRO COUNTY,349,8 Years,669,339,330,293,153,140,76,36,40,2,1,1,38,20,18,260,129,131
NAVARRO COUNTY,349,9 Years,648,335,313,279,156,123,78,32,46,2,0,2,33,18,15,256,129,127
NAVARRO COUNTY,349,10 Years,740,372,368,305,158,147,104,56,48,1,0,1,46,15,31,284,143,141
NAVARRO COUNTY,349,11 Years,757,378,379,302,156,146,92,45,47,2,0,2,40,15,25,321,162,159
NAVARRO COUNTY,349,12 Years,787,414,373,303,152,151,115,64,51,3,1,2,38,22,16,328,175,153
NAVARRO COUNTY,349,13 Years,726,370,356,284,144,140,100,58,42,3,1,2,30,13,17,309,154,155
NAVARRO COUNTY,349,14 Years,696,354,342,258,133,125,99,56,43,3,1,2,28,14,14,308,150,158
NAVARRO COUNTY,349,15 Years,714,380,334,290,161,129,95,52,43,5,2,3,29,17,12,295,148,147
NAVARRO COUNTY,349,16 Years,731,376,355,295,163,132,91,42,49,5,3,2,24,15,9,316,153,163
NAVARRO COUNTY,349,17 Years,708,370,338,309,160,149,84,43,41,3,2,1,23,13,10,289,152,137
NAVARRO COUNTY,349,18 Years,681,362,319,284,145,139,75,42,33,6,4,2,28,15,13,288,156,132
NAVARRO COUNTY,349,19 Years,614,329,285,242,133,109,83,44,39,5,3,2,31,19,12,253,130,123
NAVARRO COUNTY,349,20 Years,601,311,290,233,122,111,91,43,48,6,1,5,26,10,16,245,135,110
NAVARRO COUNTY,349,21 Years,564,289,275,239,126,113,84,36,48,4,2,2,21,9,12,216,116,100
NAVARRO COUNTY,349,22 Years,592,302,290,251,136,115,84,37,47,1,0,1,22,12,10,234,117,117
NAVARRO COUNTY,349,23 Years,625,289,336,289,149,140,106,44,62,1,0,1,18,8,10,211,88,123
NAVARRO COUNTY,349,24 Years,579,269,310,286,143,143,92,40,52,2,1,1,14,7,7,185,78,107
NAVARRO COUNTY,349,25 Years,606,287,319,292,144,148,98,46,52,3,2,1,20,13,7,193,82,111
NAVARRO COUNTY,349,26 Years,639,326,313,318,164,154,104,53,51,6,4,2,16,7,9,195,98,97
NAVARRO COUNTY,349,27 Years,635,304,331,311,151,160,100,46,54,5,3,2,9,6,3,210,98,112
NAVARRO COUNTY,349,28 Years,711,355,356,360,178,182,123,63,60,2,2,0,23,10,13,203,102,101
NAVARRO COUNTY,349,29 Years,722,361,361,360,184,176,137,65,72,6,0,6,26,15,11,193,97,96
NAVARRO COUNTY,349,30 Years,630,315,315,340,177,163,103,44,59,4,0,4,23,16,7,160,78,82
NAVARRO COUNTY,349,31 Years,627,295,332,349,171,178,100,41,59,2,1,1,14,6,8,162,76,86
NAVARRO COUNTY,349,32 Years,625,294,331,342,171,171,92,42,50,0,0,0,17,7,10,174,74,100
NAVARRO COUNTY,349,33 Years,620,284,336,332,151,181,100,49,51,3,3,0,16,6,10,169,75,94
NAVARRO COUNTY,349,34 Years,595,279,316,304,148,156,105,45,60,3,1,2,16,7,9,167,78,89
NAVARRO COUNTY,349,35 Years,586,291,295,322,160,162,77,37,40,5,2,3,19,10,9,163,82,81
NAVARRO COUNTY,349,36 Years,580,291,289,311,147,164,69,39,30,4,2,2,14,5,9,182,98,84
NAVARRO COUNTY,349,37 Years,594,288,306,330,158,172,69,37,32,4,2,2,20,8,12,171,83,88
NAVARRO COUNTY,349,38 Years,604,289,315,331,162,169,71,34,37,3,1,2,17,7,10,182,85,97
NAVARRO COUNTY,349,39 Years,625,296,329,338,159,179,77,37,40,2,1,1,26,16,10,182,83,99
NAVARRO COUNTY,349,40 Years,579,288,291,316,155,161,74,34,40,2,2,0,17,10,7,170,87,83
NAVARRO COUNTY,349,41 Years,574,288,286,308,155,153,70,30,40,3,2,1,19,9,10,174,92,82
NAVARRO COUNTY,349,42 Years,564,281,283,297,149,148,66,32,34,3,3,0,16,8,8,182,89,93
NAVARRO COUNTY,349,43 Years,567,273,294,303,145,158,60,27,33,2,2,0,15,7,8,187,92,95
NAVARRO COUNTY,349,44 Years,607,288,319,336,159,177,63,25,38,5,1,4,9,5,4,194,98,96
NAVARRO COUNTY,349,45 Years,603,299,304,341,163,178,70,33,37,3,0,3,8,5,3,181,98,83
NAVARRO COUNTY,349,46 Years,654,296,358,360,170,190,82,37,45,18,2,16,12,7,5,182,80,102
NAVARRO COUNTY,349,47 Years,610,295,315,346,176,170,71,29,42,11,4,7,11,4,7,171,82,89
NAVARRO COUNTY,349,48 Years,625,332,293,368,191,177,70,32,38,4,2,2,14,8,6,169,99,70
NAVARRO COUNTY,349,49 Years,650,339,311,386,201,185,76,37,39,2,0,2,11,5,6,175,96,79
NAVARRO COUNTY,349,50 Years,670,342,328,376,188,188,90,51,39,5,2,3,14,5,9,185,96,89
NAVARRO COUNTY,349,51 Years,659,345,314,376,196,180,94,49,45,5,2,3,17,10,7,167,88,79
NAVARRO COUNTY,349,52 Years,598,312,286,345,177,168,85,41,44,4,2,2,12,7,5,152,85,67
NAVARRO COUNTY,349,53 Years,595,299,296,349,170,179,88,42,46,8,4,4,11,8,3,139,75,64
NAVARRO COUNTY,349,54 Years,680,331,349,420,202,218,101,41,60,7,4,3,7,3,4,145,81,64
NAVARRO COUNTY,349,55 Years,690,348,342,445,228,217,93,37,56,5,4,1,11,3,8,136,76,60
NAVARRO COUNTY,349,56 Years,720,355,365,450,235,215,99,39,60,4,1,3,19,8,11,148,72,76
NAVARRO COUNTY,349,57 Years,716,339,377,450,209,241,99,50,49,5,2,3,19,9,10,143,69,74
NAVARRO COUNTY,349,58 Years,726,350,376,465,221,244,101,50,51,4,2,2,11,6,5,145,71,74
NAVARRO COUNTY,349,59 Years,740,377,363,483,241,242,108,49,59,8,5,3,5,2,3,136,80,56
NAVARRO COUNTY,349,60 Years,672,327,345,450,216,234,85,33,52,3,2,1,11,4,7,123,72,51
NAVARRO COUNTY,349,61 Years,688,331,357,469,221,248,86,43,43,6,3,3,14,6,8,113,58,55
NAVARRO COUNTY,349,62 Years,665,329,336,460,234,226,83,33,50,6,2,4,10,7,3,106,53,53
NAVARRO COUNTY,349,63 Years,681,329,352,490,238,252,82,34,48,3,1,2,14,7,7,92,49,43
NAVARRO COUNTY,349,64 Years,637,303,334,461,227,234,88,38,50,1,0,1,5,3,2,82,35,47
NAVARRO COUNTY,349,65 Years,621,299,322,454,224,230,78,37,41,1,0,1,5,2,3,83,36,47
NAVARRO COUNTY,349,66 Years,644,309,335,490,236,254,71,33,38,3,1,2,7,3,4,73,36,37
NAVARRO COUNTY,349,67 Years,571,263,308,435,203,232,75,31,44,2,1,1,8,2,6,51,26,25
NAVARRO COUNTY,349,68 Years,533,259,274,421,205,216,63,32,31,3,1,2,7,4,3,39,17,22
NAVARRO COUNTY,349,69 Years,571,278,293,456,222,234,58,28,30,1,0,1,9,7,2,47,21,26
NAVARRO COUNTY,349,70 Years,574,274,300,453,220,233,53,24,29,4,1,3,15,9,6,49,20,29
NAVARRO COUNTY,349,71 Years,568,272,296,462,220,242,49,23,26,4,1,3,7,5,2,46,23,23
NAVARRO COUNTY,349,72 Years,540,268,272,425,214,211,62,24,38,3,3,0,4,3,1,46,24,22
NAVARRO COUNTY,349,73 Years,453,221,232,359,176,183,48,21,27,2,1,1,6,5,1,38,18,20
NAVARRO COUNTY,349,74 Years,443,206,237,346,159,187,41,19,22,1,1,0,6,3,3,49,24,25
NAVARRO COUNTY,349,75 Years,433,185,248,351,154,197,41,16,25,0,0,0,3,1,2,38,14,24
NAVARRO COUNTY,349,76 Years,412,184,228,340,150,190,34,13,21,0,0,0,4,2,2,34,19,15
NAVARRO COUNTY,349,77 Years,370,166,204,300,136,164,26,11,15,1,0,1,7,4,3,36,15,21
NAVARRO COUNTY,349,78 Years,354,162,192,289,133,156,30,12,18,1,0,1,4,2,2,30,15,15
NAVARRO COUNTY,349,79 Years,319,144,175,273,122,151,24,10,14,0,0,0,3,3,0,19,9,10
NAVARRO COUNTY,349,80 Years,285,129,156,249,110,139,18,11,7,0,0,0,2,1,1,16,7,9
NAVARRO COUNTY,349,81 Years,235,96,139,201,82,119,15,7,8,1,0,1,3,0,3,15,7,8
NAVARRO COUNTY,349,82 Years,223,103,120,191,90,101,15,4,11,2,1,1,1,1,0,14,7,7
NAVARRO COUNTY,349,83 Years,193,82,111,160,66,94,14,5,9,0,0,0,4,2,2,15,9,6
NAVARRO COUNTY,349,84 Years,198,85,113,161,67,94,20,8,12,0,0,0,3,1,2,14,9,5
NAVARRO COUNTY,349,85 Years,164,77,87,135,63,72,16,6,10,0,0,0,1,1,0,12,7,5
NAVARRO COUNTY,349,86 Years,124,52,72,97,42,55,16,5,11,0,0,0,2,0,2,9,5,4
NAVARRO COUNTY,349,87 Years,129,50,79,102,39,63,15,4,11,2,1,1,2,1,1,8,5,3
NAVARRO COUNTY,349,88 Years,132,48,84,107,39,68,12,4,8,3,0,3,4,2,2,6,3,3
NAVARRO COUNTY,349,89 Years,108,40,68,90,31,59,9,4,5,1,0,1,1,1,0,7,4,3
NAVARRO COUNTY,349,90 Years,90,36,54,73,27,46,11,5,6,0,0,0,0,0,0,6,4,2
NAVARRO COUNTY,349,91 Years,71,25,46,56,19,37,8,3,5,1,0,1,1,0,1,5,3,2
NAVARRO COUNTY,349,92 Years,61,19,42,47,15,32,7,2,5,1,0,1,1,0,1,5,2,3
NAVARRO COUNTY,349,93 Years,52,14,38,41,13,28,7,1,6,0,0,0,2,0,2,2,0,2
NAVARRO COUNTY,349,94 Years,44,13,31,34,10,24,5,1,4,0,0,0,1,0,1,4,2,2
NAVARRO COUNTY,349,95 Years +,109,30,79,79,21,58,19,5,14,2,0,2,1,0,1,8,4,4
NEWTON COUNTY,351,All Ages,13317,6932,6385,9740,4958,4782,2736,1514,1222,68,31,37,320,160,160,453,269,184
NEWTON COUNTY,351,< 1 Year,124,63,61,90,45,45,21,11,10,0,0,0,8,5,3,5,2,3
NEWTON COUNTY,351,1 Years,124,62,62,95,49,46,21,9,12,0,0,0,5,3,2,3,1,2
NEWTON COUNTY,351,2 Years,122,63,59,89,46,43,19,10,9,2,1,1,8,5,3,4,1,3
NEWTON COUNTY,351,3 Years,129,64,65,95,47,48,24,12,12,1,0,1,7,4,3,2,1,1
NEWTON COUNTY,351,4 Years,139,71,68,96,47,49,26,15,11,2,1,1,10,5,5,5,3,2
NEWTON COUNTY,351,5 Years,142,70,72,99,50,49,25,12,13,2,1,1,10,4,6,6,3,3
NEWTON COUNTY,351,6 Years,142,76,66,104,57,47,23,12,11,1,1,0,6,2,4,8,4,4
NEWTON COUNTY,351,7 Years,148,78,70,102,56,46,25,11,14,0,0,0,7,3,4,14,8,6
NEWTON COUNTY,351,8 Years,148,78,70,99,52,47,31,15,16,0,0,0,7,4,3,11,7,4
NEWTON COUNTY,351,9 Years,149,72,77,101,48,53,34,17,17,1,0,1,8,6,2,5,1,4
NEWTON COUNTY,351,10 Years,138,70,68,87,45,42,33,18,15,1,1,0,12,5,7,5,1,4
NEWTON COUNTY,351,11 Years,152,77,75,110,56,54,24,12,12,1,1,0,11,5,6,6,3,3
NEWTON COUNTY,351,12 Years,163,88,75,115,59,56,30,17,13,1,1,0,4,2,2,13,9,4
NEWTON COUNTY,351,13 Years,148,72,76,109,53,56,28,14,14,0,0,0,3,0,3,8,5,3
NEWTON COUNTY,351,14 Years,140,69,71,91,43,48,39,21,18,1,0,1,4,2,2,5,3,2
NEWTON COUNTY,351,15 Years,139,68,71,91,42,49,37,22,15,0,0,0,4,2,2,7,2,5
NEWTON COUNTY,351,16 Years,152,72,80,100,50,50,35,17,18,3,0,3,5,2,3,9,3,6
NEWTON COUNTY,351,17 Years,157,83,74,98,54,44,40,19,21,1,0,1,7,5,2,11,5,6
NEWTON COUNTY,351,18 Years,173,101,72,106,64,42,47,29,18,1,0,1,6,2,4,13,6,7
NEWTON COUNTY,351,19 Years,136,83,53,83,49,34,37,25,12,1,0,1,6,4,2,9,5,4
NEWTON COUNTY,351,20 Years,146,88,58,87,49,38,42,29,13,0,0,0,5,4,1,12,6,6
NEWTON COUNTY,351,21 Years,154,87,67,100,55,45,38,25,13,0,0,0,3,1,2,13,6,7
NEWTON COUNTY,351,22 Years,153,87,66,99,56,43,38,23,15,1,1,0,5,2,3,10,5,5
NEWTON COUNTY,351,23 Years,163,95,68,111,60,51,37,24,13,1,1,0,5,3,2,9,7,2
NEWTON COUNTY,351,24 Years,151,87,64,95,53,42,38,22,16,1,1,0,6,2,4,11,9,2
NEWTON COUNTY,351,25 Years,185,106,79,118,66,52,46,29,17,0,0,0,8,3,5,13,8,5
NEWTON COUNTY,351,26 Years,200,119,81,133,72,61,44,32,12,1,1,0,6,4,2,16,10,6
NEWTON COUNTY,351,27 Years,203,113,90,130,64,66,54,36,18,1,1,0,5,3,2,13,9,4
NEWTON COUNTY,351,28 Years,222,140,82,157,92,65,55,41,14,1,1,0,3,2,1,6,4,2
NEWTON COUNTY,351,29 Years,203,119,84,138,74,64,48,32,16,2,2,0,3,2,1,12,9,3
NEWTON COUNTY,351,30 Years,183,108,75,131,74,57,35,20,15,1,1,0,3,2,1,13,11,2
NEWTON COUNTY,351,31 Years,173,99,74,126,74,52,34,18,16,0,0,0,3,2,1,10,5,5
NEWTON COUNTY,351,32 Years,166,99,67,130,78,52,28,18,10,1,1,0,2,0,2,5,2,3
NEWTON COUNTY,351,33 Years,159,93,66,117,66,51,31,19,12,0,0,0,3,1,2,8,7,1
NEWTON COUNTY,351,34 Years,167,95,72,117,62,55,44,27,17,0,0,0,2,2,0,4,4,0
NEWTON COUNTY,351,35 Years,158,93,65,111,63,48,36,24,12,2,0,2,4,1,3,5,5,0
NEWTON COUNTY,351,36 Years,157,79,78,112,58,54,37,17,20,1,0,1,4,2,2,3,2,1
NEWTON COUNTY,351,37 Years,145,85,60,98,58,40,39,23,16,1,0,1,4,1,3,3,3,0
NEWTON COUNTY,351,38 Years,163,93,70,109,59,50,41,29,12,3,1,2,2,1,1,8,3,5
NEWTON COUNTY,351,39 Years,162,88,74,110,55,55,42,27,15,1,1,0,2,1,1,7,4,3
NEWTON COUNTY,351,40 Years,150,86,64,116,65,51,26,16,10,1,0,1,2,2,0,5,3,2
NEWTON COUNTY,351,41 Years,141,80,61,109,62,47,25,15,10,1,0,1,2,1,1,4,2,2
NEWTON COUNTY,351,42 Years,130,63,67,90,45,45,32,14,18,1,0,1,2,0,2,5,4,1
NEWTON COUNTY,351,43 Years,140,73,67,101,49,52,29,16,13,3,2,1,1,1,0,6,5,1
NEWTON COUNTY,351,44 Years,156,78,78,121,59,62,28,17,11,1,0,1,1,0,1,5,2,3
NEWTON COUNTY,351,45 Years,140,61,79,106,44,62,29,15,14,1,0,1,1,0,1,3,2,1
NEWTON COUNTY,351,46 Years,146,67,79,109,47,62,31,17,14,2,1,1,0,0,0,4,2,2
NEWTON COUNTY,351,47 Years,148,73,75,112,50,62,29,19,10,2,1,1,2,1,1,3,2,1
NEWTON COUNTY,351,48 Years,168,85,83,125,64,61,35,18,17,2,1,1,2,0,2,4,2,2
NEWTON COUNTY,351,49 Years,179,94,85,131,69,62,39,21,18,2,0,2,2,1,1,5,3,2
NEWTON COUNTY,351,50 Years,176,80,96,131,53,78,37,22,15,1,0,1,3,2,1,4,3,1
NEWTON COUNTY,351,51 Years,162,90,72,122,65,57,34,19,15,1,1,0,1,1,0,4,4,0
NEWTON COUNTY,351,52 Years,181,99,82,140,71,69,31,20,11,2,2,0,2,1,1,6,5,1
NEWTON COUNTY,351,53 Years,180,94,86,137,72,65,35,20,15,3,1,2,3,0,3,2,1,1
NEWTON COUNTY,351,54 Years,192,94,98,151,76,75,35,16,19,2,0,2,1,0,1,3,2,1
NEWTON COUNTY,351,55 Years,199,97,102,158,74,84,35,19,16,1,0,1,2,2,0,3,2,1
NEWTON COUNTY,351,56 Years,198,92,106,149,71,78,42,17,25,0,0,0,5,3,2,2,1,1
NEWTON COUNTY,351,57 Years,195,96,99,151,77,74,37,16,21,0,0,0,4,1,3,3,2,1
NEWTON COUNTY,351,58 Years,184,90,94,143,70,73,36,16,20,0,0,0,2,2,0,3,2,1
NEWTON COUNTY,351,59 Years,202,103,99,157,82,75,38,17,21,0,0,0,3,1,2,4,3,1
NEWTON COUNTY,351,60 Years,183,91,92,139,69,70,38,19,19,1,1,0,3,0,3,2,2,0
NEWTON COUNTY,351,61 Years,202,101,101,166,85,81,30,13,17,1,1,0,3,0,3,2,2,0
NEWTON COUNTY,351,62 Years,194,97,97,160,83,77,30,13,17,0,0,0,2,1,1,2,0,2
NEWTON COUNTY,351,63 Years,187,90,97,149,73,76,34,15,19,1,1,0,1,0,1,2,1,1
NEWTON COUNTY,351,64 Years,191,102,89,145,81,64,39,17,22,0,0,0,4,3,1,3,1,2
NEWTON COUNTY,351,65 Years,194,95,99,151,75,76,37,17,20,0,0,0,2,2,0,4,1,3
NEWTON COUNTY,351,66 Years,173,87,86,138,73,65,30,11,19,0,0,0,1,1,0,4,2,2
NEWTON COUNTY,351,67 Years,171,76,95,142,64,78,25,10,15,0,0,0,2,1,1,2,1,1
NEWTON COUNTY,351,68 Years,158,69,89,125,52,73,28,13,15,0,0,0,4,3,1,1,1,0
NEWTON COUNTY,351,69 Years,157,80,77,119,58,61,35,19,16,0,0,0,2,2,0,1,1,0
NEWTON COUNTY,351,70 Years,182,91,91,146,73,73,33,18,15,0,0,0,3,0,3,0,0,0
NEWTON COUNTY,351,71 Years,162,79,83,132,64,68,25,14,11,1,0,1,3,1,2,1,0,1
NEWTON COUNTY,351,72 Years,157,75,82,128,60,68,24,14,10,0,0,0,4,1,3,1,0,1
NEWTON COUNTY,351,73 Years,127,66,61,105,51,54,18,12,6,0,0,0,3,2,1,1,1,0
NEWTON COUNTY,351,74 Years,126,59,67,102,44,58,18,10,8,0,0,0,3,3,0,3,2,1
NEWTON COUNTY,351,75 Years,109,52,57,88,37,51,17,12,5,0,0,0,2,1,1,2,2,0
NEWTON COUNTY,351,76 Years,110,58,52,89,42,47,18,13,5,0,0,0,2,2,0,1,1,0
NEWTON COUNTY,351,77 Years,98,55,43,79,41,38,16,12,4,0,0,0,2,1,1,1,1,0
NEWTON COUNTY,351,78 Years,87,44,43,69,33,36,13,8,5,0,0,0,2,1,1,3,2,1
NEWTON COUNTY,351,79 Years,82,45,37,62,32,30,16,10,6,0,0,0,1,1,0,3,2,1
NEWTON COUNTY,351,80 Years,73,34,39,54,25,29,15,8,7,0,0,0,2,0,2,2,1,1
NEWTON COUNTY,351,81 Years,68,34,34,54,25,29,11,6,5,0,0,0,2,2,0,1,1,0
NEWTON COUNTY,351,82 Years,59,26,33,46,21,25,11,4,7,0,0,0,2,1,1,0,0,0
NEWTON COUNTY,351,83 Years,52,23,29,40,19,21,11,4,7,0,0,0,1,0,1,0,0,0
NEWTON COUNTY,351,84 Years,55,28,27,42,22,20,12,5,7,0,0,0,1,1,0,0,0,0
NEWTON COUNTY,351,85 Years,44,22,22,32,16,16,11,5,6,0,0,0,1,1,0,0,0,0
NEWTON COUNTY,351,86 Years,44,16,28,32,12,20,10,4,6,1,0,1,0,0,0,1,0,1
NEWTON COUNTY,351,87 Years,44,15,29,32,12,20,9,3,6,0,0,0,2,0,2,1,0,1
NEWTON COUNTY,351,88 Years,35,15,20,27,11,16,8,4,4,0,0,0,0,0,0,0,0,0
NEWTON COUNTY,351,89 Years,30,12,18,23,9,14,7,3,4,0,0,0,0,0,0,0,0,0
NEWTON COUNTY,351,90 Years,25,11,14,16,7,9,7,3,4,0,0,0,2,1,1,0,0,0
NEWTON COUNTY,351,91 Years,21,9,12,14,7,7,6,2,4,0,0,0,1,0,1,0,0,0
NEWTON COUNTY,351,92 Years,19,8,11,14,6,8,5,2,3,0,0,0,0,0,0,0,0,0
NEWTON COUNTY,351,93 Years,15,5,10,10,3,7,5,2,3,0,0,0,0,0,0,0,0,0
NEWTON COUNTY,351,94 Years,12,5,7,7,3,4,5,2,3,0,0,0,0,0,0,0,0,0
NEWTON COUNTY,351,95 Years +,26,9,17,15,5,10,10,4,6,0,0,0,0,0,0,1,0,1
NOLAN COUNTY,353,All Ages,14256,7157,7099,7803,3931,3872,680,351,329,57,29,28,210,105,105,5506,2741,2765
NOLAN COUNTY,353,< 1 Year,189,101,88,87,47,40,12,6,6,0,0,0,4,2,2,86,46,40
NOLAN COUNTY,353,1 Years,185,95,90,85,42,43,9,4,5,0,0,0,5,3,2,86,46,40
NOLAN COUNTY,353,2 Years,189,95,94,86,44,42,9,3,6,0,0,0,3,2,1,91,46,45
NOLAN COUNTY,353,3 Years,191,96,95,87,43,44,8,4,4,1,1,0,3,2,1,92,46,46
NOLAN COUNTY,353,4 Years,208,105,103,95,46,49,10,5,5,1,1,0,3,2,1,99,51,48
NOLAN COUNTY,353,5 Years,211,111,100,93,46,47,9,5,4,1,1,0,3,2,1,105,57,48
NOLAN COUNTY,353,6 Years,206,105,101,94,45,49,8,4,4,0,0,0,0,0,0,104,56,48
NOLAN COUNTY,353,7 Years,193,102,91,86,45,41,9,5,4,1,0,1,3,2,1,94,50,44
NOLAN COUNTY,353,8 Years,188,98,90,86,45,41,8,5,3,1,0,1,5,1,4,88,47,41
NOLAN COUNTY,353,9 Years,205,121,84,89,46,43,8,5,3,0,0,0,5,4,1,103,66,37
NOLAN COUNTY,353,10 Years,190,95,95,79,36,43,6,1,5,0,0,0,5,2,3,100,56,44
NOLAN COUNTY,353,11 Years,220,111,109,96,48,48,9,5,4,0,0,0,8,4,4,107,54,53
NOLAN COUNTY,353,12 Years,223,122,101,99,54,45,16,10,6,0,0,0,8,3,5,100,55,45
NOLAN COUNTY,353,13 Years,216,115,101,96,54,42,15,8,7,1,1,0,6,2,4,98,50,48
NOLAN COUNTY,353,14 Years,217,119,98,91,49,42,13,7,6,0,0,0,4,0,4,109,63,46
NOLAN COUNTY,353,15 Years,227,123,104,109,69,40,11,5,6,0,0,0,3,1,2,104,48,56
NOLAN COUNTY,353,16 Years,217,120,97,98,60,38,7,3,4,2,2,0,7,5,2,103,50,53
NOLAN COUNTY,353,17 Years,204,109,95,90,53,37,11,6,5,1,1,0,6,3,3,96,46,50
NOLAN COUNTY,353,18 Years,185,99,86,77,49,28,10,3,7,2,0,2,5,2,3,91,45,46
NOLAN COUNTY,353,19 Years,173,98,75,64,41,23,11,6,5,1,0,1,5,2,3,92,49,43
NOLAN COUNTY,353,20 Years,166,89,77,63,36,27,11,7,4,0,0,0,4,2,2,88,44,44
NOLAN COUNTY,353,21 Years,155,89,66,64,40,24,11,7,4,0,0,0,2,1,1,78,41,37
NOLAN COUNTY,353,22 Years,163,88,75,75,42,33,13,7,6,0,0,0,3,0,3,72,39,33
NOLAN COUNTY,353,23 Years,174,92,82,82,46,36,12,7,5,1,1,0,4,3,1,75,35,40
NOLAN COUNTY,353,24 Years,176,91,85,83,46,37,7,4,3,1,1,0,2,1,1,83,39,44
NOLAN COUNTY,353,25 Years,183,88,95,88,41,47,10,5,5,1,0,1,4,1,3,80,41,39
NOLAN COUNTY,353,26 Years,170,84,86,87,41,46,10,7,3,0,0,0,3,1,2,70,35,35
NOLAN COUNTY,353,27 Years,208,110,98,111,59,52,12,9,3,1,1,0,2,2,0,82,39,43
NOLAN COUNTY,353,28 Years,249,149,100,125,76,49,12,8,4,1,1,0,5,4,1,106,60,46
NOLAN COUNTY,353,29 Years,232,133,99,121,68,53,5,4,1,1,0,1,2,2,0,103,59,44
NOLAN COUNTY,353,30 Years,196,99,97,100,51,49,7,3,4,1,1,0,2,1,1,86,43,43
NOLAN COUNTY,353,31 Years,183,94,89,95,44,51,8,5,3,1,1,0,2,1,1,77,43,34
NOLAN COUNTY,353,32 Years,199,103,96,102,47,55,10,7,3,1,1,0,2,1,1,84,47,37
NOLAN COUNTY,353,33 Years,180,95,85,94,49,45,7,4,3,0,0,0,1,0,1,78,42,36
NOLAN COUNTY,353,34 Years,169,76,93,91,40,51,4,2,2,0,0,0,3,2,1,71,32,39
NOLAN COUNTY,353,35 Years,161,75,86,80,35,45,3,1,2,0,0,0,1,1,0,77,38,39
NOLAN COUNTY,353,36 Years,160,89,71,85,48,37,7,2,5,1,0,1,2,2,0,65,37,28
NOLAN COUNTY,353,37 Years,154,76,78,89,49,40,6,1,5,0,0,0,1,1,0,58,25,33
NOLAN COUNTY,353,38 Years,175,85,90,89,44,45,6,4,2,1,0,1,2,0,2,77,37,40
NOLAN COUNTY,353,39 Years,152,81,71,82,45,37,10,8,2,0,0,0,2,0,2,58,28,30
NOLAN COUNTY,353,40 Years,135,71,64,74,42,32,5,3,2,0,0,0,1,0,1,55,26,29
NOLAN COUNTY,353,41 Years,146,63,83,67,32,35,7,3,4,4,0,4,2,1,1,66,27,39
NOLAN COUNTY,353,42 Years,150,72,78,75,34,41,8,4,4,3,1,2,0,0,0,64,33,31
NOLAN COUNTY,353,43 Years,139,67,72,65,31,34,8,5,3,1,1,0,0,0,0,65,30,35
NOLAN COUNTY,353,44 Years,143,66,77,76,36,40,7,4,3,2,2,0,0,0,0,58,24,34
NOLAN COUNTY,353,45 Years,142,67,75,78,40,38,5,1,4,3,3,0,1,0,1,55,23,32
NOLAN COUNTY,353,46 Years,150,67,83,85,44,41,6,1,5,2,2,0,0,0,0,57,20,37
NOLAN COUNTY,353,47 Years,146,72,74,77,39,38,8,4,4,0,0,0,1,1,0,60,28,32
NOLAN COUNTY,353,48 Years,162,83,79,87,46,41,10,5,5,1,0,1,0,0,0,64,32,32
NOLAN COUNTY,353,49 Years,166,94,72,95,58,37,8,3,5,0,0,0,2,1,1,61,32,29
NOLAN COUNTY,353,50 Years,162,86,76,93,50,43,12,6,6,0,0,0,2,1,1,55,29,26
NOLAN COUNTY,353,51 Years,151,74,77,84,46,38,9,2,7,2,1,1,1,0,1,55,25,30
NOLAN COUNTY,353,52 Years,161,81,80,97,47,50,7,3,4,1,1,0,2,1,1,54,29,25
NOLAN COUNTY,353,53 Years,153,80,73,92,44,48,6,2,4,1,0,1,2,2,0,52,32,20
NOLAN COUNTY,353,54 Years,164,82,82,101,49,52,4,2,2,1,0,1,6,3,3,52,28,24
NOLAN COUNTY,353,55 Years,149,70,79,93,42,51,8,5,3,0,0,0,3,2,1,45,21,24
NOLAN COUNTY,353,56 Years,172,81,91,114,55,59,10,6,4,3,1,2,1,0,1,44,19,25
NOLAN COUNTY,353,57 Years,174,85,89,118,60,58,9,5,4,1,1,0,2,0,2,44,19,25
NOLAN COUNTY,353,58 Years,173,89,84,112,61,51,6,2,4,0,0,0,2,1,1,53,25,28
NOLAN COUNTY,353,59 Years,182,85,97,123,56,67,9,5,4,0,0,0,1,1,0,49,23,26
NOLAN COUNTY,353,60 Years,179,83,96,117,55,62,11,7,4,0,0,0,1,1,0,50,20,30
NOLAN COUNTY,353,61 Years,160,78,82,106,55,51,5,2,3,0,0,0,2,1,1,47,20,27
NOLAN COUNTY,353,62 Years,163,71,92,108,48,60,6,2,4,0,0,0,3,1,2,46,20,26
NOLAN COUNTY,353,63 Years,182,90,92,118,56,62,11,7,4,0,0,0,1,0,1,52,27,25
NOLAN COUNTY,353,64 Years,183,96,87,113,58,55,8,5,3,1,0,1,2,1,1,59,32,27
NOLAN COUNTY,353,65 Years,176,84,92,116,54,62,7,3,4,2,0,2,1,1,0,50,26,24
NOLAN COUNTY,353,66 Years,168,76,92,107,52,55,7,2,5,1,0,1,2,1,1,51,21,30
NOLAN COUNTY,353,67 Years,163,83,80,104,54,50,10,6,4,0,0,0,1,1,0,48,22,26
NOLAN COUNTY,353,68 Years,153,71,82,99,48,51,9,5,4,0,0,0,3,1,2,42,17,25
NOLAN COUNTY,353,69 Years,160,77,83,113,59,54,5,2,3,2,1,1,1,0,1,39,15,24
NOLAN COUNTY,353,70 Years,149,71,78,108,52,56,5,2,3,1,1,0,3,2,1,32,14,18
NOLAN COUNTY,353,71 Years,137,69,68,105,55,50,4,2,2,0,0,0,2,2,0,26,10,16
NOLAN COUNTY,353,72 Years,135,60,75,102,45,57,8,4,4,0,0,0,1,1,0,24,10,14
NOLAN COUNTY,353,73 Years,108,48,60,79,36,43,4,1,3,0,0,0,1,0,1,24,11,13
NOLAN COUNTY,353,74 Years,111,57,54,77,40,37,6,4,2,0,0,0,1,0,1,27,13,14
NOLAN COUNTY,353,75 Years,117,54,63,81,36,45,5,3,2,0,0,0,2,1,1,29,14,15
NOLAN COUNTY,353,76 Years,103,48,55,62,27,35,4,1,3,0,0,0,2,1,1,35,19,16
NOLAN COUNTY,353,77 Years,94,43,51,61,27,34,4,3,1,0,0,0,2,1,1,27,12,15
NOLAN COUNTY,353,78 Years,85,37,48,62,30,32,3,1,2,0,0,0,1,0,1,19,6,13
NOLAN COUNTY,353,79 Years,83,38,45,63,33,30,2,0,2,0,0,0,1,1,0,17,4,13
NOLAN COUNTY,353,80 Years,77,37,40,58,31,27,2,2,0,0,0,0,0,0,0,17,4,13
NOLAN COUNTY,353,81 Years,60,26,34,44,19,25,4,2,2,0,0,0,1,1,0,11,4,7
NOLAN COUNTY,353,82 Years,66,28,38,50,22,28,5,1,4,0,0,0,0,0,0,11,5,6
NOLAN COUNTY,353,83 Years,67,24,43,48,16,32,4,2,2,1,0,1,0,0,0,14,6,8
NOLAN COUNTY,353,84 Years,60,21,39,42,14,28,3,2,1,0,0,0,0,0,0,15,5,10
NOLAN COUNTY,353,85 Years,50,18,32,35,13,22,1,0,1,0,0,0,2,1,1,12,4,8
NOLAN COUNTY,353,86 Years,41,17,24,33,13,20,1,0,1,0,0,0,0,0,0,7,4,3
NOLAN COUNTY,353,87 Years,40,13,27,31,10,21,0,0,0,1,0,1,1,0,1,7,3,4
NOLAN COUNTY,353,88 Years,36,13,23,28,9,19,0,0,0,0,0,0,1,0,1,7,4,3
NOLAN COUNTY,353,89 Years,32,12,20,26,10,16,0,0,0,0,0,0,0,0,0,6,2,4
NOLAN COUNTY,353,90 Years,29,12,17,22,9,13,0,0,0,0,0,0,1,1,0,6,2,4
NOLAN COUNTY,353,91 Years,26,10,16,19,7,12,2,1,1,0,0,0,1,1,0,4,1,3
NOLAN COUNTY,353,92 Years,21,8,13,14,5,9,3,2,1,0,0,0,0,0,0,4,1,3
NOLAN COUNTY,353,93 Years,20,6,14,14,3,11,3,2,1,0,0,0,0,0,0,3,1,2
NOLAN COUNTY,353,94 Years,18,6,12,13,4,9,2,1,1,0,0,0,0,0,0,3,1,2
NOLAN COUNTY,353,95 Years +,42,11,31,26,5,21,4,1,3,0,0,0,1,0,1,11,5,6
NUECES COUNTY,355,All Ages,363049,180826,182223,102891,52063,50828,13152,6896,6256,7632,3414,4218,5247,2628,2619,234127,115825,118302
NUECES COUNTY,355,< 1 Year,4791,2450,2341,1033,549,484,156,76,80,57,29,28,101,53,48,3444,1743,1701
NUECES COUNTY,355,1 Years,4779,2445,2334,1040,547,493,153,76,77,58,30,28,102,51,51,3426,1741,1685
NUECES COUNTY,355,2 Years,4923,2533,2390,1092,574,518,161,77,84,69,36,33,105,55,50,3496,1791,1705
NUECES COUNTY,355,3 Years,5140,2650,2490,1131,588,543,170,80,90,76,42,34,106,56,50,3657,1884,1773
NUECES COUNTY,355,4 Years,5410,2776,2634,1174,607,567,169,81,88,83,45,38,106,58,48,3878,1985,1893
NUECES COUNTY,355,5 Years,5533,2821,2712,1216,623,593,169,82,87,91,48,43,107,57,50,3950,2011,1939
NUECES COUNTY,355,6 Years,5484,2793,2691,1240,638,602,162,80,82,90,48,42,105,56,49,3887,1971,1916
NUECES COUNTY,355,7 Years,5334,2738,2596,1223,636,587,167,78,89,96,50,46,111,61,50,3737,1913,1824
NUECES COUNTY,355,8 Years,5283,2736,2547,1194,621,573,161,77,84,98,49,49,111,62,49,3719,1927,1792
NUECES COUNTY,355,9 Years,5230,2644,2586,1147,583,564,168,78,90,102,54,48,123,54,69,3690,1875,1815
NUECES COUNTY,355,10 Years,4835,2434,2401,1021,523,498,162,75,87,82,43,39,103,59,44,3467,1734,1733
NUECES COUNTY,355,11 Years,4890,2513,2377,1001,515,486,182,94,88,98,44,54,79,39,40,3530,1821,1709
NUECES COUNTY,355,12 Years,4793,2525,2268,906,486,420,160,85,75,85,38,47,96,44,52,3546,1872,1674
NUECES COUNTY,355,13 Years,4863,2581,2282,888,495,393,149,80,69,99,50,49,111,58,53,3616,1898,1718
NUECES COUNTY,355,14 Years,4788,2516,2272,832,472,360,166,82,84,95,53,42,111,54,57,3584,1855,1729
NUECES COUNTY,355,15 Years,4674,2410,2264,855,468,387,155,73,82,105,59,46,83,42,41,3476,1768,1708
NUECES COUNTY,355,16 Years,4685,2426,2259,789,414,375,184,94,90,110,48,62,61,30,31,3541,1840,1701
NUECES COUNTY,355,17 Years,4836,2532,2304,755,414,341,203,95,108,94,39,55,79,31,48,3705,1953,1752
NUECES COUNTY,355,18 Years,5054,2595,2459,923,487,436,187,82,105,122,61,61,74,30,44,3748,1935,1813
NUECES COUNTY,355,19 Years,5739,2775,2964,1241,553,688,276,120,156,159,76,83,99,58,41,3964,1968,1996
NUECES COUNTY,355,20 Years,5364,2688,2676,1080,526,554,252,120,132,140,70,70,93,56,37,3799,1916,1883
NUECES COUNTY,355,21 Years,5249,2612,2637,1094,528,566,208,101,107,128,59,69,93,49,44,3726,1875,1851
NUECES COUNTY,355,22 Years,5251,2572,2679,1136,558,578,222,109,113,123,46,77,95,47,48,3675,1812,1863
NUECES COUNTY,355,23 Years,5391,2684,2707,1232,601,631,214,105,109,97,45,52,109,53,56,3739,1880,1859
NUECES COUNTY,355,24 Years,5686,2981,2705,1494,832,662,201,99,102,96,53,43,96,43,53,3799,1954,1845
NUECES COUNTY,355,25 Years,5690,2937,2753,1493,730,763,209,108,101,103,54,49,87,32,55,3798,2013,1785
NUECES COUNTY,355,26 Years,5663,2993,2670,1472,789,683,220,110,110,83,39,44,92,31,61,3796,2024,1772
NUECES COUNTY,355,27 Years,5690,3000,2690,1538,794,744,168,115,53,83,36,47,62,35,27,3839,2020,1819
NUECES COUNTY,355,28 Years,4986,2724,2262,1118,689,429,146,109,37,90,42,48,62,36,26,3570,1848,1722
NUECES COUNTY,355,29 Years,5255,2726,2529,1382,749,633,170,96,74,86,44,42,77,41,36,3540,1796,1744
NUECES COUNTY,355,30 Years,5089,2642,2447,1351,714,637,194,110,84,91,50,41,57,31,26,3396,1737,1659
NUECES COUNTY,355,31 Years,5132,2695,2437,1401,740,661,167,99,68,97,49,48,65,33,32,3402,1774,1628
NUECES COUNTY,355,32 Years,5189,2749,2440,1437,799,638,177,92,85,87,44,43,62,30,32,3426,1784,1642
NUECES COUNTY,355,33 Years,4928,2443,2485,1322,643,679,193,110,83,112,47,65,66,30,36,3235,1613,1622
NUECES COUNTY,355,34 Years,4942,2541,2401,1307,685,622,197,115,82,120,52,68,59,27,32,3259,1662,1597
NUECES COUNTY,355,35 Years,5006,2580,2426,1419,738,681,195,117,78,102,36,66,64,31,33,3226,1658,1568
NUECES COUNTY,355,36 Years,5176,2644,2532,1410,749,661,195,107,88,98,44,54,62,33,29,3411,1711,1700
NUECES COUNTY,355,37 Years,5150,2661,2489,1401,730,671,193,110,83,83,43,40,70,37,33,3403,1741,1662
NUECES COUNTY,355,38 Years,5110,2589,2521,1384,713,671,191,113,78,100,37,63,68,32,36,3367,1694,1673
NUECES COUNTY,355,39 Years,4955,2530,2425,1378,719,659,173,109,64,105,46,59,58,30,28,3241,1626,1615
NUECES COUNTY,355,40 Years,4626,2336,2290,1318,685,633,188,107,81,82,36,46,56,27,29,2982,1481,1501
NUECES COUNTY,355,41 Years,4433,2196,2237,1225,624,601,175,102,73,99,44,55,51,25,26,2883,1401,1482
NUECES COUNTY,355,42 Years,4295,2097,2198,1131,564,567,145,82,63,110,50,60,50,20,30,2859,1381,1478
NUECES COUNTY,355,43 Years,4191,2032,2159,1086,550,536,153,78,75,128,61,67,45,17,28,2779,1326,1453
NUECES COUNTY,355,44 Years,4124,2048,2076,1061,547,514,160,93,67,146,73,73,37,19,18,2720,1316,1404
NUECES COUNTY,355,45 Years,4061,2023,2038,1063,549,514,150,94,56,147,69,78,44,23,21,2657,1288,1369
NUECES COUNTY,355,46 Years,4083,2030,2053,1094,574,520,164,84,80,110,49,61,51,27,24,2664,1296,1368
NUECES COUNTY,355,47 Years,4217,2049,2168,1152,569,583,149,89,60,146,47,99,54,29,25,2716,1315,1401
NUECES COUNTY,355,48 Years,4333,2133,2200,1243,647,596,151,93,58,156,66,90,53,28,25,2730,1299,1431
NUECES COUNTY,355,49 Years,4259,2131,2128,1266,647,619,152,92,60,127,51,76,43,24,19,2671,1317,1354
NUECES COUNTY,355,50 Years,3905,1938,1967,1213,634,579,127,68,59,106,38,68,45,25,20,2414,1173,1241
NUECES COUNTY,355,51 Years,3870,1884,1986,1179,595,584,124,64,60,114,50,64,47,22,25,2406,1153,1253
NUECES COUNTY,355,52 Years,3882,1914,1968,1187,614,573,129,69,60,97,39,58,41,18,23,2428,1174,1254
NUECES COUNTY,355,53 Years,3741,1869,1872,1210,620,590,122,69,53,73,28,45,44,21,23,2292,1131,1161
NUECES COUNTY,355,54 Years,4199,2075,2124,1360,674,686,181,108,73,113,51,62,46,24,22,2499,1218,1281
NUECES COUNTY,355,55 Years,4351,2106,2245,1527,781,746,160,90,70,110,43,67,46,24,22,2508,1168,1340
NUECES COUNTY,355,56 Years,4553,2174,2379,1606,804,802,175,98,77,107,39,68,37,20,17,2628,1213,1415
NUECES COUNTY,355,57 Years,4360,2153,2207,1565,788,777,174,101,73,81,32,49,53,30,23,2487,1202,1285
NUECES COUNTY,355,58 Years,4346,2125,2221,1622,829,793,164,95,69,104,51,53,60,35,25,2396,1115,1281
NUECES COUNTY,355,59 Years,4463,2175,2288,1650,846,804,175,91,84,106,40,66,59,29,30,2473,1169,1304
NUECES COUNTY,355,60 Years,4236,2064,2172,1613,799,814,167,85,82,95,34,61,41,20,21,2320,1126,1194
NUECES COUNTY,355,61 Years,4191,2037,2154,1589,789,800,157,85,72,93,38,55,41,21,20,2311,1104,1207
NUECES COUNTY,355,62 Years,4212,2017,2195,1601,804,797,179,92,87,89,39,50,55,29,26,2288,1053,1235
NUECES COUNTY,355,63 Years,4235,2052,2183,1604,819,785,189,106,83,97,34,63,50,28,22,2295,1065,1230
NUECES COUNTY,355,64 Years,4149,2009,2140,1679,839,840,177,101,76,101,48,53,54,30,24,2138,991,1147
NUECES COUNTY,355,65 Years,3980,1908,2072,1636,808,828,169,83,86,103,41,62,43,19,24,2029,957,1072
NUECES COUNTY,355,66 Years,3690,1796,1894,1491,749,742,155,86,69,83,29,54,37,14,23,1924,918,1006
NUECES COUNTY,355,67 Years,3436,1678,1758,1414,707,707,128,70,58,67,28,39,44,23,21,1783,850,933
NUECES COUNTY,355,68 Years,3278,1560,1718,1294,631,663,113,58,55,69,24,45,40,22,18,1762,825,937
NUECES COUNTY,355,69 Years,3146,1487,1659,1224,606,618,123,59,64,67,25,42,40,23,17,1692,774,918
NUECES COUNTY,355,70 Years,3049,1444,1605,1180,589,591,109,49,60,62,25,37,37,20,17,1661,761,900
NUECES COUNTY,355,71 Years,3044,1455,1589,1230,625,605,105,53,52,58,21,37,41,21,20,1610,735,875
NUECES COUNTY,355,72 Years,2896,1362,1534,1223,603,620,82,38,44,53,19,34,43,20,23,1495,682,813
NUECES COUNTY,355,73 Years,2437,1127,1310,992,467,525,87,45,42,48,16,32,31,16,15,1279,583,696
NUECES COUNTY,355,74 Years,2303,1072,1231,922,444,478,75,35,40,42,17,25,23,12,11,1241,564,677
NUECES COUNTY,355,75 Years,2111,974,1137,905,431,474,63,29,34,34,11,23,22,11,11,1087,492,595
NUECES COUNTY,355,76 Years,1906,867,1039,847,397,450,61,27,34,28,10,18,19,9,10,951,424,527
NUECES COUNTY,355,77 Years,1760,801,959,747,374,373,62,27,35,30,12,18,14,5,9,907,383,524
NUECES COUNTY,355,78 Years,1589,710,879,682,327,355,50,21,29,29,12,17,16,6,10,812,344,468
NUECES COUNTY,355,79 Years,1408,624,784,608,279,329,44,21,23,28,13,15,17,8,9,711,303,408
NUECES COUNTY,355,80 Years,1320,556,764,576,259,317,45,19,26,20,9,11,14,5,9,665,264,401
NUECES COUNTY,355,81 Years,1237,494,743,511,222,289,41,15,26,16,9,7,14,6,8,655,242,413
NUECES COUNTY,355,82 Years,1154,472,682,490,213,277,39,14,25,18,10,8,14,5,9,593,230,363
NUECES COUNTY,355,83 Years,1057,417,640,438,179,259,36,15,21,18,10,8,10,3,7,555,210,345
NUECES COUNTY,355,84 Years,1034,391,643,442,175,267,34,14,20,14,6,8,8,3,5,536,193,343
NUECES COUNTY,355,85 Years,881,335,546,381,149,232,26,8,18,16,6,10,7,1,6,451,171,280
NUECES COUNTY,355,86 Years,774,289,485,337,136,201,26,11,15,16,4,12,8,3,5,387,135,252
NUECES COUNTY,355,87 Years,726,266,460,317,124,193,24,10,14,14,4,10,6,2,4,365,126,239
NUECES COUNTY,355,88 Years,681,244,437,306,111,195,18,8,10,18,5,13,6,2,4,333,118,215
NUECES COUNTY,355,89 Years,580,212,368,265,104,161,18,5,13,11,4,7,5,2,3,281,97,184
NUECES COUNTY,355,90 Years,478,169,309,219,85,134,16,4,12,7,2,5,4,2,2,232,76,156
NUECES COUNTY,355,91 Years,412,129,283,190,65,125,14,4,10,6,1,5,2,1,1,200,58,142
NUECES COUNTY,355,92 Years,342,114,228,159,52,107,11,3,8,5,3,2,1,1,0,166,55,111
NUECES COUNTY,355,93 Years,280,89,191,129,41,88,9,1,8,6,3,3,2,1,1,134,43,91
NUECES COUNTY,355,94 Years,222,68,154,104,31,73,9,3,6,5,2,3,2,1,1,102,31,71
NUECES COUNTY,355,95 Years +,557,165,392,238,70,168,28,6,22,11,5,6,4,1,3,276,83,193
OCHILTREE COUNTY,357,All Ages,10219,5180,5039,4311,2143,2168,22,9,13,24,12,12,128,59,69,5734,2957,2777
OCHILTREE COUNTY,357,< 1 Year,126,67,59,32,18,14,2,1,1,0,0,0,0,0,0,92,48,44
OCHILTREE COUNTY,357,1 Years,130,70,60,32,16,16,1,1,0,0,0,0,0,0,0,97,53,44
OCHILTREE COUNTY,357,2 Years,154,76,78,38,18,20,1,1,0,0,0,0,0,0,0,115,57,58
OCHILTREE COUNTY,357,3 Years,170,80,90,37,17,20,0,0,0,0,0,0,2,1,1,131,62,69
OCHILTREE COUNTY,357,4 Years,192,88,104,43,19,24,0,0,0,0,0,0,2,1,1,147,68,79
OCHILTREE COUNTY,357,5 Years,191,93,98,42,20,22,0,0,0,0,0,0,2,1,1,147,72,75
OCHILTREE COUNTY,357,6 Years,185,89,96,47,22,25,1,0,1,0,0,0,2,1,1,135,66,69
OCHILTREE COUNTY,357,7 Years,176,87,89,46,24,22,1,0,1,1,0,1,2,1,1,126,62,64
OCHILTREE COUNTY,357,8 Years,167,79,88,45,22,23,0,0,0,0,0,0,2,1,1,120,56,64
OCHILTREE COUNTY,357,9 Years,179,86,93,44,27,17,0,0,0,1,1,0,2,2,0,132,56,76
OCHILTREE COUNTY,357,10 Years,164,86,78,46,29,17,1,0,1,0,0,0,0,0,0,117,57,60
OCHILTREE COUNTY,357,11 Years,169,96,73,46,26,20,1,1,0,0,0,0,2,1,1,120,68,52
OCHILTREE COUNTY,357,12 Years,168,87,81,50,23,27,0,0,0,1,0,1,1,0,1,116,64,52
OCHILTREE COUNTY,357,13 Years,176,86,90,55,29,26,1,0,1,0,0,0,1,0,1,119,57,62
OCHILTREE COUNTY,357,14 Years,178,80,98,50,25,25,1,0,1,0,0,0,0,0,0,127,55,72
OCHILTREE COUNTY,357,15 Years,186,82,104,61,28,33,1,0,1,1,0,1,1,1,0,122,53,69
OCHILTREE COUNTY,357,16 Years,167,87,80,50,27,23,1,0,1,0,0,0,4,3,1,112,57,55
OCHILTREE COUNTY,357,17 Years,149,72,77,46,26,20,0,0,0,0,0,0,2,1,1,101,45,56
OCHILTREE COUNTY,357,18 Years,160,86,74,50,32,18,0,0,0,1,1,0,4,3,1,105,50,55
OCHILTREE COUNTY,357,19 Years,141,77,64,39,22,17,1,0,1,0,0,0,4,2,2,97,53,44
OCHILTREE COUNTY,357,20 Years,138,73,65,39,21,18,0,0,0,0,0,0,3,1,2,96,51,45
OCHILTREE COUNTY,357,21 Years,126,71,55,40,21,19,0,0,0,0,0,0,1,0,1,85,50,35
OCHILTREE COUNTY,357,22 Years,129,69,60,47,24,23,0,0,0,0,0,0,2,0,2,80,45,35
OCHILTREE COUNTY,357,23 Years,136,80,56,51,28,23,0,0,0,0,0,0,4,3,1,81,49,32
OCHILTREE COUNTY,357,24 Years,143,85,58,54,27,27,0,0,0,0,0,0,3,1,2,86,57,29
OCHILTREE COUNTY,357,25 Years,142,75,67,52,26,26,0,0,0,1,0,1,3,1,2,86,48,38
OCHILTREE COUNTY,357,26 Years,134,75,59,55,29,26,1,1,0,0,0,0,2,1,1,76,44,32
OCHILTREE COUNTY,357,27 Years,154,82,72,62,30,32,1,0,1,0,0,0,3,1,2,88,51,37
OCHILTREE COUNTY,357,28 Years,131,58,73,52,20,32,0,0,0,0,0,0,2,1,1,77,37,40
OCHILTREE COUNTY,357,29 Years,139,64,75,62,26,36,0,0,0,1,1,0,0,0,0,76,37,39
OCHILTREE COUNTY,357,30 Years,137,64,73,60,25,35,0,0,0,1,0,1,2,1,1,74,38,36
OCHILTREE COUNTY,357,31 Years,143,69,74,61,27,34,0,0,0,1,0,1,1,1,0,80,41,39
OCHILTREE COUNTY,357,32 Years,143,67,76,53,24,29,0,0,0,0,0,0,2,1,1,88,42,46
OCHILTREE COUNTY,357,33 Years,123,56,67,54,21,33,0,0,0,0,0,0,1,0,1,68,35,33
OCHILTREE COUNTY,357,34 Years,159,75,84,70,31,39,0,0,0,0,0,0,4,2,2,85,42,43
OCHILTREE COUNTY,357,35 Years,128,64,64,58,28,30,0,0,0,1,0,1,1,1,0,68,35,33
OCHILTREE COUNTY,357,36 Years,128,62,66,57,25,32,0,0,0,0,0,0,2,2,0,69,35,34
OCHILTREE COUNTY,357,37 Years,140,71,69,64,34,30,1,1,0,0,0,0,1,1,0,74,35,39
OCHILTREE COUNTY,357,38 Years,125,58,67,54,28,26,1,0,1,1,1,0,0,0,0,69,29,40
OCHILTREE COUNTY,357,39 Years,112,64,48,46,28,18,0,0,0,0,0,0,2,0,2,64,36,28
OCHILTREE COUNTY,357,40 Years,136,67,69,54,27,27,0,0,0,0,0,0,2,1,1,80,39,41
OCHILTREE COUNTY,357,41 Years,146,69,77,56,27,29,0,0,0,0,0,0,2,1,1,88,41,47
OCHILTREE COUNTY,357,42 Years,129,66,63,42,19,23,0,0,0,2,1,1,1,1,0,84,45,39
OCHILTREE COUNTY,357,43 Years,121,66,55,41,17,24,0,0,0,1,1,0,0,0,0,79,48,31
OCHILTREE COUNTY,357,44 Years,136,75,61,54,28,26,0,0,0,0,0,0,1,1,0,81,46,35
OCHILTREE COUNTY,357,45 Years,136,81,55,57,37,20,0,0,0,0,0,0,0,0,0,79,44,35
OCHILTREE COUNTY,357,46 Years,113,64,49,44,25,19,0,0,0,0,0,0,0,0,0,69,39,30
OCHILTREE COUNTY,357,47 Years,123,76,47,46,29,17,1,0,1,1,1,0,0,0,0,75,46,29
OCHILTREE COUNTY,357,48 Years,114,63,51,47,25,22,0,0,0,0,0,0,1,0,1,66,38,28
OCHILTREE COUNTY,357,49 Years,116,64,52,51,28,23,0,0,0,0,0,0,1,0,1,64,36,28
OCHILTREE COUNTY,357,50 Years,105,58,47,42,22,20,0,0,0,0,0,0,2,2,0,61,34,27
OCHILTREE COUNTY,357,51 Years,109,58,51,43,21,22,0,0,0,0,0,0,4,2,2,62,35,27
OCHILTREE COUNTY,357,52 Years,104,59,45,51,28,23,1,1,0,0,0,0,1,0,1,51,30,21
OCHILTREE COUNTY,357,53 Years,121,63,58,53,27,26,0,0,0,1,0,1,1,1,0,66,35,31
OCHILTREE COUNTY,357,54 Years,118,61,57,58,30,28,0,0,0,2,2,0,3,0,3,55,29,26
OCHILTREE COUNTY,357,55 Years,121,68,53,65,30,35,0,0,0,1,1,0,2,1,1,53,36,17
OCHILTREE COUNTY,357,56 Years,125,66,59,77,37,40,1,0,1,0,0,0,1,1,0,46,28,18
OCHILTREE COUNTY,357,57 Years,122,63,59,77,42,35,1,1,0,0,0,0,2,2,0,42,18,24
OCHILTREE COUNTY,357,58 Years,129,69,60,77,42,35,1,1,0,0,0,0,1,1,0,50,25,25
OCHILTREE COUNTY,357,59 Years,129,66,63,77,40,37,0,0,0,1,1,0,3,1,2,48,24,24
OCHILTREE COUNTY,357,60 Years,111,55,56,64,36,28,0,0,0,1,0,1,4,1,3,42,18,24
OCHILTREE COUNTY,357,61 Years,108,52,56,65,31,34,0,0,0,1,0,1,3,1,2,39,20,19
OCHILTREE COUNTY,357,62 Years,109,60,49,73,41,32,0,0,0,0,0,0,1,0,1,35,19,16
OCHILTREE COUNTY,357,63 Years,106,53,53,68,36,32,0,0,0,0,0,0,2,0,2,36,17,19
OCHILTREE COUNTY,357,64 Years,108,58,50,69,38,31,0,0,0,0,0,0,1,0,1,38,20,18
OCHILTREE COUNTY,357,65 Years,93,46,47,59,31,28,0,0,0,0,0,0,1,0,1,33,15,18
OCHILTREE COUNTY,357,66 Years,87,38,49,58,26,32,0,0,0,1,1,0,0,0,0,28,11,17
OCHILTREE COUNTY,357,67 Years,85,40,45,63,28,35,0,0,0,0,0,0,0,0,0,22,12,10
OCHILTREE COUNTY,357,68 Years,68,38,30,51,26,25,0,0,0,0,0,0,0,0,0,17,12,5
OCHILTREE COUNTY,357,69 Years,64,34,30,44,23,21,0,0,0,0,0,0,0,0,0,20,11,9
OCHILTREE COUNTY,357,70 Years,65,33,32,47,21,26,0,0,0,0,0,0,1,1,0,17,11,6
OCHILTREE COUNTY,357,71 Years,64,35,29,53,28,25,0,0,0,1,0,1,0,0,0,10,7,3
OCHILTREE COUNTY,357,72 Years,60,34,26,46,25,21,0,0,0,0,0,0,1,0,1,13,9,4
OCHILTREE COUNTY,357,73 Years,50,25,25,33,16,17,0,0,0,0,0,0,2,0,2,15,9,6
OCHILTREE COUNTY,357,74 Years,51,20,31,34,14,20,0,0,0,0,0,0,1,0,1,16,6,10
OCHILTREE COUNTY,357,75 Years,44,22,22,33,16,17,0,0,0,0,0,0,0,0,0,11,6,5
OCHILTREE COUNTY,357,76 Years,45,23,22,34,16,18,0,0,0,0,0,0,0,0,0,11,7,4
OCHILTREE COUNTY,357,77 Years,36,14,22,28,10,18,0,0,0,0,0,0,1,0,1,7,4,3
OCHILTREE COUNTY,357,78 Years,40,13,27,35,12,23,0,0,0,0,0,0,2,1,1,3,0,3
OCHILTREE COUNTY,357,79 Years,37,13,24,31,10,21,0,0,0,0,0,0,0,0,0,6,3,3
OCHILTREE COUNTY,357,80 Years,27,10,17,21,7,14,0,0,0,0,0,0,0,0,0,6,3,3
OCHILTREE COUNTY,357,81 Years,28,15,13,22,12,10,0,0,0,0,0,0,0,0,0,6,3,3
OCHILTREE COUNTY,357,82 Years,25,13,12,14,8,6,0,0,0,0,0,0,1,0,1,10,5,5
OCHILTREE COUNTY,357,83 Years,26,10,16,16,6,10,0,0,0,0,0,0,1,0,1,9,4,5
OCHILTREE COUNTY,357,84 Years,29,12,17,22,9,13,0,0,0,0,0,0,1,0,1,6,3,3
OCHILTREE COUNTY,357,85 Years,25,8,17,19,7,12,0,0,0,0,0,0,1,0,1,5,1,4
OCHILTREE COUNTY,357,86 Years,22,10,12,16,9,7,0,0,0,0,0,0,0,0,0,6,1,5
OCHILTREE COUNTY,357,87 Years,20,8,12,15,5,10,0,0,0,0,0,0,1,1,0,4,2,2
OCHILTREE COUNTY,357,88 Years,24,8,16,19,5,14,0,0,0,0,0,0,1,1,0,4,2,2
OCHILTREE COUNTY,357,89 Years,13,3,10,10,3,7,0,0,0,0,0,0,1,0,1,2,0,2
OCHILTREE COUNTY,357,90 Years,12,3,9,10,2,8,0,0,0,0,0,0,0,0,0,2,1,1
OCHILTREE COUNTY,357,91 Years,11,2,9,10,2,8,0,0,0,0,0,0,0,0,0,1,0,1
OCHILTREE COUNTY,357,92 Years,9,4,5,8,4,4,0,0,0,0,0,0,0,0,0,1,0,1
OCHILTREE COUNTY,357,93 Years,10,4,6,7,2,5,0,0,0,0,0,0,1,1,0,2,1,1
OCHILTREE COUNTY,357,94 Years,5,3,2,4,2,2,0,0,0,0,0,0,0,0,0,1,1,0
OCHILTREE COUNTY,357,95 Years +,11,3,8,8,2,6,0,0,0,0,0,0,0,0,0,3,1,2
OLDHAM COUNTY,359,All Ages,2126,1082,1044,1755,897,858,55,31,24,16,3,13,33,12,21,267,139,128
OLDHAM COUNTY,359,< 1 Year,17,5,12,13,4,9,0,0,0,0,0,0,0,0,0,4,1,3
OLDHAM COUNTY,359,1 Years,17,7,10,13,5,8,0,0,0,0,0,0,0,0,0,4,2,2
OLDHAM COUNTY,359,2 Years,22,10,12,16,8,8,0,0,0,0,0,0,0,0,0,6,2,4
OLDHAM COUNTY,359,3 Years,23,13,10,20,12,8,0,0,0,0,0,0,0,0,0,3,1,2
OLDHAM COUNTY,359,4 Years,22,13,9,19,12,7,0,0,0,0,0,0,0,0,0,3,1,2
OLDHAM COUNTY,359,5 Years,24,14,10,21,12,9,0,0,0,0,0,0,0,0,0,3,2,1
OLDHAM COUNTY,359,6 Years,22,11,11,19,9,10,0,0,0,0,0,0,0,0,0,3,2,1
OLDHAM COUNTY,359,7 Years,21,12,9,19,10,9,0,0,0,0,0,0,0,0,0,2,2,0
OLDHAM COUNTY,359,8 Years,17,8,9,16,8,8,0,0,0,0,0,0,0,0,0,1,0,1
OLDHAM COUNTY,359,9 Years,17,11,6,13,8,5,2,1,1,0,0,0,0,0,0,2,2,0
OLDHAM COUNTY,359,10 Years,21,9,12,15,8,7,0,0,0,0,0,0,1,0,1,5,1,4
OLDHAM COUNTY,359,11 Years,23,15,8,13,9,4,6,6,0,0,0,0,1,0,1,3,0,3
OLDHAM COUNTY,359,12 Years,22,11,11,16,7,9,2,2,0,0,0,0,1,0,1,3,2,1
OLDHAM COUNTY,359,13 Years,28,18,10,15,9,6,1,0,1,0,0,0,0,0,0,12,9,3
OLDHAM COUNTY,359,14 Years,41,24,17,22,13,9,1,0,1,0,0,0,0,0,0,18,11,7
OLDHAM COUNTY,359,15 Years,75,44,31,54,31,23,5,3,2,0,0,0,6,3,3,10,7,3
OLDHAM COUNTY,359,16 Years,72,43,29,56,34,22,5,3,2,0,0,0,1,0,1,10,6,4
OLDHAM COUNTY,359,17 Years,62,35,27,48,27,21,2,0,2,1,0,1,3,2,1,8,6,2
OLDHAM COUNTY,359,18 Years,49,29,20,38,24,14,2,1,1,0,0,0,0,0,0,9,4,5
OLDHAM COUNTY,359,19 Years,30,17,13,26,16,10,1,0,1,0,0,0,0,0,0,3,1,2
OLDHAM COUNTY,359,20 Years,38,27,11,29,21,8,3,3,0,0,0,0,0,0,0,6,3,3
OLDHAM COUNTY,359,21 Years,38,22,16,30,17,13,1,1,0,0,0,0,1,1,0,6,3,3
OLDHAM COUNTY,359,22 Years,41,24,17,33,20,13,3,2,1,0,0,0,2,0,2,3,2,1
OLDHAM COUNTY,359,23 Years,47,30,17,35,24,11,4,3,1,0,0,0,3,0,3,5,3,2
OLDHAM COUNTY,359,24 Years,31,20,11,22,15,7,4,3,1,0,0,0,1,0,1,4,2,2
OLDHAM COUNTY,359,25 Years,25,16,9,19,13,6,3,2,1,0,0,0,0,0,0,3,1,2
OLDHAM COUNTY,359,26 Years,18,11,7,14,9,5,1,0,1,0,0,0,0,0,0,3,2,1
OLDHAM COUNTY,359,27 Years,27,16,11,23,14,9,1,0,1,0,0,0,0,0,0,3,2,1
OLDHAM COUNTY,359,28 Years,16,6,10,13,6,7,0,0,0,0,0,0,1,0,1,2,0,2
OLDHAM COUNTY,359,29 Years,11,4,7,6,2,4,1,0,1,0,0,0,1,0,1,3,2,1
OLDHAM COUNTY,359,30 Years,13,5,8,9,5,4,1,0,1,0,0,0,0,0,0,3,0,3
OLDHAM COUNTY,359,31 Years,12,8,4,9,6,3,0,0,0,0,0,0,0,0,0,3,2,1
OLDHAM COUNTY,359,32 Years,7,5,2,5,3,2,0,0,0,0,0,0,0,0,0,2,2,0
OLDHAM COUNTY,359,33 Years,16,5,11,13,4,9,0,0,0,0,0,0,0,0,0,3,1,2
OLDHAM COUNTY,359,34 Years,21,9,12,18,7,11,0,0,0,0,0,0,0,0,0,3,2,1
OLDHAM COUNTY,359,35 Years,17,7,10,15,6,9,0,0,0,0,0,0,0,0,0,2,1,1
OLDHAM COUNTY,359,36 Years,16,7,9,12,5,7,0,0,0,0,0,0,0,0,0,4,2,2
OLDHAM COUNTY,359,37 Years,20,9,11,17,8,9,1,0,1,0,0,0,0,0,0,2,1,1
OLDHAM COUNTY,359,38 Years,21,4,17,18,3,15,0,0,0,0,0,0,0,0,0,3,1,2
OLDHAM COUNTY,359,39 Years,26,10,16,24,10,14,0,0,0,0,0,0,1,0,1,1,0,1
OLDHAM COUNTY,359,40 Years,30,13,17,29,13,16,1,0,1,0,0,0,0,0,0,0,0,0
OLDHAM COUNTY,359,41 Years,24,12,12,22,11,11,0,0,0,0,0,0,0,0,0,2,1,1
OLDHAM COUNTY,359,42 Years,21,11,10,18,10,8,0,0,0,1,0,1,0,0,0,2,1,1
OLDHAM COUNTY,359,43 Years,19,9,10,15,8,7,0,0,0,1,0,1,0,0,0,3,1,2
OLDHAM COUNTY,359,44 Years,20,9,11,17,7,10,1,1,0,0,0,0,0,0,0,2,1,1
OLDHAM COUNTY,359,45 Years,23,11,12,22,10,12,0,0,0,0,0,0,0,0,0,1,1,0
OLDHAM COUNTY,359,46 Years,22,11,11,19,10,9,2,0,2,0,0,0,0,0,0,1,1,0
OLDHAM COUNTY,359,47 Years,26,14,12,22,13,9,0,0,0,2,0,2,1,1,0,1,0,1
OLDHAM COUNTY,359,48 Years,22,9,13,17,8,9,0,0,0,1,0,1,2,0,2,2,1,1
OLDHAM COUNTY,359,49 Years,23,13,10,19,11,8,0,0,0,0,0,0,0,0,0,4,2,2
OLDHAM COUNTY,359,50 Years,30,12,18,27,11,16,1,0,1,0,0,0,0,0,0,2,1,1
OLDHAM COUNTY,359,51 Years,22,10,12,20,8,12,0,0,0,0,0,0,0,0,0,2,2,0
OLDHAM COUNTY,359,52 Years,12,4,8,11,4,7,0,0,0,0,0,0,0,0,0,1,0,1
OLDHAM COUNTY,359,53 Years,14,6,8,11,4,7,0,0,0,0,0,0,1,1,0,2,1,1
OLDHAM COUNTY,359,54 Years,23,10,13,21,8,13,0,0,0,0,0,0,1,1,0,1,1,0
OLDHAM COUNTY,359,55 Years,31,14,17,29,13,16,0,0,0,0,0,0,0,0,0,2,1,1
OLDHAM COUNTY,359,56 Years,33,21,12,29,18,11,0,0,0,1,1,0,0,0,0,3,2,1
OLDHAM COUNTY,359,57 Years,21,11,10,18,10,8,0,0,0,0,0,0,0,0,0,3,1,2
OLDHAM COUNTY,359,58 Years,25,10,15,22,9,13,0,0,0,0,0,0,0,0,0,3,1,2
OLDHAM COUNTY,359,59 Years,25,10,15,21,9,12,0,0,0,0,0,0,1,1,0,3,0,3
OLDHAM COUNTY,359,60 Years,27,13,14,22,11,11,0,0,0,1,0,1,0,0,0,4,2,2
OLDHAM COUNTY,359,61 Years,31,14,17,27,13,14,0,0,0,1,0,1,0,0,0,3,1,2
OLDHAM COUNTY,359,62 Years,35,15,20,31,13,18,0,0,0,1,1,0,1,0,1,2,1,1
OLDHAM COUNTY,359,63 Years,26,14,12,24,12,12,0,0,0,0,0,0,0,0,0,2,2,0
OLDHAM COUNTY,359,64 Years,38,21,17,32,17,15,0,0,0,1,0,1,0,0,0,5,4,1
OLDHAM COUNTY,359,65 Years,25,10,15,21,10,11,0,0,0,1,0,1,0,0,0,3,0,3
OLDHAM COUNTY,359,66 Years,18,8,10,15,6,9,0,0,0,1,0,1,0,0,0,2,2,0
OLDHAM COUNTY,359,67 Years,24,11,13,22,10,12,0,0,0,1,0,1,0,0,0,1,1,0
OLDHAM COUNTY,359,68 Years,20,8,12,18,7,11,0,0,0,0,0,0,0,0,0,2,1,1
OLDHAM COUNTY,359,69 Years,23,12,11,22,11,11,0,0,0,0,0,0,0,0,0,1,1,0
OLDHAM COUNTY,359,70 Years,26,14,12,23,14,9,0,0,0,0,0,0,0,0,0,3,0,3
OLDHAM COUNTY,359,71 Years,28,13,15,26,13,13,0,0,0,0,0,0,1,0,1,1,0,1
OLDHAM COUNTY,359,72 Years,22,11,11,19,10,9,0,0,0,1,0,1,0,0,0,2,1,1
OLDHAM COUNTY,359,73 Years,20,11,9,16,9,7,0,0,0,0,0,0,0,0,0,4,2,2
OLDHAM COUNTY,359,74 Years,17,9,8,14,7,7,0,0,0,0,0,0,1,1,0,2,1,1
OLDHAM COUNTY,359,75 Years,23,11,12,21,9,12,0,0,0,0,0,0,0,0,0,2,2,0
OLDHAM COUNTY,359,76 Years,15,7,8,14,6,8,0,0,0,0,0,0,0,0,0,1,1,0
OLDHAM COUNTY,359,77 Years,10,3,7,9,3,6,0,0,0,0,0,0,0,0,0,1,0,1
OLDHAM COUNTY,359,78 Years,12,6,6,11,5,6,0,0,0,1,1,0,0,0,0,0,0,0
OLDHAM COUNTY,359,79 Years,13,5,8,13,5,8,0,0,0,0,0,0,0,0,0,0,0,0
OLDHAM COUNTY,359,80 Years,13,4,9,13,4,9,0,0,0,0,0,0,0,0,0,0,0,0
OLDHAM COUNTY,359,81 Years,10,5,5,9,5,4,0,0,0,0,0,0,0,0,0,1,0,1
OLDHAM COUNTY,359,82 Years,14,7,7,11,6,5,0,0,0,0,0,0,0,0,0,3,1,2
OLDHAM COUNTY,359,83 Years,12,7,5,10,5,5,0,0,0,0,0,0,1,1,0,1,1,0
OLDHAM COUNTY,359,84 Years,10,5,5,9,4,5,0,0,0,0,0,0,0,0,0,1,1,0
OLDHAM COUNTY,359,85 Years,10,4,6,10,4,6,0,0,0,0,0,0,0,0,0,0,0,0
OLDHAM COUNTY,359,86 Years,7,3,4,5,2,3,0,0,0,0,0,0,0,0,0,2,1,1
OLDHAM COUNTY,359,87 Years,5,2,3,5,2,3,0,0,0,0,0,0,0,0,0,0,0,0
OLDHAM COUNTY,359,88 Years,6,2,4,6,2,4,0,0,0,0,0,0,0,0,0,0,0,0
OLDHAM COUNTY,359,89 Years,6,3,3,6,3,3,0,0,0,0,0,0,0,0,0,0,0,0
OLDHAM COUNTY,359,90 Years,6,3,3,6,3,3,0,0,0,0,0,0,0,0,0,0,0,0
OLDHAM COUNTY,359,91 Years,4,1,3,4,1,3,0,0,0,0,0,0,0,0,0,0,0,0
OLDHAM COUNTY,359,92 Years,3,1,2,3,1,2,0,0,0,0,0,0,0,0,0,0,0,0
OLDHAM COUNTY,359,93 Years,4,2,2,4,2,2,0,0,0,0,0,0,0,0,0,0,0,0
OLDHAM COUNTY,359,94 Years,3,1,2,2,1,1,0,0,0,0,0,0,0,0,0,1,0,1
OLDHAM COUNTY,359,95 Years +,8,2,6,7,2,5,0,0,0,0,0,0,0,0,0,1,0,1
ORANGE COUNTY,361,All Ages,82461,40914,41547,66762,33024,33738,7319,3507,3812,871,423,448,1794,911,883,5715,3049,2666
ORANGE COUNTY,361,< 1 Year,932,479,453,665,345,320,92,47,45,7,3,4,39,19,20,129,65,64
ORANGE COUNTY,361,1 Years,963,491,472,677,352,325,105,51,54,8,4,4,43,20,23,130,64,66
ORANGE COUNTY,361,2 Years,995,514,481,697,368,329,111,54,57,9,5,4,48,23,25,130,64,66
ORANGE COUNTY,361,3 Years,1066,551,515,751,392,359,127,64,63,11,7,4,54,27,27,123,61,62
ORANGE COUNTY,361,4 Years,1101,570,531,797,413,384,127,68,59,11,6,5,51,28,23,115,55,60
ORANGE COUNTY,361,5 Years,1126,583,543,816,417,399,135,76,59,11,6,5,47,24,23,117,60,57
ORANGE COUNTY,361,6 Years,1091,556,535,787,403,384,124,61,63,10,5,5,48,25,23,122,62,60
ORANGE COUNTY,361,7 Years,1046,538,508,750,388,362,123,60,63,9,5,4,43,22,21,121,63,58
ORANGE COUNTY,361,8 Years,1017,525,492,734,391,343,121,56,65,10,5,5,41,21,20,111,52,59
ORANGE COUNTY,361,9 Years,985,506,479,733,378,355,110,62,48,9,4,5,37,16,21,96,46,50
ORANGE COUNTY,361,10 Years,1088,562,526,822,419,403,107,58,49,9,5,4,38,21,17,112,59,53
ORANGE COUNTY,361,11 Years,1108,578,530,808,415,393,145,75,70,9,6,3,42,24,18,104,58,46
ORANGE COUNTY,361,12 Years,1087,564,523,811,437,374,137,62,75,10,5,5,34,16,18,95,44,51
ORANGE COUNTY,361,13 Years,1061,559,502,781,413,368,121,66,55,13,7,6,41,24,17,105,49,56
ORANGE COUNTY,361,14 Years,1047,549,498,785,407,378,119,63,56,9,5,4,27,17,10,107,57,50
ORANGE COUNTY,361,15 Years,1068,570,498,806,427,379,125,65,60,9,5,4,30,18,12,98,55,43
ORANGE COUNTY,361,16 Years,1084,572,512,799,418,381,122,61,61,13,6,7,35,17,18,115,70,45
ORANGE COUNTY,361,17 Years,1026,544,482,770,410,360,98,47,51,18,9,9,28,15,13,112,63,49
ORANGE COUNTY,361,18 Years,962,511,451,725,389,336,100,49,51,20,9,11,26,16,10,91,48,43
ORANGE COUNTY,361,19 Years,884,462,422,655,337,318,93,48,45,14,8,6,31,16,15,91,53,38
ORANGE COUNTY,361,20 Years,871,432,439,652,330,322,93,44,49,15,7,8,25,12,13,86,39,47
ORANGE COUNTY,361,21 Years,860,450,410,634,333,301,89,40,49,14,9,5,22,12,10,101,56,45
ORANGE COUNTY,361,22 Years,916,469,447,697,349,348,99,53,46,13,6,7,22,10,12,85,51,34
ORANGE COUNTY,361,23 Years,991,492,499,733,356,377,121,61,60,11,4,7,22,12,10,104,59,45
ORANGE COUNTY,361,24 Years,1029,535,494,776,399,377,126,68,58,18,7,11,25,14,11,84,47,37
ORANGE COUNTY,361,25 Years,1131,563,568,839,416,423,145,69,76,14,6,8,29,17,12,104,55,49
ORANGE COUNTY,361,26 Years,1187,600,587,897,442,455,156,87,69,11,5,6,34,16,18,89,50,39
ORANGE COUNTY,361,27 Years,1163,610,553,885,454,431,143,76,67,10,3,7,30,17,13,95,60,35
ORANGE COUNTY,361,28 Years,1233,614,619,983,490,493,130,64,66,11,3,8,19,11,8,90,46,44
ORANGE COUNTY,361,29 Years,1184,608,576,967,498,469,114,56,58,8,4,4,25,14,11,70,36,34
ORANGE COUNTY,361,30 Years,1148,571,577,934,455,479,110,53,57,11,7,4,15,8,7,78,48,30
ORANGE COUNTY,361,31 Years,1089,520,569,890,419,471,92,43,49,11,4,7,11,3,8,85,51,34
ORANGE COUNTY,361,32 Years,1077,517,560,886,428,458,94,34,60,9,4,5,15,7,8,73,44,29
ORANGE COUNTY,361,33 Years,1082,543,539,889,450,439,94,39,55,14,8,6,17,10,7,68,36,32
ORANGE COUNTY,361,34 Years,1074,522,552,885,431,454,103,47,56,12,3,9,10,5,5,64,36,28
ORANGE COUNTY,361,35 Years,1055,516,539,864,421,443,84,36,48,11,7,4,16,6,10,80,46,34
ORANGE COUNTY,361,36 Years,1057,533,524,888,446,442,77,37,40,2,2,0,14,6,8,76,42,34
ORANGE COUNTY,361,37 Years,1017,508,509,849,423,426,71,33,38,3,3,0,17,11,6,77,38,39
ORANGE COUNTY,361,38 Years,1032,507,525,871,429,442,65,32,33,9,4,5,12,6,6,75,36,39
ORANGE COUNTY,361,39 Years,1023,498,525,852,420,432,76,31,45,8,3,5,14,7,7,73,37,36
ORANGE COUNTY,361,40 Years,973,479,494,808,396,412,84,38,46,9,3,6,14,8,6,58,34,24
ORANGE COUNTY,361,41 Years,962,492,470,799,405,394,73,31,42,10,6,4,12,9,3,68,41,27
ORANGE COUNTY,361,42 Years,966,493,473,801,408,393,74,29,45,8,5,3,13,8,5,70,43,27
ORANGE COUNTY,361,43 Years,881,443,438,713,355,358,80,35,45,15,9,6,14,6,8,59,38,21
ORANGE COUNTY,361,44 Years,916,432,484,744,345,399,76,37,39,17,6,11,13,5,8,66,39,27
ORANGE COUNTY,361,45 Years,932,444,488,772,362,410,62,32,30,14,7,7,15,6,9,69,37,32
ORANGE COUNTY,361,46 Years,942,459,483,790,379,411,68,33,35,11,8,3,16,7,9,57,32,25
ORANGE COUNTY,361,47 Years,997,507,490,835,429,406,72,30,42,18,7,11,10,6,4,62,35,27
ORANGE COUNTY,361,48 Years,1052,541,511,877,463,414,85,38,47,17,6,11,16,7,9,57,27,30
ORANGE COUNTY,361,49 Years,1007,517,490,839,432,407,71,35,36,12,4,8,17,10,7,68,36,32
ORANGE COUNTY,361,50 Years,947,492,455,789,407,382,73,33,40,14,9,5,17,12,5,54,31,23
ORANGE COUNTY,361,51 Years,960,494,466,800,414,386,82,38,44,16,10,6,14,9,5,48,23,25
ORANGE COUNTY,361,52 Years,999,506,493,847,434,413,75,36,39,19,9,10,11,6,5,47,21,26
ORANGE COUNTY,361,53 Years,1011,506,505,843,421,422,86,41,45,11,6,5,19,11,8,52,27,25
ORANGE COUNTY,361,54 Years,1039,504,535,874,419,455,88,41,47,11,5,6,18,11,7,48,28,20
ORANGE COUNTY,361,55 Years,1154,530,624,987,452,535,81,38,43,11,4,7,18,10,8,57,26,31
ORANGE COUNTY,361,56 Years,1135,560,575,977,482,495,74,40,34,16,7,9,16,6,10,52,25,27
ORANGE COUNTY,361,57 Years,1128,573,555,970,495,475,84,43,41,11,4,7,16,6,10,47,25,22
ORANGE COUNTY,361,58 Years,1115,551,564,950,467,483,88,43,45,10,5,5,22,12,10,45,24,21
ORANGE COUNTY,361,59 Years,1124,559,565,955,478,477,85,35,50,12,6,6,22,11,11,50,29,21
ORANGE COUNTY,361,60 Years,1126,544,582,958,466,492,94,42,52,11,4,7,17,7,10,46,25,21
ORANGE COUNTY,361,61 Years,1150,561,589,980,487,493,97,42,55,11,3,8,15,6,9,47,23,24
ORANGE COUNTY,361,62 Years,1103,529,574,941,457,484,92,39,53,11,7,4,18,5,13,41,21,20
ORANGE COUNTY,361,63 Years,1024,502,522,875,432,443,88,36,52,11,5,6,20,8,12,30,21,9
ORANGE COUNTY,361,64 Years,1034,488,546,886,417,469,86,32,54,11,6,5,18,9,9,33,24,9
ORANGE COUNTY,361,65 Years,999,474,525,859,406,453,78,37,41,12,6,6,15,5,10,35,20,15
ORANGE COUNTY,361,66 Years,931,453,478,807,390,417,68,33,35,10,5,5,13,6,7,33,19,14
ORANGE COUNTY,361,67 Years,938,453,485,816,396,420,63,28,35,8,2,6,18,10,8,33,17,16
ORANGE COUNTY,361,68 Years,913,441,472,794,384,410,62,27,35,8,4,4,16,8,8,33,18,15
ORANGE COUNTY,361,69 Years,869,416,453,772,366,406,48,23,25,8,5,3,11,5,6,30,17,13
ORANGE COUNTY,361,70 Years,822,403,419,724,358,366,54,22,32,8,6,2,15,6,9,21,11,10
ORANGE COUNTY,361,71 Years,848,419,429,748,371,377,54,25,29,8,3,5,14,7,7,24,13,11
ORANGE COUNTY,361,72 Years,793,377,416,700,332,368,54,25,29,3,1,2,9,3,6,27,16,11
ORANGE COUNTY,361,73 Years,653,315,338,581,280,301,43,22,21,3,1,2,8,3,5,18,9,9
ORANGE COUNTY,361,74 Years,623,292,331,552,260,292,36,17,19,3,1,2,9,4,5,23,10,13
ORANGE COUNTY,361,75 Years,646,299,347,588,272,316,32,14,18,4,2,2,7,5,2,15,6,9
ORANGE COUNTY,361,76 Years,604,286,318,544,255,289,32,16,16,8,5,3,6,3,3,14,7,7
ORANGE COUNTY,361,77 Years,568,280,288,511,250,261,26,16,10,3,2,1,9,4,5,19,8,11
ORANGE COUNTY,361,78 Years,516,220,296,466,200,266,26,11,15,2,0,2,7,1,6,15,8,7
ORANGE COUNTY,361,79 Years,439,187,252,394,170,224,23,8,15,0,0,0,7,3,4,15,6,9
ORANGE COUNTY,361,80 Years,443,188,255,396,165,231,23,10,13,2,1,1,6,5,1,16,7,9
ORANGE COUNTY,361,81 Years,408,163,245,364,143,221,21,8,13,3,2,1,7,5,2,13,5,8
ORANGE COUNTY,361,82 Years,367,165,202,327,148,179,21,8,13,3,2,1,6,4,2,10,3,7
ORANGE COUNTY,361,83 Years,353,151,202,321,136,185,13,6,7,1,1,0,5,1,4,13,7,6
ORANGE COUNTY,361,84 Years,326,145,181,294,136,158,12,3,9,2,0,2,3,0,3,15,6,9
ORANGE COUNTY,361,85 Years,273,123,150,247,112,135,11,4,7,1,0,1,3,1,2,11,6,5
ORANGE COUNTY,361,86 Years,243,108,135,217,96,121,10,5,5,0,0,0,5,2,3,11,5,6
ORANGE COUNTY,361,87 Years,218,84,134,194,73,121,11,5,6,3,1,2,2,1,1,8,4,4
ORANGE COUNTY,361,88 Years,201,79,122,179,68,111,9,4,5,5,2,3,1,1,0,7,4,3
ORANGE COUNTY,361,89 Years,173,64,109,154,57,97,7,3,4,2,0,2,3,1,2,7,3,4
ORANGE COUNTY,361,90 Years,151,52,99,132,46,86,7,2,5,3,0,3,2,1,1,7,3,4
ORANGE COUNTY,361,91 Years,125,48,77,108,42,66,8,2,6,2,1,1,1,0,1,6,3,3
ORANGE COUNTY,361,92 Years,102,37,65,90,32,58,5,1,4,0,0,0,2,1,1,5,3,2
ORANGE COUNTY,361,93 Years,80,27,53,68,21,47,5,2,3,2,2,0,1,0,1,4,2,2
ORANGE COUNTY,361,94 Years,63,21,42,53,17,36,4,2,2,1,1,0,1,0,1,4,1,3
ORANGE COUNTY,361,95 Years +,140,46,94,112,32,80,11,5,6,2,2,0,4,1,3,11,6,5
PALO PINTO COUNTY,363,All Ages,29008,14155,14853,21384,10358,11026,709,368,341,152,57,95,535,289,246,6228,3083,3145
PALO PINTO COUNTY,363,< 1 Year,342,171,171,209,105,104,13,9,4,1,0,1,11,5,6,108,52,56
PALO PINTO COUNTY,363,1 Years,342,173,169,202,100,102,11,7,4,1,0,1,9,4,5,119,62,57
PALO PINTO COUNTY,363,2 Years,343,167,176,210,102,108,12,5,7,0,0,0,9,4,5,112,56,56
PALO PINTO COUNTY,363,3 Years,341,173,168,206,105,101,10,5,5,1,1,0,8,4,4,116,58,58
PALO PINTO COUNTY,363,4 Years,341,168,173,210,105,105,11,6,5,2,1,1,9,5,4,109,51,58
PALO PINTO COUNTY,363,5 Years,349,172,177,209,105,104,9,5,4,2,1,1,8,5,3,121,56,65
PALO PINTO COUNTY,363,6 Years,358,180,178,211,105,106,10,5,5,3,2,1,10,6,4,124,62,62
PALO PINTO COUNTY,363,7 Years,359,190,169,209,111,98,8,4,4,3,2,1,9,7,2,130,66,64
PALO PINTO COUNTY,363,8 Years,355,189,166,208,112,96,9,4,5,3,2,1,9,7,2,126,64,62
PALO PINTO COUNTY,363,9 Years,369,189,180,218,107,111,12,8,4,0,0,0,6,6,0,133,68,65
PALO PINTO COUNTY,363,10 Years,359,182,177,216,110,106,14,8,6,1,0,1,6,5,1,122,59,63
PALO PINTO COUNTY,363,11 Years,370,187,183,234,121,113,15,6,9,2,0,2,7,3,4,112,57,55
PALO PINTO COUNTY,363,12 Years,397,196,201,254,124,130,11,6,5,0,0,0,12,5,7,120,61,59
PALO PINTO COUNTY,363,13 Years,383,191,192,240,127,113,9,2,7,1,1,0,13,7,6,120,54,66
PALO PINTO COUNTY,363,14 Years,384,193,191,236,121,115,12,7,5,3,2,1,12,5,7,121,58,63
PALO PINTO COUNTY,363,15 Years,348,180,168,216,116,100,10,6,4,2,1,1,9,4,5,111,53,58
PALO PINTO COUNTY,363,16 Years,364,188,176,235,127,108,8,4,4,0,0,0,7,5,2,114,52,62
PALO PINTO COUNTY,363,17 Years,350,171,179,225,111,114,8,5,3,0,0,0,7,3,4,110,52,58
PALO PINTO COUNTY,363,18 Years,359,183,176,219,119,100,12,5,7,2,1,1,12,7,5,114,51,63
PALO PINTO COUNTY,363,19 Years,358,181,177,210,106,104,13,6,7,2,1,1,11,6,5,122,62,60
PALO PINTO COUNTY,363,20 Years,329,169,160,189,95,94,8,5,3,4,1,3,9,6,3,119,62,57
PALO PINTO COUNTY,363,21 Years,332,179,153,187,104,83,11,5,6,1,0,1,10,5,5,123,65,58
PALO PINTO COUNTY,363,22 Years,323,171,152,192,101,91,10,7,3,1,1,0,10,7,3,110,55,55
PALO PINTO COUNTY,363,23 Years,356,191,165,212,105,107,11,8,3,1,1,0,13,7,6,119,70,49
PALO PINTO COUNTY,363,24 Years,360,187,173,213,106,107,11,6,5,1,0,1,9,6,3,126,69,57
PALO PINTO COUNTY,363,25 Years,361,185,176,231,110,121,10,6,4,2,1,1,5,4,1,113,64,49
PALO PINTO COUNTY,363,26 Years,405,217,188,279,145,134,7,5,2,1,0,1,8,3,5,110,64,46
PALO PINTO COUNTY,363,27 Years,377,188,189,268,133,135,8,4,4,2,1,1,5,2,3,94,48,46
PALO PINTO COUNTY,363,28 Years,379,172,207,276,126,150,9,5,4,1,0,1,4,2,2,89,39,50
PALO PINTO COUNTY,363,29 Years,372,172,200,271,122,149,9,6,3,2,0,2,4,3,1,86,41,45
PALO PINTO COUNTY,363,30 Years,345,165,180,255,115,140,7,5,2,0,0,0,4,4,0,79,41,38
PALO PINTO COUNTY,363,31 Years,360,170,190,256,113,143,6,4,2,0,0,0,5,4,1,93,49,44
PALO PINTO COUNTY,363,32 Years,337,169,168,253,126,127,5,3,2,0,0,0,3,2,1,76,38,38
PALO PINTO COUNTY,363,33 Years,328,170,158,247,125,122,10,7,3,0,0,0,2,1,1,69,37,32
PALO PINTO COUNTY,363,34 Years,306,143,163,227,104,123,6,2,4,1,1,0,5,1,4,67,35,32
PALO PINTO COUNTY,363,35 Years,317,165,152,235,123,112,7,4,3,3,1,2,8,4,4,64,33,31
PALO PINTO COUNTY,363,36 Years,322,151,171,233,103,130,7,3,4,3,2,1,7,4,3,72,39,33
PALO PINTO COUNTY,363,37 Years,309,141,168,230,103,127,8,4,4,4,3,1,3,1,2,64,30,34
PALO PINTO COUNTY,363,38 Years,314,150,164,225,104,121,7,4,3,1,1,0,4,2,2,77,39,38
PALO PINTO COUNTY,363,39 Years,301,143,158,228,103,125,8,6,2,2,2,0,5,4,1,58,28,30
PALO PINTO COUNTY,363,40 Years,305,145,160,223,104,119,9,5,4,3,2,1,6,3,3,64,31,33
PALO PINTO COUNTY,363,41 Years,304,145,159,220,104,116,9,4,5,4,2,2,6,3,3,65,32,33
PALO PINTO COUNTY,363,42 Years,309,158,151,227,118,109,7,4,3,4,1,3,2,2,0,69,33,36
PALO PINTO COUNTY,363,43 Years,308,142,166,219,105,114,7,4,3,1,0,1,2,1,1,79,32,47
PALO PINTO COUNTY,363,44 Years,312,140,172,223,103,120,3,1,2,1,1,0,3,2,1,82,33,49
PALO PINTO COUNTY,363,45 Years,325,150,175,230,105,125,7,5,2,4,1,3,7,4,3,77,35,42
PALO PINTO COUNTY,363,46 Years,320,144,176,227,99,128,7,6,1,2,0,2,8,4,4,76,35,41
PALO PINTO COUNTY,363,47 Years,318,150,168,235,110,125,5,3,2,1,0,1,4,2,2,73,35,38
PALO PINTO COUNTY,363,48 Years,336,154,182,248,124,124,4,1,3,3,1,2,4,1,3,77,27,50
PALO PINTO COUNTY,363,49 Years,377,180,197,287,140,147,6,2,4,2,1,1,4,2,2,78,35,43
PALO PINTO COUNTY,363,50 Years,322,160,162,233,116,117,5,3,2,1,1,0,4,3,1,79,37,42
PALO PINTO COUNTY,363,51 Years,328,160,168,254,132,122,7,2,5,0,0,0,2,1,1,65,25,40
PALO PINTO COUNTY,363,52 Years,358,171,187,272,133,139,7,5,2,2,1,1,3,1,2,74,31,43
PALO PINTO COUNTY,363,53 Years,314,154,160,230,120,110,8,6,2,1,0,1,5,2,3,70,26,44
PALO PINTO COUNTY,363,54 Years,376,176,200,290,137,153,8,4,4,2,1,1,7,2,5,69,32,37
PALO PINTO COUNTY,363,55 Years,397,189,208,313,148,165,7,3,4,3,1,2,7,3,4,67,34,33
PALO PINTO COUNTY,363,56 Years,393,179,214,323,142,181,8,2,6,2,1,1,4,2,2,56,32,24
PALO PINTO COUNTY,363,57 Years,420,213,207,338,166,172,13,8,5,0,0,0,8,4,4,61,35,26
PALO PINTO COUNTY,363,58 Years,428,215,213,354,173,181,10,5,5,0,0,0,4,2,2,60,35,25
PALO PINTO COUNTY,363,59 Years,441,201,240,370,169,201,11,4,7,1,0,1,7,3,4,52,25,27
PALO PINTO COUNTY,363,60 Years,412,194,218,341,162,179,7,4,3,2,0,2,5,1,4,57,27,30
PALO PINTO COUNTY,363,61 Years,422,196,226,346,157,189,10,6,4,1,0,1,6,4,2,59,29,30
PALO PINTO COUNTY,363,62 Years,436,206,230,379,175,204,11,5,6,2,1,1,8,5,3,36,20,16
PALO PINTO COUNTY,363,63 Years,454,216,238,393,181,212,14,7,7,3,1,2,8,4,4,36,23,13
PALO PINTO COUNTY,363,64 Years,420,194,226,372,169,203,12,4,8,2,0,2,6,4,2,28,17,11
PALO PINTO COUNTY,363,65 Years,386,190,196,334,163,171,10,2,8,1,0,1,4,3,1,37,22,15
PALO PINTO COUNTY,363,66 Years,374,187,187,317,161,156,5,2,3,3,0,3,6,4,2,43,20,23
PALO PINTO COUNTY,363,67 Years,335,159,176,287,136,151,7,4,3,2,1,1,5,3,2,34,15,19
PALO PINTO COUNTY,363,68 Years,329,163,166,287,142,145,4,3,1,2,1,1,4,1,3,32,16,16
PALO PINTO COUNTY,363,69 Years,364,176,188,316,152,164,8,4,4,1,0,1,7,2,5,32,18,14
PALO PINTO COUNTY,363,70 Years,314,150,164,271,130,141,6,2,4,4,0,4,6,1,5,27,17,10
PALO PINTO COUNTY,363,71 Years,355,172,183,309,150,159,7,3,4,1,0,1,7,4,3,31,15,16
PALO PINTO COUNTY,363,72 Years,369,180,189,332,165,167,11,5,6,2,0,2,5,2,3,19,8,11
PALO PINTO COUNTY,363,73 Years,298,151,147,264,137,127,6,3,3,0,0,0,3,1,2,25,10,15
PALO PINTO COUNTY,363,74 Years,280,148,132,247,130,117,3,3,0,3,1,2,4,3,1,23,11,12
PALO PINTO COUNTY,363,75 Years,284,155,129,253,141,112,3,1,2,4,2,2,6,4,2,18,7,11
PALO PINTO COUNTY,363,76 Years,242,129,113,217,117,100,4,2,2,1,0,1,6,3,3,14,7,7
PALO PINTO COUNTY,363,77 Years,214,108,106,192,96,96,3,2,1,1,0,1,6,3,3,12,7,5
PALO PINTO COUNTY,363,78 Years,201,94,107,182,86,96,2,1,1,1,0,1,4,3,1,12,4,8
PALO PINTO COUNTY,363,79 Years,181,82,99,162,72,90,4,1,3,0,0,0,4,3,1,11,6,5
PALO PINTO COUNTY,363,80 Years,160,89,71,145,79,66,3,2,1,0,0,0,3,3,0,9,5,4
PALO PINTO COUNTY,363,81 Years,159,79,80,146,72,74,3,2,1,3,1,2,1,1,0,6,3,3
PALO PINTO COUNTY,363,82 Years,138,59,79,123,53,70,4,1,3,3,1,2,1,0,1,7,4,3
PALO PINTO COUNTY,363,83 Years,132,52,80,120,46,74,3,1,2,1,1,0,1,0,1,7,4,3
PALO PINTO COUNTY,363,84 Years,120,50,70,110,44,66,3,2,1,1,0,1,2,1,1,4,3,1
PALO PINTO COUNTY,363,85 Years,101,42,59,89,37,52,3,2,1,1,0,1,3,1,2,5,2,3
PALO PINTO COUNTY,363,86 Years,89,35,54,79,32,47,2,1,1,1,0,1,2,0,2,5,2,3
PALO PINTO COUNTY,363,87 Years,83,33,50,71,28,43,2,1,1,1,0,1,3,1,2,6,3,3
PALO PINTO COUNTY,363,88 Years,74,27,47,63,22,41,2,1,1,2,0,2,2,1,1,5,3,2
PALO PINTO COUNTY,363,89 Years,61,22,39,52,18,34,2,0,2,1,0,1,1,1,0,5,3,2
PALO PINTO COUNTY,363,90 Years,52,16,36,46,14,32,1,0,1,1,0,1,0,0,0,4,2,2
PALO PINTO COUNTY,363,91 Years,40,12,28,34,10,24,2,0,2,0,0,0,0,0,0,4,2,2
PALO PINTO COUNTY,363,92 Years,31,9,22,27,7,20,2,0,2,0,0,0,0,0,0,2,2,0
PALO PINTO COUNTY,363,93 Years,29,12,17,22,8,14,3,1,2,1,1,0,0,0,0,3,2,1
PALO PINTO COUNTY,363,94 Years,21,7,14,16,5,11,2,0,2,1,0,1,0,0,0,2,2,0
PALO PINTO COUNTY,363,95 Years +,53,13,40,40,8,32,5,1,4,3,2,1,2,0,2,3,2,1
PANOLA COUNTY,365,All Ages,24586,12242,12344,17655,8736,8919,3995,1961,2034,80,33,47,482,235,247,2374,1277,1097
PANOLA COUNTY,365,< 1 Year,305,145,160,198,95,103,61,34,27,0,0,0,12,2,10,34,14,20
PANOLA COUNTY,365,1 Years,307,154,153,202,101,101,61,34,27,0,0,0,9,3,6,35,16,19
PANOLA COUNTY,365,2 Years,312,161,151,206,103,103,62,36,26,0,0,0,9,3,6,35,19,16
PANOLA COUNTY,365,3 Years,325,174,151,219,116,103,61,34,27,1,1,0,10,4,6,34,19,15
PANOLA COUNTY,365,4 Years,339,184,155,230,124,106,61,33,28,0,0,0,11,5,6,37,22,15
PANOLA COUNTY,365,5 Years,355,195,160,237,131,106,63,33,30,1,1,0,13,8,5,41,22,19
PANOLA COUNTY,365,6 Years,349,188,161,226,123,103,61,33,28,1,0,1,13,8,5,48,24,24
PANOLA COUNTY,365,7 Years,368,197,171,223,123,100,66,35,31,2,0,2,13,8,5,64,31,33
PANOLA COUNTY,365,8 Years,344,178,166,211,114,97,65,34,31,1,0,1,9,3,6,58,27,31
PANOLA COUNTY,365,9 Years,335,178,157,200,104,96,66,33,33,1,1,0,11,5,6,57,35,22
PANOLA COUNTY,365,10 Years,293,147,146,174,91,83,49,21,28,2,1,1,11,5,6,57,29,28
PANOLA COUNTY,365,11 Years,314,170,144,195,108,87,52,31,21,2,1,1,7,2,5,58,28,30
PANOLA COUNTY,365,12 Years,302,168,134,183,111,72,54,27,27,1,0,1,7,4,3,57,26,31
PANOLA COUNTY,365,13 Years,326,179,147,200,115,85,56,28,28,1,1,0,14,9,5,55,26,29
PANOLA COUNTY,365,14 Years,344,176,168,207,107,100,59,31,28,2,1,1,11,6,5,65,31,34
PANOLA COUNTY,365,15 Years,343,165,178,211,95,116,53,34,19,1,0,1,12,6,6,66,30,36
PANOLA COUNTY,365,16 Years,350,186,164,239,126,113,51,29,22,1,0,1,9,5,4,50,26,24
PANOLA COUNTY,365,17 Years,331,189,142,214,123,91,66,39,27,0,0,0,8,4,4,43,23,20
PANOLA COUNTY,365,18 Years,316,172,144,199,106,93,58,31,27,1,0,1,8,5,3,50,30,20
PANOLA COUNTY,365,19 Years,275,145,130,182,94,88,51,27,24,1,1,0,8,4,4,33,19,14
PANOLA COUNTY,365,20 Years,266,136,130,177,83,94,45,26,19,1,1,0,7,4,3,36,22,14
PANOLA COUNTY,365,21 Years,270,134,136,170,87,83,45,24,21,1,0,1,10,5,5,44,18,26
PANOLA COUNTY,365,22 Years,261,131,130,164,83,81,52,28,24,2,2,0,8,3,5,35,15,20
PANOLA COUNTY,365,23 Years,245,119,126,161,73,88,43,26,17,1,1,0,3,1,2,37,18,19
PANOLA COUNTY,365,24 Years,254,133,121,163,88,75,52,27,25,1,1,0,6,1,5,32,16,16
PANOLA COUNTY,365,25 Years,292,152,140,193,102,91,56,29,27,2,1,1,3,0,3,38,20,18
PANOLA COUNTY,365,26 Years,314,160,154,207,101,106,66,39,27,2,1,1,9,5,4,30,14,16
PANOLA COUNTY,365,27 Years,307,143,164,188,85,103,75,40,35,3,2,1,12,5,7,29,11,18
PANOLA COUNTY,365,28 Years,386,188,198,254,129,125,80,37,43,1,0,1,7,4,3,44,18,26
PANOLA COUNTY,365,29 Years,338,176,162,219,113,106,79,39,40,2,1,1,3,2,1,35,21,14
PANOLA COUNTY,365,30 Years,302,170,132,204,108,96,58,34,24,1,1,0,4,2,2,35,25,10
PANOLA COUNTY,365,31 Years,300,155,145,205,106,99,56,27,29,0,0,0,4,2,2,35,20,15
PANOLA COUNTY,365,32 Years,284,142,142,188,99,89,56,21,35,0,0,0,5,2,3,35,20,15
PANOLA COUNTY,365,33 Years,302,145,157,212,103,109,47,19,28,1,0,1,2,1,1,40,22,18
PANOLA COUNTY,365,34 Years,297,151,146,207,102,105,42,20,22,1,1,0,6,2,4,41,26,15
PANOLA COUNTY,365,35 Years,271,141,130,200,106,94,30,13,17,0,0,0,5,2,3,36,20,16
PANOLA COUNTY,365,36 Years,311,160,151,224,109,115,47,29,18,0,0,0,2,1,1,38,21,17
PANOLA COUNTY,365,37 Years,318,160,158,237,115,122,46,23,23,0,0,0,3,2,1,32,20,12
PANOLA COUNTY,365,38 Years,326,169,157,234,121,113,54,24,30,1,1,0,3,2,1,34,21,13
PANOLA COUNTY,365,39 Years,329,161,168,237,114,123,49,22,27,1,1,0,4,3,1,38,21,17
PANOLA COUNTY,365,40 Years,294,140,154,198,91,107,53,26,27,1,0,1,3,1,2,39,22,17
PANOLA COUNTY,365,41 Years,291,139,152,217,102,115,41,21,20,1,0,1,4,2,2,28,14,14
PANOLA COUNTY,365,42 Years,277,140,137,199,101,98,40,17,23,1,0,1,3,2,1,34,20,14
PANOLA COUNTY,365,43 Years,293,144,149,203,99,104,43,17,26,1,0,1,9,6,3,37,22,15
PANOLA COUNTY,365,44 Years,302,147,155,220,106,114,45,20,25,0,0,0,5,3,2,32,18,14
PANOLA COUNTY,365,45 Years,255,129,126,191,95,96,32,15,17,0,0,0,1,1,0,31,18,13
PANOLA COUNTY,365,46 Years,261,128,133,194,93,101,36,18,18,1,0,1,2,0,2,28,17,11
PANOLA COUNTY,365,47 Years,285,140,145,212,103,109,40,20,20,1,1,0,4,1,3,28,15,13
PANOLA COUNTY,365,48 Years,274,135,139,208,104,104,42,17,25,2,1,1,3,3,0,19,10,9
PANOLA COUNTY,365,49 Years,271,126,145,201,95,106,42,16,26,1,0,1,4,2,2,23,13,10
PANOLA COUNTY,365,50 Years,266,120,146,191,89,102,43,14,29,2,1,1,4,1,3,26,15,11
PANOLA COUNTY,365,51 Years,272,131,141,198,99,99,44,16,28,1,0,1,4,2,2,25,14,11
PANOLA COUNTY,365,52 Years,252,119,133,179,81,98,43,20,23,1,0,1,2,0,2,27,18,9
PANOLA COUNTY,365,53 Years,237,104,133,167,72,95,46,21,25,2,1,1,3,0,3,19,10,9
PANOLA COUNTY,365,54 Years,281,130,151,208,93,115,51,26,25,1,1,0,6,3,3,15,7,8
PANOLA COUNTY,365,55 Years,322,157,165,249,119,130,52,25,27,1,1,0,4,1,3,16,11,5
PANOLA COUNTY,365,56 Years,326,161,165,251,127,124,48,19,29,1,0,1,4,2,2,22,13,9
PANOLA COUNTY,365,57 Years,307,156,151,228,117,111,49,22,27,1,0,1,7,4,3,22,13,9
PANOLA COUNTY,365,58 Years,316,166,150,235,127,108,60,28,32,1,0,1,5,2,3,15,9,6
PANOLA COUNTY,365,59 Years,324,147,177,238,111,127,63,26,37,1,0,1,6,2,4,16,8,8
PANOLA COUNTY,365,60 Years,313,143,170,237,114,123,54,21,33,3,0,3,4,1,3,15,7,8
PANOLA COUNTY,365,61 Years,318,154,164,247,118,129,49,24,25,1,0,1,6,4,2,15,8,7
PANOLA COUNTY,365,62 Years,339,165,174,274,131,143,47,22,25,1,1,0,4,3,1,13,8,5
PANOLA COUNTY,365,63 Years,314,163,151,257,133,124,44,20,24,0,0,0,6,5,1,7,5,2
PANOLA COUNTY,365,64 Years,316,158,158,260,132,128,42,17,25,0,0,0,3,2,1,11,7,4
PANOLA COUNTY,365,65 Years,304,149,155,245,121,124,41,17,24,1,1,0,5,2,3,12,8,4
PANOLA COUNTY,365,66 Years,309,152,157,247,119,128,46,23,23,1,0,1,4,2,2,11,8,3
PANOLA COUNTY,365,67 Years,323,165,158,268,139,129,43,19,24,0,0,0,6,4,2,6,3,3
PANOLA COUNTY,365,68 Years,301,146,155,248,120,128,37,16,21,1,0,1,8,3,5,7,7,0
PANOLA COUNTY,365,69 Years,262,135,127,219,115,104,31,15,16,1,0,1,5,2,3,6,3,3
PANOLA COUNTY,365,70 Years,235,122,113,198,104,94,31,15,16,0,0,0,1,1,0,5,2,3
PANOLA COUNTY,365,71 Years,242,112,130,206,94,112,28,14,14,2,0,2,1,1,0,5,3,2
PANOLA COUNTY,365,72 Years,259,124,135,221,106,115,29,14,15,0,0,0,4,2,2,5,2,3
PANOLA COUNTY,365,73 Years,221,111,110,180,90,90,30,15,15,0,0,0,3,2,1,8,4,4
PANOLA COUNTY,365,74 Years,225,113,112,186,94,92,25,13,12,0,0,0,7,3,4,7,3,4
PANOLA COUNTY,365,75 Years,201,97,104,166,79,87,24,13,11,2,1,1,4,1,3,5,3,2
PANOLA COUNTY,365,76 Years,199,94,105,169,77,92,20,10,10,2,1,1,3,2,1,5,4,1
PANOLA COUNTY,365,77 Years,183,79,104,158,66,92,18,8,10,1,0,1,1,1,0,5,4,1
PANOLA COUNTY,365,78 Years,154,66,88,129,53,76,18,8,10,0,0,0,1,1,0,6,4,2
PANOLA COUNTY,365,79 Years,158,67,91,133,55,78,19,8,11,0,0,0,3,2,1,3,2,1
PANOLA COUNTY,365,80 Years,156,69,87,138,60,78,16,7,9,1,1,0,1,1,0,0,0,0
PANOLA COUNTY,365,81 Years,149,71,78,135,65,70,13,6,7,0,0,0,1,0,1,0,0,0
PANOLA COUNTY,365,82 Years,136,54,82,114,47,67,19,5,14,0,0,0,2,1,1,1,1,0
PANOLA COUNTY,365,83 Years,110,46,64,93,39,54,13,5,8,1,0,1,2,1,1,1,1,0
PANOLA COUNTY,365,84 Years,98,41,57,83,33,50,13,7,6,0,0,0,1,1,0,1,0,1
PANOLA COUNTY,365,85 Years,87,34,53,76,29,47,10,5,5,0,0,0,0,0,0,1,0,1
PANOLA COUNTY,365,86 Years,79,30,49,68,25,43,9,4,5,0,0,0,1,1,0,1,0,1
PANOLA COUNTY,365,87 Years,68,24,44,58,20,38,9,4,5,0,0,0,0,0,0,1,0,1
PANOLA COUNTY,365,88 Years,63,26,37,53,21,32,9,4,5,0,0,0,0,0,0,1,1,0
PANOLA COUNTY,365,89 Years,54,24,30,46,20,26,8,4,4,0,0,0,0,0,0,0,0,0
PANOLA COUNTY,365,90 Years,43,17,26,37,14,23,6,3,3,0,0,0,0,0,0,0,0,0
PANOLA COUNTY,365,91 Years,34,13,21,27,11,16,5,1,4,1,0,1,0,0,0,1,1,0
PANOLA COUNTY,365,92 Years,28,12,16,22,9,13,5,2,3,0,0,0,0,0,0,1,1,0
PANOLA COUNTY,365,93 Years,25,9,16,20,7,13,4,1,3,0,0,0,0,0,0,1,1,0
PANOLA COUNTY,365,94 Years,19,7,12,15,5,10,3,1,2,0,0,0,0,0,0,1,1,0
PANOLA COUNTY,365,95 Years +,49,14,35,35,10,25,10,2,8,0,0,0,1,0,1,3,2,1
PARKER COUNTY,367,All Ages,141080,69793,71287,117432,57545,59887,2103,1508,595,705,296,409,3165,1595,1570,17675,8849,8826
PARKER COUNTY,367,< 1 Year,1639,825,814,1176,577,599,25,13,12,4,2,2,87,43,44,347,190,157
PARKER COUNTY,367,1 Years,1668,844,824,1210,612,598,24,14,10,3,1,2,78,38,40,353,179,174
PARKER COUNTY,367,2 Years,1695,879,816,1225,633,592,24,12,12,3,2,1,82,51,31,361,181,180
PARKER COUNTY,367,3 Years,1723,899,824,1267,664,603,19,11,8,2,1,1,69,44,25,366,179,187
PARKER COUNTY,367,4 Years,1756,917,839,1288,663,625,17,8,9,2,1,1,72,47,25,377,198,179
PARKER COUNTY,367,5 Years,1714,886,828,1285,666,619,14,6,8,2,1,1,57,30,27,356,183,173
PARKER COUNTY,367,6 Years,1691,887,804,1270,668,602,16,9,7,2,1,1,56,29,27,347,180,167
PARKER COUNTY,367,7 Years,1684,872,812,1268,664,604,15,9,6,2,1,1,53,29,24,346,169,177
PARKER COUNTY,367,8 Years,1734,875,859,1292,654,638,15,9,6,2,1,1,49,22,27,376,189,187
PARKER COUNTY,367,9 Years,1789,934,855,1299,681,618,12,4,8,2,0,2,54,21,33,422,228,194
PARKER COUNTY,367,10 Years,1924,963,961,1453,717,736,18,9,9,5,2,3,42,15,27,406,220,186
PARKER COUNTY,367,11 Years,2001,1020,981,1509,762,747,15,8,7,8,3,5,61,36,25,408,211,197
PARKER COUNTY,367,12 Years,1999,1020,979,1505,766,739,14,9,5,5,4,1,57,31,26,418,210,208
PARKER COUNTY,367,13 Years,1915,967,948,1456,732,724,17,9,8,7,3,4,53,27,26,382,196,186
PARKER COUNTY,367,14 Years,1931,961,970,1495,748,747,20,9,11,8,4,4,56,27,29,352,173,179
PARKER COUNTY,367,15 Years,1888,929,959,1460,715,745,23,17,6,11,2,9,51,26,25,343,169,174
PARKER COUNTY,367,16 Years,1876,954,922,1449,739,710,17,12,5,10,4,6,39,18,21,361,181,180
PARKER COUNTY,367,17 Years,1766,922,844,1383,722,661,21,11,10,15,6,9,43,23,20,304,160,144
PARKER COUNTY,367,18 Years,1714,887,827,1299,659,640,47,33,14,15,8,7,47,29,18,306,158,148
PARKER COUNTY,367,19 Years,1506,763,743,1098,553,545,70,53,17,9,4,5,50,30,20,279,123,156
PARKER COUNTY,367,20 Years,1494,772,722,1072,543,529,57,40,17,11,6,5,78,48,30,276,135,141
PARKER COUNTY,367,21 Years,1503,785,718,1073,535,538,77,64,13,10,5,5,85,52,33,258,129,129
PARKER COUNTY,367,22 Years,1499,759,740,1109,546,563,49,38,11,8,2,6,79,54,25,254,119,135
PARKER COUNTY,367,23 Years,1611,809,802,1239,623,616,47,36,11,17,6,11,70,38,32,238,106,132
PARKER COUNTY,367,24 Years,1594,811,783,1221,610,611,58,48,10,16,7,9,71,44,27,228,102,126
PARKER COUNTY,367,25 Years,1753,874,879,1371,668,703,53,40,13,17,9,8,74,51,23,238,106,132
PARKER COUNTY,367,26 Years,1896,955,941,1523,768,755,47,35,12,9,5,4,79,45,34,238,102,136
PARKER COUNTY,367,27 Years,1953,936,1017,1577,757,820,49,39,10,13,8,5,66,26,40,248,106,142
PARKER COUNTY,367,28 Years,2125,1014,1111,1743,812,931,69,53,16,11,9,2,59,37,22,243,103,140
PARKER COUNTY,367,29 Years,1958,925,1033,1633,749,884,61,46,15,6,5,1,41,19,22,217,106,111
PARKER COUNTY,367,30 Years,1805,877,928,1501,707,794,55,47,8,9,5,4,26,12,14,214,106,108
PARKER COUNTY,367,31 Years,1783,893,890,1490,728,762,55,49,6,5,1,4,15,5,10,218,110,108
PARKER COUNTY,367,32 Years,1731,885,846,1427,725,702,47,41,6,11,6,5,22,6,16,224,107,117
PARKER COUNTY,367,33 Years,1740,870,870,1411,686,725,39,33,6,8,5,3,24,12,12,258,134,124
PARKER COUNTY,367,34 Years,1790,891,899,1490,709,781,35,31,4,3,2,1,22,13,9,240,136,104
PARKER COUNTY,367,35 Years,1635,814,821,1377,657,720,28,25,3,8,2,6,18,11,7,204,119,85
PARKER COUNTY,367,36 Years,1687,838,849,1379,667,712,27,24,3,8,1,7,17,4,13,256,142,114
PARKER COUNTY,367,37 Years,1692,845,847,1368,667,701,35,31,4,9,2,7,30,12,18,250,133,117
PARKER COUNTY,367,38 Years,1679,814,865,1356,640,716,36,30,6,10,3,7,19,8,11,258,133,125
PARKER COUNTY,367,39 Years,1741,853,888,1437,695,742,38,30,8,5,0,5,18,8,10,243,120,123
PARKER COUNTY,367,40 Years,1728,864,864,1426,708,718,38,30,8,4,1,3,16,4,12,244,121,123
PARKER COUNTY,367,41 Years,1593,753,840,1316,606,710,34,28,6,7,2,5,17,6,11,219,111,108
PARKER COUNTY,367,42 Years,1544,749,795,1267,594,673,39,33,6,9,3,6,19,6,13,210,113,97
PARKER COUNTY,367,43 Years,1505,754,751,1240,616,624,37,28,9,13,6,7,21,7,14,194,97,97
PARKER COUNTY,367,44 Years,1565,780,785,1293,632,661,25,21,4,9,2,7,25,14,11,213,111,102
PARKER COUNTY,367,45 Years,1589,780,809,1337,654,683,27,23,4,7,2,5,22,7,15,196,94,102
PARKER COUNTY,367,46 Years,1648,819,829,1395,690,705,29,24,5,9,4,5,27,14,13,188,87,101
PARKER COUNTY,367,47 Years,1765,862,903,1488,716,772,30,22,8,7,3,4,31,12,19,209,109,100
PARKER COUNTY,367,48 Years,1812,886,926,1537,747,790,27,20,7,10,5,5,30,11,19,208,103,105
PARKER COUNTY,367,49 Years,1865,900,965,1594,776,818,22,13,9,6,1,5,31,10,21,212,100,112
PARKER COUNTY,367,50 Years,1775,859,916,1518,735,783,26,20,6,11,2,9,29,10,19,191,92,99
PARKER COUNTY,367,51 Years,1733,838,895,1501,729,772,28,18,10,12,3,9,25,8,17,167,80,87
PARKER COUNTY,367,52 Years,1785,884,901,1546,767,779,23,13,10,11,4,7,25,11,14,180,89,91
PARKER COUNTY,367,53 Years,1837,913,924,1571,779,792,19,14,5,15,5,10,27,11,16,205,104,101
PARKER COUNTY,367,54 Years,1881,915,966,1621,788,833,22,15,7,13,7,6,29,12,17,196,93,103
PARKER COUNTY,367,55 Years,2128,1070,1058,1848,923,925,25,19,6,21,10,11,39,15,24,195,103,92
PARKER COUNTY,367,56 Years,2137,1042,1095,1860,895,965,18,11,7,16,5,11,38,17,21,205,114,91
PARKER COUNTY,367,57 Years,2163,1084,1079,1919,958,961,12,6,6,11,6,5,40,19,21,181,95,86
PARKER COUNTY,367,58 Years,2089,1092,997,1866,974,892,13,5,8,11,6,5,32,14,18,167,93,74
PARKER COUNTY,367,59 Years,2108,1041,1067,1878,926,952,7,3,4,16,9,7,36,16,20,171,87,84
PARKER COUNTY,367,60 Years,2018,981,1037,1815,886,929,9,3,6,20,9,11,32,15,17,142,68,74
PARKER COUNTY,367,61 Years,1963,942,1021,1787,860,927,10,2,8,8,3,5,38,23,15,120,54,66
PARKER COUNTY,367,62 Years,1927,942,985,1769,873,896,7,2,5,11,2,9,30,13,17,110,52,58
PARKER COUNTY,367,63 Years,1820,878,942,1650,794,856,8,3,5,11,5,6,37,17,20,114,59,55
PARKER COUNTY,367,64 Years,1857,916,941,1707,836,871,5,3,2,7,3,4,34,17,17,104,57,47
PARKER COUNTY,367,65 Years,1791,882,909,1649,807,842,5,2,3,12,8,4,32,15,17,93,50,43
PARKER COUNTY,367,66 Years,1720,825,895,1591,763,828,3,1,2,12,6,6,30,14,16,84,41,43
PARKER COUNTY,367,67 Years,1630,769,861,1516,715,801,3,1,2,6,1,5,24,13,11,81,39,42
PARKER COUNTY,367,68 Years,1587,759,828,1457,690,767,17,11,6,6,1,5,24,13,11,83,44,39
PARKER COUNTY,367,69 Years,1511,733,778,1391,669,722,12,8,4,7,2,5,19,10,9,82,44,38
PARKER COUNTY,367,70 Years,1468,705,763,1361,649,712,10,7,3,6,2,4,24,11,13,67,36,31
PARKER COUNTY,367,71 Years,1552,758,794,1447,712,735,12,7,5,5,3,2,24,8,16,64,28,36
PARKER COUNTY,367,72 Years,1484,723,761,1388,678,710,11,5,6,4,1,3,22,8,14,59,31,28
PARKER COUNTY,367,73 Years,1116,552,564,1044,516,528,10,5,5,4,1,3,16,8,8,42,22,20
PARKER COUNTY,367,74 Years,1099,549,550,1028,511,517,7,5,2,5,2,3,19,8,11,40,23,17
PARKER COUNTY,367,75 Years,1078,537,541,1020,511,509,5,3,2,4,1,3,13,6,7,36,16,20
PARKER COUNTY,367,76 Years,1027,504,523,963,478,485,5,1,4,4,1,3,14,7,7,41,17,24
PARKER COUNTY,367,77 Years,927,440,487,869,414,455,6,3,3,2,1,1,14,5,9,36,17,19
PARKER COUNTY,367,78 Years,778,377,401,723,357,366,4,1,3,3,2,1,13,4,9,35,13,22
PARKER COUNTY,367,79 Years,704,350,354,649,327,322,5,2,3,4,3,1,14,8,6,32,10,22
PARKER COUNTY,367,80 Years,674,330,344,630,310,320,4,3,1,3,1,2,8,4,4,29,12,17
PARKER COUNTY,367,81 Years,614,281,333,571,266,305,4,2,2,4,0,4,9,3,6,26,10,16
PARKER COUNTY,367,82 Years,553,247,306,518,235,283,4,2,2,3,0,3,9,3,6,19,7,12
PARKER COUNTY,367,83 Years,519,242,277,485,227,258,4,2,2,1,0,1,10,5,5,19,8,11
PARKER COUNTY,367,84 Years,478,230,248,437,215,222,3,3,0,2,0,2,5,2,3,31,10,21
PARKER COUNTY,367,85 Years,428,188,240,400,176,224,1,1,0,2,0,2,4,1,3,21,10,11
PARKER COUNTY,367,86 Years,389,171,218,360,156,204,2,2,0,3,2,1,3,2,1,21,9,12
PARKER COUNTY,367,87 Years,360,142,218,333,132,201,1,0,1,4,3,1,3,1,2,19,6,13
PARKER COUNTY,367,88 Years,305,120,185,286,112,174,1,0,1,3,1,2,3,2,1,12,5,7
PARKER COUNTY,367,89 Years,240,99,141,222,89,133,4,3,1,4,3,1,2,1,1,8,3,5
PARKER COUNTY,367,90 Years,214,86,128,199,78,121,3,2,1,2,1,1,1,0,1,9,5,4
PARKER COUNTY,367,91 Years,174,64,110,164,60,104,1,0,1,1,0,1,1,1,0,7,3,4
PARKER COUNTY,367,92 Years,142,52,90,128,45,83,4,2,2,1,1,0,1,0,1,8,4,4
PARKER COUNTY,367,93 Years,114,35,79,105,32,73,2,0,2,1,1,0,2,0,2,4,2,2
PARKER COUNTY,367,94 Years,82,24,58,78,22,56,2,0,2,0,0,0,1,1,0,1,1,0
PARKER COUNTY,367,95 Years +,205,51,154,187,44,143,3,0,3,1,0,1,2,1,1,12,6,6
PARMER COUNTY,369,All Ages,9501,4856,4645,3173,1566,1607,145,67,78,21,10,11,65,40,25,6097,3173,2924
PARMER COUNTY,369,< 1 Year,150,80,70,30,16,14,0,0,0,0,0,0,0,0,0,120,64,56
PARMER COUNTY,369,1 Years,141,75,66,28,14,14,0,0,0,0,0,0,0,0,0,113,61,52
PARMER COUNTY,369,2 Years,158,86,72,37,19,18,0,0,0,0,0,0,0,0,0,121,67,54
PARMER COUNTY,369,3 Years,159,84,75,35,19,16,12,4,8,0,0,0,0,0,0,112,61,51
PARMER COUNTY,369,4 Years,161,84,77,39,19,20,15,8,7,0,0,0,1,0,1,106,57,49
PARMER COUNTY,369,5 Years,146,74,72,38,17,21,15,6,9,0,0,0,2,1,1,91,50,41
PARMER COUNTY,369,6 Years,142,67,75,39,15,24,4,2,2,0,0,0,4,1,3,95,49,46
PARMER COUNTY,369,7 Years,146,70,76,37,15,22,4,2,2,0,0,0,2,1,1,103,52,51
PARMER COUNTY,369,8 Years,136,66,70,32,15,17,0,0,0,0,0,0,0,0,0,104,51,53
PARMER COUNTY,369,9 Years,161,73,88,40,20,20,4,1,3,0,0,0,0,0,0,117,52,65
PARMER COUNTY,369,10 Years,155,78,77,39,19,20,2,0,2,1,0,1,1,0,1,112,59,53
PARMER COUNTY,369,11 Years,141,76,65,33,19,14,1,0,1,1,0,1,0,0,0,106,57,49
PARMER COUNTY,369,12 Years,157,80,77,49,23,26,1,1,0,1,0,1,1,0,1,105,56,49
PARMER COUNTY,369,13 Years,150,82,68,46,24,22,1,1,0,0,0,0,0,0,0,103,57,46
PARMER COUNTY,369,14 Years,149,74,75,40,20,20,1,1,0,0,0,0,1,0,1,107,53,54
PARMER COUNTY,369,15 Years,138,74,64,36,22,14,2,1,1,0,0,0,1,0,1,99,51,48
PARMER COUNTY,369,16 Years,133,77,56,35,22,13,0,0,0,1,0,1,1,1,0,96,54,42
PARMER COUNTY,369,17 Years,134,76,58,33,22,11,0,0,0,0,0,0,1,1,0,100,53,47
PARMER COUNTY,369,18 Years,119,67,52,25,15,10,0,0,0,0,0,0,1,0,1,93,52,41
PARMER COUNTY,369,19 Years,109,61,48,23,14,9,0,0,0,1,0,1,0,0,0,85,47,38
PARMER COUNTY,369,20 Years,103,59,44,24,13,11,2,1,1,0,0,0,0,0,0,77,45,32
PARMER COUNTY,369,21 Years,106,59,47,24,11,13,1,1,0,1,1,0,0,0,0,80,46,34
PARMER COUNTY,369,22 Years,106,56,50,30,14,16,1,1,0,0,0,0,0,0,0,75,41,34
PARMER COUNTY,369,23 Years,107,58,49,31,15,16,1,1,0,0,0,0,0,0,0,75,42,33
PARMER COUNTY,369,24 Years,130,77,53,36,19,17,0,0,0,0,0,0,2,2,0,92,56,36
PARMER COUNTY,369,25 Years,118,63,55,35,17,18,1,1,0,0,0,0,1,0,1,81,45,36
PARMER COUNTY,369,26 Years,135,72,63,39,23,16,1,1,0,1,1,0,0,0,0,94,47,47
PARMER COUNTY,369,27 Years,131,73,58,38,22,16,2,1,1,0,0,0,1,1,0,90,49,41
PARMER COUNTY,369,28 Years,122,64,58,27,16,11,1,1,0,0,0,0,1,1,0,93,46,47
PARMER COUNTY,369,29 Years,121,64,57,31,15,16,2,1,1,0,0,0,2,2,0,86,46,40
PARMER COUNTY,369,30 Years,121,66,55,38,17,21,2,1,1,0,0,0,2,2,0,79,46,33
PARMER COUNTY,369,31 Years,108,60,48,30,15,15,1,0,1,0,0,0,1,1,0,76,44,32
PARMER COUNTY,369,32 Years,126,70,56,30,18,12,2,1,1,0,0,0,1,0,1,93,51,42
PARMER COUNTY,369,33 Years,112,67,45,34,22,12,0,0,0,1,0,1,2,2,0,75,43,32
PARMER COUNTY,369,34 Years,123,69,54,31,19,12,0,0,0,1,0,1,0,0,0,91,50,41
PARMER COUNTY,369,35 Years,119,59,60,38,17,21,2,1,1,0,0,0,1,0,1,78,41,37
PARMER COUNTY,369,36 Years,113,60,53,38,21,17,1,0,1,0,0,0,1,0,1,73,39,34
PARMER COUNTY,369,37 Years,106,53,53,35,18,17,0,0,0,0,0,0,1,1,0,70,34,36
PARMER COUNTY,369,38 Years,102,51,51,30,16,14,1,1,0,0,0,0,1,1,0,70,33,37
PARMER COUNTY,369,39 Years,108,53,55,24,13,11,0,0,0,0,0,0,2,2,0,82,38,44
PARMER COUNTY,369,40 Years,109,59,50,26,11,15,1,0,1,0,0,0,3,3,0,79,45,34
PARMER COUNTY,369,41 Years,94,41,53,28,11,17,1,0,1,0,0,0,0,0,0,65,30,35
PARMER COUNTY,369,42 Years,110,52,58,33,18,15,0,0,0,1,1,0,0,0,0,76,33,43
PARMER COUNTY,369,43 Years,97,50,47,28,13,15,0,0,0,0,0,0,0,0,0,69,37,32
PARMER COUNTY,369,44 Years,120,57,63,27,14,13,1,0,1,0,0,0,1,1,0,91,42,49
PARMER COUNTY,369,45 Years,125,56,69,36,15,21,2,1,1,0,0,0,2,1,1,85,39,46
PARMER COUNTY,369,46 Years,110,60,50,30,14,16,1,1,0,0,0,0,1,1,0,78,44,34
PARMER COUNTY,369,47 Years,118,58,60,38,15,23,1,1,0,0,0,0,1,1,0,78,41,37
PARMER COUNTY,369,48 Years,111,53,58,37,18,19,0,0,0,1,1,0,1,1,0,72,33,39
PARMER COUNTY,369,49 Years,127,68,59,35,19,16,2,0,2,1,1,0,1,1,0,88,47,41
PARMER COUNTY,369,50 Years,122,57,65,38,20,18,1,0,1,0,0,0,1,1,0,82,36,46
PARMER COUNTY,369,51 Years,111,54,57,33,13,20,2,1,1,0,0,0,0,0,0,76,40,36
PARMER COUNTY,369,52 Years,119,64,55,35,16,19,0,0,0,0,0,0,0,0,0,84,48,36
PARMER COUNTY,369,53 Years,128,64,64,39,16,23,0,0,0,1,0,1,0,0,0,88,48,40
PARMER COUNTY,369,54 Years,103,46,57,40,17,23,1,0,1,1,0,1,1,1,0,60,28,32
PARMER COUNTY,369,55 Years,127,59,68,45,16,29,3,1,2,1,1,0,1,1,0,77,40,37
PARMER COUNTY,369,56 Years,142,67,75,58,24,34,3,1,2,1,1,0,0,0,0,80,41,39
PARMER COUNTY,369,57 Years,130,62,68,50,23,27,2,2,0,0,0,0,1,1,0,77,36,41
PARMER COUNTY,369,58 Years,120,62,58,50,22,28,4,4,0,0,0,0,0,0,0,66,36,30
PARMER COUNTY,369,59 Years,122,61,61,57,30,27,1,1,0,0,0,0,1,0,1,63,30,33
PARMER COUNTY,369,60 Years,123,61,62,51,26,25,2,0,2,1,1,0,0,0,0,69,34,35
PARMER COUNTY,369,61 Years,113,60,53,50,25,25,2,1,1,1,1,0,0,0,0,60,33,27
PARMER COUNTY,369,62 Years,121,74,47,53,33,20,1,1,0,0,0,0,0,0,0,67,40,27
PARMER COUNTY,369,63 Years,111,61,50,46,26,20,1,0,1,0,0,0,0,0,0,64,35,29
PARMER COUNTY,369,64 Years,99,50,49,45,24,21,2,0,2,0,0,0,0,0,0,52,26,26
PARMER COUNTY,369,65 Years,86,43,43,38,21,17,0,0,0,0,0,0,1,1,0,47,21,26
PARMER COUNTY,369,66 Years,88,47,41,39,21,18,0,0,0,0,0,0,1,0,1,48,26,22
PARMER COUNTY,369,67 Years,82,36,46,44,18,26,0,0,0,0,0,0,1,0,1,37,18,19
PARMER COUNTY,369,68 Years,72,28,44,37,14,23,0,0,0,1,0,1,1,0,1,33,14,19
PARMER COUNTY,369,69 Years,79,37,42,43,22,21,0,0,0,1,1,0,1,0,1,34,14,20
PARMER COUNTY,369,70 Years,65,31,34,31,17,14,2,1,1,0,0,0,1,0,1,31,13,18
PARMER COUNTY,369,71 Years,76,39,37,39,25,14,2,0,2,1,0,1,1,1,0,33,13,20
PARMER COUNTY,369,72 Years,68,31,37,35,17,18,2,1,1,0,0,0,0,0,0,31,13,18
PARMER COUNTY,369,73 Years,60,31,29,32,16,16,1,1,0,0,0,0,0,0,0,27,14,13
PARMER COUNTY,369,74 Years,57,29,28,34,16,18,1,0,1,0,0,0,0,0,0,22,13,9
PARMER COUNTY,369,75 Years,56,26,30,34,17,17,1,0,1,0,0,0,0,0,0,21,9,12
PARMER COUNTY,369,76 Years,65,31,34,42,20,22,1,0,1,0,0,0,0,0,0,22,11,11
PARMER COUNTY,369,77 Years,47,21,26,31,14,17,2,1,1,0,0,0,1,0,1,13,6,7
PARMER COUNTY,369,78 Years,48,25,23,32,16,16,3,2,1,0,0,0,1,0,1,12,7,5
PARMER COUNTY,369,79 Years,42,23,19,29,15,14,3,3,0,0,0,0,2,2,0,8,3,5
PARMER COUNTY,369,80 Years,42,20,22,31,14,17,1,1,0,0,0,0,1,1,0,9,4,5
PARMER COUNTY,369,81 Years,31,16,15,21,10,11,2,1,1,0,0,0,1,0,1,7,5,2
PARMER COUNTY,369,82 Years,32,14,18,21,8,13,1,0,1,0,0,0,0,0,0,10,6,4
PARMER COUNTY,369,83 Years,41,16,25,24,11,13,0,0,0,0,0,0,0,0,0,17,5,12
PARMER COUNTY,369,84 Years,35,15,20,23,11,12,1,0,1,0,0,0,0,0,0,11,4,7
PARMER COUNTY,369,85 Years,29,12,17,19,8,11,0,0,0,0,0,0,0,0,0,10,4,6
PARMER COUNTY,369,86 Years,21,8,13,14,5,9,1,0,1,0,0,0,0,0,0,6,3,3
PARMER COUNTY,369,87 Years,25,10,15,20,7,13,0,0,0,0,0,0,0,0,0,5,3,2
PARMER COUNTY,369,88 Years,23,10,13,20,9,11,0,0,0,0,0,0,0,0,0,3,1,2
PARMER COUNTY,369,89 Years,20,8,12,13,5,8,0,0,0,0,0,0,1,1,0,6,2,4
PARMER COUNTY,369,90 Years,23,9,14,14,4,10,0,0,0,0,0,0,1,1,0,8,4,4
PARMER COUNTY,369,91 Years,21,7,14,14,3,11,1,1,0,0,0,0,0,0,0,6,3,3
PARMER COUNTY,369,92 Years,14,8,6,10,5,5,0,0,0,0,0,0,0,0,0,4,3,1
PARMER COUNTY,369,93 Years,10,4,6,6,3,3,1,0,1,0,0,0,0,0,0,3,1,2
PARMER COUNTY,369,94 Years,5,3,2,4,2,2,0,0,0,0,0,0,0,0,0,1,1,0
PARMER COUNTY,369,95 Years +,24,5,19,14,3,11,2,0,2,0,0,0,0,0,0,8,2,6
PECOS COUNTY,371,All Ages,15052,8615,6437,3802,2263,1539,504,463,41,87,42,45,157,75,82,10502,5772,4730
PECOS COUNTY,371,< 1 Year,216,106,110,23,11,12,3,2,1,2,1,1,2,0,2,186,92,94
PECOS COUNTY,371,1 Years,204,103,101,21,11,10,3,2,1,3,1,2,2,0,2,175,89,86
PECOS COUNTY,371,2 Years,198,93,105,23,11,12,1,0,1,2,0,2,3,1,2,169,81,88
PECOS COUNTY,371,3 Years,196,93,103,22,11,11,2,0,2,2,0,2,2,0,2,168,82,86
PECOS COUNTY,371,4 Years,214,103,111,24,12,12,2,1,1,3,2,1,2,1,1,183,87,96
PECOS COUNTY,371,5 Years,229,113,116,27,14,13,2,1,1,2,1,1,2,1,1,196,96,100
PECOS COUNTY,371,6 Years,224,112,112,28,16,12,1,0,1,2,1,1,2,1,1,191,94,97
PECOS COUNTY,371,7 Years,224,114,110,28,15,13,0,0,0,1,1,0,2,1,1,193,97,96
PECOS COUNTY,371,8 Years,215,109,106,26,13,13,1,1,0,1,1,0,2,1,1,185,93,92
PECOS COUNTY,371,9 Years,229,114,115,25,14,11,2,0,2,1,0,1,2,1,1,199,99,100
PECOS COUNTY,371,10 Years,213,104,109,31,16,15,2,2,0,0,0,0,2,0,2,178,86,92
PECOS COUNTY,371,11 Years,204,102,102,32,16,16,2,1,1,1,0,1,2,1,1,167,84,83
PECOS COUNTY,371,12 Years,197,114,83,34,21,13,1,0,1,0,0,0,3,1,2,159,92,67
PECOS COUNTY,371,13 Years,192,99,93,27,16,11,1,0,1,1,1,0,4,2,2,159,80,79
PECOS COUNTY,371,14 Years,190,92,98,28,15,13,1,0,1,0,0,0,3,1,2,158,76,82
PECOS COUNTY,371,15 Years,184,94,90,26,13,13,1,1,0,0,0,0,1,1,0,156,79,77
PECOS COUNTY,371,16 Years,158,76,82,24,10,14,1,0,1,0,0,0,0,0,0,133,66,67
PECOS COUNTY,371,17 Years,166,86,80,26,13,13,1,0,1,0,0,0,0,0,0,139,73,66
PECOS COUNTY,371,18 Years,178,101,77,36,21,15,2,2,0,1,0,1,1,1,0,138,77,61
PECOS COUNTY,371,19 Years,163,87,76,32,11,21,3,3,0,0,0,0,3,1,2,125,72,53
PECOS COUNTY,371,20 Years,193,122,71,38,26,12,4,4,0,2,1,1,3,2,1,146,89,57
PECOS COUNTY,371,21 Years,176,117,59,41,32,9,5,5,0,2,0,2,1,1,0,127,79,48
PECOS COUNTY,371,22 Years,179,107,72,33,20,13,6,5,1,1,0,1,2,1,1,137,81,56
PECOS COUNTY,371,23 Years,188,124,64,40,27,13,4,4,0,0,0,0,6,4,2,138,89,49
PECOS COUNTY,371,24 Years,225,129,96,48,27,21,9,9,0,1,1,0,3,3,0,164,89,75
PECOS COUNTY,371,25 Years,229,134,95,43,27,16,8,8,0,1,0,1,2,1,1,175,98,77
PECOS COUNTY,371,26 Years,244,150,94,50,33,17,10,8,2,1,0,1,1,1,0,182,108,74
PECOS COUNTY,371,27 Years,243,148,95,50,35,15,10,10,0,1,1,0,1,0,1,181,102,79
PECOS COUNTY,371,28 Years,236,153,83,55,40,15,10,10,0,0,0,0,0,0,0,171,103,68
PECOS COUNTY,371,29 Years,236,161,75,46,34,12,7,7,0,0,0,0,2,2,0,181,118,63
PECOS COUNTY,371,30 Years,239,145,94,53,41,12,13,12,1,0,0,0,1,1,0,172,91,81
PECOS COUNTY,371,31 Years,221,134,87,47,38,9,16,16,0,0,0,0,0,0,0,158,80,78
PECOS COUNTY,371,32 Years,207,132,75,36,27,9,8,8,0,1,0,1,3,1,2,159,96,63
PECOS COUNTY,371,33 Years,258,156,102,67,45,22,15,15,0,1,0,1,2,0,2,173,96,77
PECOS COUNTY,371,34 Years,213,131,82,49,32,17,19,19,0,1,0,1,1,0,1,143,80,63
PECOS COUNTY,371,35 Years,213,133,80,48,32,16,14,14,0,2,1,1,2,1,1,147,85,62
PECOS COUNTY,371,36 Years,225,145,80,47,31,16,16,16,0,1,0,1,1,0,1,160,98,62
PECOS COUNTY,371,37 Years,237,158,79,60,43,17,15,15,0,0,0,0,3,1,2,159,99,60
PECOS COUNTY,371,38 Years,225,149,76,56,39,17,13,13,0,2,2,0,0,0,0,154,95,59
PECOS COUNTY,371,39 Years,208,142,66,60,45,15,12,12,0,2,1,1,0,0,0,134,84,50
PECOS COUNTY,371,40 Years,212,149,63,52,38,14,15,14,1,2,1,1,8,8,0,135,88,47
PECOS COUNTY,371,41 Years,187,128,59,45,31,14,11,10,1,1,0,1,4,3,1,126,84,42
PECOS COUNTY,371,42 Years,186,124,62,50,37,13,8,7,1,1,0,1,3,2,1,124,78,46
PECOS COUNTY,371,43 Years,180,119,61,43,30,13,9,9,0,2,1,1,1,0,1,125,79,46
PECOS COUNTY,371,44 Years,199,131,68,43,31,12,14,13,1,2,1,1,3,1,2,137,85,52
PECOS COUNTY,371,45 Years,187,113,74,46,31,15,6,6,0,1,1,0,2,1,1,132,74,58
PECOS COUNTY,371,46 Years,218,134,84,54,35,19,17,16,1,0,0,0,3,2,1,144,81,63
PECOS COUNTY,371,47 Years,187,111,76,54,35,19,12,11,1,0,0,0,1,0,1,120,65,55
PECOS COUNTY,371,48 Years,202,126,76,61,40,21,17,16,1,0,0,0,1,0,1,123,70,53
PECOS COUNTY,371,49 Years,200,132,68,57,44,13,13,13,0,1,1,0,2,1,1,127,73,54
PECOS COUNTY,371,50 Years,182,112,70,49,32,17,13,13,0,2,1,1,2,2,0,116,64,52
PECOS COUNTY,371,51 Years,171,109,62,53,37,16,8,8,0,1,1,0,3,2,1,106,61,45
PECOS COUNTY,371,52 Years,160,101,59,45,31,14,8,7,1,2,2,0,0,0,0,105,61,44
PECOS COUNTY,371,53 Years,175,105,70,52,32,20,9,8,1,4,2,2,0,0,0,110,63,47
PECOS COUNTY,371,54 Years,183,114,69,63,42,21,9,7,2,1,0,1,3,2,1,107,63,44
PECOS COUNTY,371,55 Years,194,108,86,71,41,30,9,8,1,0,0,0,1,1,0,113,58,55
PECOS COUNTY,371,56 Years,176,94,82,75,36,39,8,8,0,0,0,0,1,0,1,92,50,42
PECOS COUNTY,371,57 Years,165,95,70,69,38,31,10,9,1,2,0,2,3,1,2,81,47,34
PECOS COUNTY,371,58 Years,180,104,76,75,41,34,6,6,0,1,1,0,5,2,3,93,54,39
PECOS COUNTY,371,59 Years,182,106,76,77,37,40,7,6,1,2,1,1,2,1,1,94,61,33
PECOS COUNTY,371,60 Years,179,95,84,75,40,35,4,4,0,2,1,1,1,1,0,97,49,48
PECOS COUNTY,371,61 Years,159,90,69,65,39,26,5,4,1,0,0,0,0,0,0,89,47,42
PECOS COUNTY,371,62 Years,171,99,72,67,39,28,5,5,0,0,0,0,3,2,1,96,53,43
PECOS COUNTY,371,63 Years,175,95,80,67,39,28,4,3,1,0,0,0,0,0,0,104,53,51
PECOS COUNTY,371,64 Years,163,79,84,69,36,33,4,4,0,0,0,0,0,0,0,90,39,51
PECOS COUNTY,371,65 Years,149,75,74,61,31,30,3,2,1,2,1,1,0,0,0,83,41,42
PECOS COUNTY,371,66 Years,142,72,70,54,26,28,3,3,0,2,2,0,1,0,1,82,41,41
PECOS COUNTY,371,67 Years,140,71,69,56,27,29,3,2,1,2,1,1,3,2,1,76,39,37
PECOS COUNTY,371,68 Years,134,71,63,52,27,25,2,1,1,1,1,0,2,1,1,77,41,36
PECOS COUNTY,371,69 Years,124,62,62,50,25,25,2,1,1,1,0,1,1,0,1,70,36,34
PECOS COUNTY,371,70 Years,111,53,58,43,22,21,2,1,1,1,0,1,2,0,2,63,30,33
PECOS COUNTY,371,71 Years,110,60,50,43,21,22,2,2,0,0,0,0,1,0,1,64,37,27
PECOS COUNTY,371,72 Years,116,62,54,46,23,23,2,2,0,1,1,0,0,0,0,67,36,31
PECOS COUNTY,371,73 Years,98,46,52,37,16,21,1,1,0,1,0,1,0,0,0,59,29,30
PECOS COUNTY,371,74 Years,98,50,48,36,20,16,0,0,0,2,1,1,0,0,0,60,29,31
PECOS COUNTY,371,75 Years,85,39,46,33,15,18,1,1,0,1,1,0,1,0,1,49,22,27
PECOS COUNTY,371,76 Years,78,34,44,29,13,16,0,0,0,1,1,0,1,1,0,47,19,28
PECOS COUNTY,371,77 Years,80,36,44,29,12,17,2,2,0,1,1,0,4,1,3,44,20,24
PECOS COUNTY,371,78 Years,73,35,38,25,11,14,1,1,0,1,0,1,1,0,1,45,23,22
PECOS COUNTY,371,79 Years,67,33,34,20,9,11,0,0,0,0,0,0,2,0,2,45,24,21
PECOS COUNTY,371,80 Years,63,30,33,19,8,11,1,1,0,0,0,0,2,1,1,41,20,21
PECOS COUNTY,371,81 Years,57,36,21,22,13,9,1,1,0,0,0,0,2,1,1,32,21,11
PECOS COUNTY,371,82 Years,53,35,18,23,15,8,1,1,0,0,0,0,0,0,0,29,19,10
PECOS COUNTY,371,83 Years,46,27,19,18,9,9,0,0,0,0,0,0,0,0,0,28,18,10
PECOS COUNTY,371,84 Years,34,18,16,12,5,7,0,0,0,0,0,0,1,1,0,21,12,9
PECOS COUNTY,371,85 Years,30,13,17,14,5,9,0,0,0,0,0,0,1,1,0,15,7,8
PECOS COUNTY,371,86 Years,35,18,17,15,8,7,0,0,0,0,0,0,1,0,1,19,10,9
PECOS COUNTY,371,87 Years,31,16,15,16,9,7,0,0,0,0,0,0,1,0,1,14,7,7
PECOS COUNTY,371,88 Years,21,9,12,9,4,5,0,0,0,0,0,0,0,0,0,12,5,7
PECOS COUNTY,371,89 Years,23,11,12,9,3,6,0,0,0,0,0,0,0,0,0,14,8,6
PECOS COUNTY,371,90 Years,20,9,11,7,2,5,0,0,0,0,0,0,1,0,1,12,7,5
PECOS COUNTY,371,91 Years,18,10,8,9,6,3,0,0,0,0,0,0,1,0,1,8,4,4
PECOS COUNTY,371,92 Years,13,8,5,8,5,3,0,0,0,0,0,0,0,0,0,5,3,2
PECOS COUNTY,371,93 Years,8,5,3,5,3,2,0,0,0,0,0,0,0,0,0,3,2,1
PECOS COUNTY,371,94 Years,9,3,6,5,2,3,0,0,0,0,0,0,1,0,1,3,1,2
PECOS COUNTY,371,95 Years +,24,10,14,10,2,8,0,0,0,2,2,0,1,0,1,11,6,5
POLK COUNTY,373,All Ages,50293,27037,23256,35502,18283,17219,5407,3426,1981,231,84,147,1576,760,816,7577,4484,3093
POLK COUNTY,373,< 1 Year,543,265,278,343,173,170,69,35,34,2,1,1,29,14,15,100,42,58
POLK COUNTY,373,1 Years,534,266,268,336,172,164,68,33,35,3,1,2,30,16,14,97,44,53
POLK COUNTY,373,2 Years,543,277,266,350,183,167,62,30,32,2,1,1,30,16,14,99,47,52
POLK COUNTY,373,3 Years,565,297,268,354,186,168,71,37,34,2,1,1,30,18,12,108,55,53
POLK COUNTY,373,4 Years,568,292,276,359,184,175,66,35,31,2,1,1,27,15,12,114,57,57
POLK COUNTY,373,5 Years,574,294,280,356,181,175,65,32,33,4,3,1,29,15,14,120,63,57
POLK COUNTY,373,6 Years,554,273,281,344,173,171,64,29,35,4,2,2,29,12,17,113,57,56
POLK COUNTY,373,7 Years,556,283,273,339,175,164,71,33,38,2,1,1,29,13,16,115,61,54
POLK COUNTY,373,8 Years,551,278,273,331,169,162,73,36,37,3,1,2,26,12,14,118,60,58
POLK COUNTY,373,9 Years,563,287,276,336,179,157,76,38,38,4,3,1,26,11,15,121,56,65
POLK COUNTY,373,10 Years,538,279,259,313,162,151,55,30,25,1,1,0,29,11,18,140,75,65
POLK COUNTY,373,11 Years,579,298,281,354,195,159,56,24,32,1,1,0,35,12,23,133,66,67
POLK COUNTY,373,12 Years,576,320,256,356,207,149,49,25,24,3,1,2,24,14,10,144,73,71
POLK COUNTY,373,13 Years,535,276,259,334,175,159,53,28,25,2,0,2,26,13,13,120,60,60
POLK COUNTY,373,14 Years,489,249,240,308,155,153,48,25,23,1,0,1,21,11,10,111,58,53
POLK COUNTY,373,15 Years,514,287,227,329,183,146,45,21,24,0,0,0,21,13,8,119,70,49
POLK COUNTY,373,16 Years,496,262,234,307,165,142,48,24,24,0,0,0,32,16,16,109,57,52
POLK COUNTY,373,17 Years,500,242,258,310,145,165,48,27,21,4,1,3,29,14,15,109,55,54
POLK COUNTY,373,18 Years,521,295,226,306,169,137,66,33,33,8,6,2,27,16,11,114,71,43
POLK COUNTY,373,19 Years,470,262,208,259,141,118,66,36,30,5,3,2,27,17,10,113,65,48
POLK COUNTY,373,20 Years,496,302,194,280,164,116,61,40,21,1,0,1,26,14,12,128,84,44
POLK COUNTY,373,21 Years,515,310,205,269,145,124,71,47,24,4,2,2,40,24,16,131,92,39
POLK COUNTY,373,22 Years,517,297,220,273,139,134,80,50,30,5,3,2,25,11,14,134,94,40
POLK COUNTY,373,23 Years,578,343,235,303,156,147,81,56,25,4,2,2,44,27,17,146,102,44
POLK COUNTY,373,24 Years,590,346,244,317,163,154,88,62,26,15,1,14,32,19,13,138,101,37
POLK COUNTY,373,25 Years,612,347,265,350,172,178,94,69,25,6,0,6,30,21,9,132,85,47
POLK COUNTY,373,26 Years,597,340,257,363,182,181,83,58,25,1,0,1,25,14,11,125,86,39
POLK COUNTY,373,27 Years,679,390,289,400,215,185,94,67,27,1,0,1,37,17,20,147,91,56
POLK COUNTY,373,28 Years,679,383,296,415,215,200,113,82,31,0,0,0,25,12,13,126,74,52
POLK COUNTY,373,29 Years,603,352,251,382,199,183,88,68,20,1,1,0,16,11,5,116,73,43
POLK COUNTY,373,30 Years,629,377,252,375,199,176,96,70,26,2,2,0,16,10,6,140,96,44
POLK COUNTY,373,31 Years,644,381,263,399,205,194,97,76,21,1,1,0,14,4,10,133,95,38
POLK COUNTY,373,32 Years,668,397,271,405,213,192,102,74,28,2,1,1,16,10,6,143,99,44
POLK COUNTY,373,33 Years,623,380,243,366,211,155,107,77,30,4,1,3,14,4,10,132,87,45
POLK COUNTY,373,34 Years,620,381,239,380,214,166,99,78,21,2,0,2,8,4,4,131,85,46
POLK COUNTY,373,35 Years,598,361,237,376,207,169,91,72,19,1,0,1,15,9,6,115,73,42
POLK COUNTY,373,36 Years,582,364,218,355,208,147,97,72,25,3,1,2,15,9,6,112,74,38
POLK COUNTY,373,37 Years,600,359,241,354,191,163,106,81,25,4,1,3,10,7,3,126,79,47
POLK COUNTY,373,38 Years,594,366,228,369,212,157,102,79,23,5,3,2,10,5,5,108,67,41
POLK COUNTY,373,39 Years,620,380,240,401,229,172,109,80,29,3,2,1,10,6,4,97,63,34
POLK COUNTY,373,40 Years,587,344,243,373,196,177,96,70,26,3,3,0,15,8,7,100,67,33
POLK COUNTY,373,41 Years,550,318,232,336,178,158,92,64,28,5,2,3,13,5,8,104,69,35
POLK COUNTY,373,42 Years,533,307,226,330,177,153,95,62,33,5,1,4,13,6,7,90,61,29
POLK COUNTY,373,43 Years,579,345,234,371,204,167,84,61,23,4,2,2,15,9,6,105,69,36
POLK COUNTY,373,44 Years,607,337,270,397,201,196,90,59,31,3,1,2,11,5,6,106,71,35
POLK COUNTY,373,45 Years,574,336,238,356,188,168,82,60,22,2,2,0,17,9,8,117,77,40
POLK COUNTY,373,46 Years,576,352,224,356,194,162,85,65,20,1,1,0,16,9,7,118,83,35
POLK COUNTY,373,47 Years,612,344,268,397,197,200,79,62,17,4,1,3,16,12,4,116,72,44
POLK COUNTY,373,48 Years,631,341,290,432,227,205,79,55,24,3,1,2,16,6,10,101,52,49
POLK COUNTY,373,49 Years,611,362,249,434,243,191,70,52,18,3,2,1,12,4,8,92,61,31
POLK COUNTY,373,50 Years,585,338,247,425,231,194,58,42,16,3,2,1,15,6,9,84,57,27
POLK COUNTY,373,51 Years,601,323,278,437,224,213,63,42,21,1,0,1,17,8,9,83,49,34
POLK COUNTY,373,52 Years,615,327,288,458,232,226,64,45,19,3,1,2,15,5,10,75,44,31
POLK COUNTY,373,53 Years,648,336,312,464,238,226,70,46,24,1,1,0,18,8,10,95,43,52
POLK COUNTY,373,54 Years,731,384,347,562,277,285,62,42,20,2,1,1,18,10,8,87,54,33
POLK COUNTY,373,55 Years,738,373,365,587,285,302,62,39,23,3,0,3,12,3,9,74,46,28
POLK COUNTY,373,56 Years,729,357,372,567,265,302,73,45,28,4,1,3,12,5,7,73,41,32
POLK COUNTY,373,57 Years,740,359,381,590,277,313,65,38,27,3,1,2,10,4,6,72,39,33
POLK COUNTY,373,58 Years,793,378,415,628,293,335,69,41,28,4,2,2,15,4,11,77,38,39
POLK COUNTY,373,59 Years,838,405,433,670,311,359,66,43,23,3,2,1,15,3,12,84,46,38
POLK COUNTY,373,60 Years,854,406,448,689,322,367,72,40,32,2,0,2,10,2,8,81,42,39
POLK COUNTY,373,61 Years,880,435,445,724,350,374,72,41,31,3,1,2,9,3,6,72,40,32
POLK COUNTY,373,62 Years,891,447,444,751,371,380,64,39,25,2,0,2,15,2,13,59,35,24
POLK COUNTY,373,63 Years,893,448,445,751,375,376,59,33,26,3,0,3,14,2,12,66,38,28
POLK COUNTY,373,64 Years,927,476,451,782,398,384,65,36,29,5,1,4,12,4,8,63,37,26
POLK COUNTY,373,65 Years,880,454,426,758,388,370,56,29,27,3,1,2,8,5,3,55,31,24
POLK COUNTY,373,66 Years,797,413,384,686,356,330,41,20,21,4,1,3,12,5,7,54,31,23
POLK COUNTY,373,67 Years,757,383,374,663,341,322,39,19,20,2,0,2,12,4,8,41,19,22
POLK COUNTY,373,68 Years,701,362,339,621,323,298,36,18,18,1,1,0,9,4,5,34,16,18
POLK COUNTY,373,69 Years,667,345,322,588,305,283,36,18,18,2,0,2,13,4,9,28,18,10
POLK COUNTY,373,70 Years,666,360,306,596,321,275,25,15,10,2,1,1,11,4,7,32,19,13
POLK COUNTY,373,71 Years,630,347,283,566,316,250,22,14,8,3,0,3,12,4,8,27,13,14
POLK COUNTY,373,72 Years,570,292,278,515,268,247,18,11,7,2,0,2,13,3,10,22,10,12
POLK COUNTY,373,73 Years,478,238,240,422,216,206,21,8,13,2,1,1,11,4,7,22,9,13
POLK COUNTY,373,74 Years,452,220,232,398,197,201,17,8,9,0,0,0,13,4,9,24,11,13
POLK COUNTY,373,75 Years,432,229,203,384,206,178,11,5,6,2,0,2,13,7,6,22,11,11
POLK COUNTY,373,76 Years,401,217,184,353,195,158,11,5,6,1,0,1,15,7,8,21,10,11
POLK COUNTY,373,77 Years,351,183,168,303,162,141,18,8,10,0,0,0,14,7,7,16,6,10
POLK COUNTY,373,78 Years,297,152,145,256,134,122,16,6,10,2,0,2,12,6,6,11,6,5
POLK COUNTY,373,79 Years,260,134,126,228,119,109,14,6,8,0,0,0,10,4,6,8,5,3
POLK COUNTY,373,80 Years,228,109,119,201,97,104,11,5,6,2,0,2,7,3,4,7,4,3
POLK COUNTY,373,81 Years,217,116,101,189,101,88,12,5,7,1,0,1,8,6,2,7,4,3
POLK COUNTY,373,82 Years,192,92,100,166,80,86,11,5,6,1,0,1,6,3,3,8,4,4
POLK COUNTY,373,83 Years,173,81,92,152,72,80,8,3,5,1,0,1,5,2,3,7,4,3
POLK COUNTY,373,84 Years,147,69,78,132,62,70,5,2,3,1,0,1,2,1,1,7,4,3
POLK COUNTY,373,85 Years,132,61,71,113,51,62,5,2,3,0,0,0,7,4,3,7,4,3
POLK COUNTY,373,86 Years,127,54,73,106,44,62,9,3,6,2,1,1,3,2,1,7,4,3
POLK COUNTY,373,87 Years,108,46,62,89,39,50,6,2,4,1,0,1,5,1,4,7,4,3
POLK COUNTY,373,88 Years,98,33,65,83,28,55,5,1,4,0,0,0,4,1,3,6,3,3
POLK COUNTY,373,89 Years,85,28,57,74,23,51,5,2,3,0,0,0,4,2,2,2,1,1
POLK COUNTY,373,90 Years,69,26,43,57,20,37,5,2,3,1,0,1,3,2,1,3,2,1
POLK COUNTY,373,91 Years,66,24,42,52,18,34,4,2,2,1,0,1,3,1,2,6,3,3
POLK COUNTY,373,92 Years,53,18,35,41,12,29,6,3,3,0,0,0,2,1,1,4,2,2
POLK COUNTY,373,93 Years,39,12,27,29,9,20,5,2,3,0,0,0,2,0,2,3,1,2
POLK COUNTY,373,94 Years,29,9,20,21,7,14,5,2,3,0,0,0,1,0,1,2,0,2
POLK COUNTY,373,95 Years +,55,14,41,37,8,29,10,4,6,1,0,1,1,0,1,6,2,4
POTTER COUNTY,375,All Ages,116063,60030,56033,50919,25431,25488,10892,6343,4549,6294,3323,2971,3008,1444,1564,44950,23489,21461
POTTER COUNTY,375,< 1 Year,1467,759,708,417,226,191,158,74,84,17,10,7,61,34,27,814,415,399
POTTER COUNTY,375,1 Years,1458,745,713,428,226,202,159,79,80,20,13,7,62,33,29,789,394,395
POTTER COUNTY,375,2 Years,1507,765,742,464,236,228,159,80,79,26,15,11,70,35,35,788,399,389
POTTER COUNTY,375,3 Years,1605,804,801,495,242,253,163,83,80,52,29,23,78,39,39,817,411,406
POTTER COUNTY,375,4 Years,1714,866,848,512,251,261,163,83,80,80,43,37,81,39,42,878,450,428
POTTER COUNTY,375,5 Years,1778,922,856,517,260,257,167,85,82,107,60,47,88,42,46,899,475,424
POTTER COUNTY,375,6 Years,1786,930,856,526,270,256,163,84,79,115,63,52,85,41,44,897,472,425
POTTER COUNTY,375,7 Years,1738,905,833,528,272,256,154,78,76,113,63,50,83,40,43,860,452,408
POTTER COUNTY,375,8 Years,1701,862,839,525,266,259,144,70,74,110,57,53,80,37,43,842,432,410
POTTER COUNTY,375,9 Years,1577,813,764,493,254,239,145,62,83,91,45,46,64,30,34,784,422,362
POTTER COUNTY,375,10 Years,1645,805,840,515,254,261,142,70,72,112,47,65,61,29,32,815,405,410
POTTER COUNTY,375,11 Years,1681,851,830,520,255,265,156,91,65,105,48,57,76,44,32,824,413,411
POTTER COUNTY,375,12 Years,1685,881,804,523,263,260,149,85,64,92,49,43,65,33,32,856,451,405
POTTER COUNTY,375,13 Years,1662,819,843,496,258,238,142,67,75,92,39,53,65,27,38,867,428,439
POTTER COUNTY,375,14 Years,1627,823,804,507,257,250,147,71,76,85,36,49,60,26,34,828,433,395
POTTER COUNTY,375,15 Years,1626,831,795,486,252,234,141,78,63,98,34,64,59,24,35,842,443,399
POTTER COUNTY,375,16 Years,1561,785,776,493,246,247,134,72,62,93,37,56,58,24,34,783,406,377
POTTER COUNTY,375,17 Years,1596,809,787,513,256,257,139,77,62,89,38,51,49,23,26,806,415,391
POTTER COUNTY,375,18 Years,1534,774,760,476,232,244,126,71,55,90,41,49,46,23,23,796,407,389
POTTER COUNTY,375,19 Years,1417,716,701,439,208,231,114,62,52,85,48,37,50,24,26,729,374,355
POTTER COUNTY,375,20 Years,1462,787,675,455,241,214,125,80,45,95,50,45,47,23,24,740,393,347
POTTER COUNTY,375,21 Years,1459,796,663,441,235,206,148,92,56,85,39,46,49,21,28,736,409,327
POTTER COUNTY,375,22 Years,1496,778,718,448,219,229,168,102,66,96,49,47,48,21,27,736,387,349
POTTER COUNTY,375,23 Years,1562,847,715,482,246,236,171,103,68,97,61,36,44,26,18,768,411,357
POTTER COUNTY,375,24 Years,1584,836,748,516,265,251,173,111,62,105,51,54,47,23,24,743,386,357
POTTER COUNTY,375,25 Years,1670,913,757,516,266,250,214,138,76,127,69,58,48,20,28,765,420,345
POTTER COUNTY,375,26 Years,1694,931,763,541,275,266,222,134,88,127,69,58,45,22,23,759,431,328
POTTER COUNTY,375,27 Years,1711,910,801,552,293,259,202,117,85,124,66,58,46,21,25,787,413,374
POTTER COUNTY,375,28 Years,1805,966,839,609,321,288,202,129,73,134,74,60,41,19,22,819,423,396
POTTER COUNTY,375,29 Years,1775,930,845,618,321,297,211,132,79,157,70,87,36,16,20,753,391,362
POTTER COUNTY,375,30 Years,1826,998,828,657,350,307,222,146,76,163,97,66,31,14,17,753,391,362
POTTER COUNTY,375,31 Years,1856,1017,839,645,329,316,231,154,77,173,103,70,36,17,19,771,414,357
POTTER COUNTY,375,32 Years,1753,976,777,660,345,315,209,139,70,139,87,52,34,15,19,711,390,321
POTTER COUNTY,375,33 Years,1794,966,828,725,354,371,197,136,61,130,74,56,39,18,21,703,384,319
POTTER COUNTY,375,34 Years,1740,917,823,706,343,363,181,120,61,142,82,60,34,19,15,677,353,324
POTTER COUNTY,375,35 Years,1714,940,774,680,347,333,191,125,66,150,96,54,29,19,10,664,353,311
POTTER COUNTY,375,36 Years,1718,952,766,691,356,335,179,111,68,134,88,46,34,18,16,680,379,301
POTTER COUNTY,375,37 Years,1726,938,788,713,380,333,178,114,64,118,68,50,32,16,16,685,360,325
POTTER COUNTY,375,38 Years,1719,924,795,762,402,360,188,127,61,107,56,51,32,17,15,630,322,308
POTTER COUNTY,375,39 Years,1659,910,749,732,396,336,185,125,60,116,64,52,25,12,13,601,313,288
POTTER COUNTY,375,40 Years,1513,846,667,662,356,306,179,126,53,86,38,48,17,8,9,569,318,251
POTTER COUNTY,375,41 Years,1448,780,668,647,331,316,152,108,44,87,48,39,19,7,12,543,286,257
POTTER COUNTY,375,42 Years,1417,803,614,640,363,277,141,96,45,68,35,33,29,15,14,539,294,245
POTTER COUNTY,375,43 Years,1417,795,622,644,359,285,140,95,45,80,51,29,23,10,13,530,280,250
POTTER COUNTY,375,44 Years,1374,759,615,597,328,269,148,100,48,71,40,31,23,9,14,535,282,253
POTTER COUNTY,375,45 Years,1352,779,573,591,322,269,146,103,43,76,43,33,21,10,11,518,301,217
POTTER COUNTY,375,46 Years,1346,755,591,609,326,283,126,89,37,72,45,27,25,13,12,514,282,232
POTTER COUNTY,375,47 Years,1386,771,615,629,340,289,140,90,50,86,53,33,21,12,9,510,276,234
POTTER COUNTY,375,48 Years,1377,768,609,638,351,287,150,101,49,72,39,33,25,14,11,492,263,229
POTTER COUNTY,375,49 Years,1440,799,641,693,375,318,146,101,45,64,33,31,25,12,13,512,278,234
POTTER COUNTY,375,50 Years,1312,698,614,627,319,308,128,84,44,57,30,27,20,10,10,480,255,225
POTTER COUNTY,375,51 Years,1277,680,597,593,294,299,125,83,42,55,30,25,31,14,17,473,259,214
POTTER COUNTY,375,52 Years,1247,697,550,571,307,264,124,83,41,63,32,31,26,14,12,463,261,202
POTTER COUNTY,375,53 Years,1273,693,580,609,307,302,120,79,41,56,29,27,25,12,13,463,266,197
POTTER COUNTY,375,54 Years,1369,734,635,680,356,324,137,84,53,53,27,26,27,11,16,472,256,216
POTTER COUNTY,375,55 Years,1337,700,637,699,370,329,124,70,54,60,28,32,32,14,18,422,218,204
POTTER COUNTY,375,56 Years,1327,681,646,733,385,348,123,60,63,49,23,26,28,13,15,394,200,194
POTTER COUNTY,375,57 Years,1331,655,676,748,369,379,114,61,53,50,22,28,23,8,15,396,195,201
POTTER COUNTY,375,58 Years,1324,664,660,758,382,376,109,57,52,56,24,32,22,13,9,379,188,191
POTTER COUNTY,375,59 Years,1388,710,678,822,420,402,115,58,57,58,27,31,22,14,8,371,191,180
POTTER COUNTY,375,60 Years,1322,671,651,777,397,380,101,55,46,57,27,30,25,12,13,362,180,182
POTTER COUNTY,375,61 Years,1310,651,659,785,381,404,100,57,43,52,26,26,20,9,11,353,178,175
POTTER COUNTY,375,62 Years,1297,628,669,782,375,407,105,54,51,56,27,29,19,10,9,335,162,173
POTTER COUNTY,375,63 Years,1331,687,644,834,433,401,101,53,48,55,26,29,15,9,6,326,166,160
POTTER COUNTY,375,64 Years,1273,642,631,806,407,399,99,54,45,57,26,31,18,8,10,293,147,146
POTTER COUNTY,375,65 Years,1136,575,561,727,366,361,80,40,40,49,22,27,26,14,12,254,133,121
POTTER COUNTY,375,66 Years,1114,558,556,725,358,367,75,36,39,53,26,27,23,11,12,238,127,111
POTTER COUNTY,375,67 Years,1023,502,521,686,334,352,69,29,40,45,19,26,17,9,8,206,111,95
POTTER COUNTY,375,68 Years,963,473,490,645,309,336,68,32,36,34,19,15,15,9,6,201,104,97
POTTER COUNTY,375,69 Years,911,457,454,597,292,305,61,29,32,31,19,12,21,11,10,201,106,95
POTTER COUNTY,375,70 Years,860,413,447,576,282,294,62,25,37,37,19,18,21,9,12,164,78,86
POTTER COUNTY,375,71 Years,839,389,450,592,283,309,56,22,34,26,14,12,16,8,8,149,62,87
POTTER COUNTY,375,72 Years,809,376,433,593,270,323,48,19,29,21,13,8,18,11,7,129,63,66
POTTER COUNTY,375,73 Years,673,294,379,467,203,264,35,14,21,23,13,10,15,9,6,133,55,78
POTTER COUNTY,375,74 Years,618,285,333,430,197,233,45,19,26,24,12,12,9,5,4,110,52,58
POTTER COUNTY,375,75 Years,633,298,335,464,222,242,37,15,22,22,11,11,13,4,9,97,46,51
POTTER COUNTY,375,76 Years,574,256,318,425,195,230,37,10,27,18,11,7,14,4,10,80,36,44
POTTER COUNTY,375,77 Years,540,248,292,408,184,224,33,11,22,14,8,6,13,7,6,72,38,34
POTTER COUNTY,375,78 Years,524,242,282,387,180,207,28,12,16,13,8,5,10,3,7,86,39,47
POTTER COUNTY,375,79 Years,481,203,278,370,158,212,21,6,15,13,6,7,8,4,4,69,29,40
POTTER COUNTY,375,80 Years,452,185,267,351,141,210,19,7,12,10,5,5,12,5,7,60,27,33
POTTER COUNTY,375,81 Years,421,180,241,328,137,191,16,7,9,11,6,5,9,4,5,57,26,31
POTTER COUNTY,375,82 Years,397,148,249,315,117,198,16,6,10,10,6,4,7,1,6,49,18,31
POTTER COUNTY,375,83 Years,369,149,220,290,123,167,17,6,11,7,2,5,7,2,5,48,16,32
POTTER COUNTY,375,84 Years,358,143,215,290,119,171,14,4,10,6,4,2,4,1,3,44,15,29
POTTER COUNTY,375,85 Years,336,134,202,273,112,161,13,3,10,6,4,2,4,1,3,40,14,26
POTTER COUNTY,375,86 Years,312,122,190,262,102,160,10,4,6,6,4,2,3,1,2,31,11,20
POTTER COUNTY,375,87 Years,304,119,185,251,95,156,11,5,6,6,4,2,4,0,4,32,15,17
POTTER COUNTY,375,88 Years,263,97,166,214,78,136,11,4,7,4,2,2,4,0,4,30,13,17
POTTER COUNTY,375,89 Years,236,93,143,189,75,114,9,3,6,4,2,2,4,1,3,30,12,18
POTTER COUNTY,375,90 Years,205,80,125,168,61,107,7,3,4,3,3,0,3,2,1,24,11,13
POTTER COUNTY,375,91 Years,182,66,116,149,51,98,7,3,4,3,2,1,2,1,1,21,9,12
POTTER COUNTY,375,92 Years,166,54,112,136,45,91,11,3,8,1,0,1,3,1,2,15,5,10
POTTER COUNTY,375,93 Years,126,43,83,107,38,69,6,2,4,1,0,1,1,0,1,11,3,8
POTTER COUNTY,375,94 Years,99,30,69,85,26,59,4,1,3,1,0,1,1,0,1,8,3,5
POTTER COUNTY,375,95 Years +,263,75,188,223,57,166,11,5,6,5,2,3,2,1,1,22,10,12
PRESIDIO COUNTY,377,All Ages,6535,3303,3232,1044,520,524,36,25,11,82,40,42,70,36,34,5303,2682,2621
PRESIDIO COUNTY,377,< 1 Year,106,56,50,10,6,4,0,0,0,0,0,0,0,0,0,96,50,46
PRESIDIO COUNTY,377,1 Years,96,53,43,12,7,5,0,0,0,0,0,0,1,1,0,83,45,38
PRESIDIO COUNTY,377,2 Years,100,54,46,11,6,5,0,0,0,0,0,0,2,2,0,87,46,41
PRESIDIO COUNTY,377,3 Years,96,50,46,13,6,7,0,0,0,0,0,0,0,0,0,83,44,39
PRESIDIO COUNTY,377,4 Years,105,54,51,13,6,7,0,0,0,0,0,0,0,0,0,92,48,44
PRESIDIO COUNTY,377,5 Years,102,53,49,16,8,8,0,0,0,0,0,0,0,0,0,86,45,41
PRESIDIO COUNTY,377,6 Years,96,49,47,13,5,8,0,0,0,0,0,0,0,0,0,83,44,39
PRESIDIO COUNTY,377,7 Years,86,41,45,12,5,7,0,0,0,0,0,0,0,0,0,74,36,38
PRESIDIO COUNTY,377,8 Years,86,42,44,11,3,8,0,0,0,0,0,0,0,0,0,75,39,36
PRESIDIO COUNTY,377,9 Years,77,38,39,12,4,8,1,1,0,1,0,1,2,1,1,61,32,29
PRESIDIO COUNTY,377,10 Years,81,39,42,11,4,7,2,0,2,1,0,1,2,1,1,65,34,31
PRESIDIO COUNTY,377,11 Years,89,45,44,12,6,6,1,0,1,2,1,1,3,2,1,71,36,35
PRESIDIO COUNTY,377,12 Years,83,38,45,6,3,3,1,1,0,1,0,1,2,1,1,73,33,40
PRESIDIO COUNTY,377,13 Years,76,36,40,7,4,3,1,1,0,0,0,0,0,0,0,68,31,37
PRESIDIO COUNTY,377,14 Years,83,42,41,8,5,3,1,1,0,1,0,1,0,0,0,73,36,37
PRESIDIO COUNTY,377,15 Years,81,45,36,7,4,3,1,1,0,4,1,3,1,1,0,68,38,30
PRESIDIO COUNTY,377,16 Years,83,45,38,12,10,2,0,0,0,4,3,1,2,1,1,65,31,34
PRESIDIO COUNTY,377,17 Years,68,37,31,9,6,3,1,1,0,1,1,0,2,1,1,55,28,27
PRESIDIO COUNTY,377,18 Years,71,40,31,5,4,1,1,1,0,1,1,0,0,0,0,64,34,30
PRESIDIO COUNTY,377,19 Years,70,34,36,5,2,3,1,1,0,4,1,3,1,1,0,59,29,30
PRESIDIO COUNTY,377,20 Years,72,38,34,7,4,3,0,0,0,2,1,1,3,2,1,60,31,29
PRESIDIO COUNTY,377,21 Years,76,40,36,8,4,4,1,1,0,0,0,0,3,2,1,64,33,31
PRESIDIO COUNTY,377,22 Years,72,36,36,7,3,4,1,0,1,2,2,0,2,1,1,60,30,30
PRESIDIO COUNTY,377,23 Years,79,32,47,7,2,5,1,0,1,2,1,1,2,0,2,67,29,38
PRESIDIO COUNTY,377,24 Years,85,40,45,5,3,2,0,0,0,1,1,0,1,0,1,78,36,42
PRESIDIO COUNTY,377,25 Years,81,41,40,3,2,1,1,0,1,2,0,2,1,0,1,74,39,35
PRESIDIO COUNTY,377,26 Years,92,49,43,8,2,6,1,0,1,4,2,2,1,0,1,78,45,33
PRESIDIO COUNTY,377,27 Years,89,53,36,5,3,2,0,0,0,1,1,0,0,0,0,83,49,34
PRESIDIO COUNTY,377,28 Years,87,50,37,1,1,0,0,0,0,2,2,0,0,0,0,84,47,37
PRESIDIO COUNTY,377,29 Years,75,40,35,2,2,0,0,0,0,1,1,0,1,1,0,71,36,35
PRESIDIO COUNTY,377,30 Years,60,38,22,7,3,4,0,0,0,0,0,0,1,1,0,52,34,18
PRESIDIO COUNTY,377,31 Years,60,35,25,7,4,3,0,0,0,0,0,0,0,0,0,53,31,22
PRESIDIO COUNTY,377,32 Years,71,45,26,9,6,3,2,2,0,0,0,0,0,0,0,60,37,23
PRESIDIO COUNTY,377,33 Years,81,42,39,9,4,5,1,1,0,0,0,0,0,0,0,71,37,34
PRESIDIO COUNTY,377,34 Years,69,36,33,13,5,8,0,0,0,0,0,0,0,0,0,56,31,25
PRESIDIO COUNTY,377,35 Years,65,31,34,10,4,6,0,0,0,1,0,1,0,0,0,54,27,27
PRESIDIO COUNTY,377,36 Years,58,25,33,8,3,5,0,0,0,1,0,1,0,0,0,49,22,27
PRESIDIO COUNTY,377,37 Years,59,29,30,10,5,5,1,0,1,1,0,1,0,0,0,47,24,23
PRESIDIO COUNTY,377,38 Years,67,32,35,12,7,5,2,1,1,0,0,0,0,0,0,53,24,29
PRESIDIO COUNTY,377,39 Years,67,34,33,13,8,5,0,0,0,0,0,0,0,0,0,54,26,28
PRESIDIO COUNTY,377,40 Years,63,31,32,10,6,4,1,1,0,3,2,1,0,0,0,49,22,27
PRESIDIO COUNTY,377,41 Years,55,28,27,9,6,3,1,1,0,2,1,1,1,0,1,42,20,22
PRESIDIO COUNTY,377,42 Years,59,28,31,10,6,4,2,2,0,1,0,1,2,0,2,44,20,24
PRESIDIO COUNTY,377,43 Years,68,32,36,10,4,6,2,2,0,2,2,0,1,0,1,53,24,29
PRESIDIO COUNTY,377,44 Years,68,29,39,10,4,6,0,0,0,4,1,3,1,0,1,53,24,29
PRESIDIO COUNTY,377,45 Years,63,25,38,11,7,4,0,0,0,5,1,4,0,0,0,47,17,30
PRESIDIO COUNTY,377,46 Years,68,33,35,15,7,8,0,0,0,1,0,1,1,1,0,51,25,26
PRESIDIO COUNTY,377,47 Years,84,47,37,18,9,9,0,0,0,3,2,1,1,1,0,62,35,27
PRESIDIO COUNTY,377,48 Years,82,39,43,17,8,9,0,0,0,1,1,0,0,0,0,64,30,34
PRESIDIO COUNTY,377,49 Years,81,37,44,16,7,9,0,0,0,2,1,1,2,1,1,61,28,33
PRESIDIO COUNTY,377,50 Years,77,36,41,17,8,9,0,0,0,2,1,1,0,0,0,58,27,31
PRESIDIO COUNTY,377,51 Years,77,38,39,16,8,8,0,0,0,2,1,1,1,0,1,58,29,29
PRESIDIO COUNTY,377,52 Years,69,36,33,10,6,4,1,1,0,1,0,1,1,1,0,56,28,28
PRESIDIO COUNTY,377,53 Years,73,34,39,13,7,6,1,1,0,0,0,0,0,0,0,59,26,33
PRESIDIO COUNTY,377,54 Years,73,35,38,8,4,4,0,0,0,3,2,1,0,0,0,62,29,33
PRESIDIO COUNTY,377,55 Years,84,49,35,11,7,4,0,0,0,1,1,0,0,0,0,72,41,31
PRESIDIO COUNTY,377,56 Years,82,41,41,17,7,10,0,0,0,0,0,0,0,0,0,65,34,31
PRESIDIO COUNTY,377,57 Years,79,39,40,16,8,8,0,0,0,0,0,0,0,0,0,63,31,32
PRESIDIO COUNTY,377,58 Years,80,40,40,12,5,7,0,0,0,2,0,2,0,0,0,66,35,31
PRESIDIO COUNTY,377,59 Years,72,37,35,10,6,4,1,1,0,1,0,1,0,0,0,60,30,30
PRESIDIO COUNTY,377,60 Years,67,35,32,12,6,6,1,1,0,1,1,0,1,1,0,52,26,26
PRESIDIO COUNTY,377,61 Years,73,36,37,17,7,10,0,0,0,1,1,0,0,0,0,55,28,27
PRESIDIO COUNTY,377,62 Years,88,47,41,22,11,11,0,0,0,2,2,0,0,0,0,64,34,30
PRESIDIO COUNTY,377,63 Years,75,36,39,14,7,7,0,0,0,1,1,0,1,0,1,59,28,31
PRESIDIO COUNTY,377,64 Years,72,34,38,17,9,8,1,1,0,0,0,0,1,1,0,53,23,30
PRESIDIO COUNTY,377,65 Years,74,34,40,15,9,6,1,1,0,0,0,0,0,0,0,58,24,34
PRESIDIO COUNTY,377,66 Years,77,37,40,17,8,9,0,0,0,0,0,0,1,1,0,59,28,31
PRESIDIO COUNTY,377,67 Years,84,34,50,19,8,11,0,0,0,0,0,0,2,1,1,63,25,38
PRESIDIO COUNTY,377,68 Years,81,41,40,18,7,11,0,0,0,0,0,0,4,4,0,59,30,29
PRESIDIO COUNTY,377,69 Years,88,48,40,23,12,11,1,0,1,0,0,0,1,1,0,63,35,28
PRESIDIO COUNTY,377,70 Years,93,53,40,29,17,12,1,0,1,0,0,0,1,0,1,62,36,26
PRESIDIO COUNTY,377,71 Years,88,49,39,29,18,11,0,0,0,1,0,1,3,2,1,55,29,26
PRESIDIO COUNTY,377,72 Years,96,52,44,22,13,9,0,0,0,0,0,0,4,1,3,70,38,32
PRESIDIO COUNTY,377,73 Years,67,34,33,20,12,8,0,0,0,0,0,0,1,0,1,46,22,24
PRESIDIO COUNTY,377,74 Years,60,31,29,13,7,6,0,0,0,0,0,0,1,0,1,46,24,22
PRESIDIO COUNTY,377,75 Years,61,38,23,11,6,5,0,0,0,0,0,0,1,0,1,49,32,17
PRESIDIO COUNTY,377,76 Years,68,40,28,13,5,8,0,0,0,0,0,0,1,0,1,54,35,19
PRESIDIO COUNTY,377,77 Years,54,29,25,11,5,6,0,0,0,0,0,0,0,0,0,43,24,19
PRESIDIO COUNTY,377,78 Years,53,22,31,6,3,3,0,0,0,0,0,0,0,0,0,47,19,28
PRESIDIO COUNTY,377,79 Years,45,21,24,7,4,3,0,0,0,0,0,0,1,0,1,37,17,20
PRESIDIO COUNTY,377,80 Years,45,22,23,8,3,5,0,0,0,0,0,0,1,0,1,36,19,17
PRESIDIO COUNTY,377,81 Years,41,23,18,7,4,3,0,0,0,0,0,0,0,0,0,34,19,15
PRESIDIO COUNTY,377,82 Years,37,18,19,8,3,5,0,0,0,0,0,0,0,0,0,29,15,14
PRESIDIO COUNTY,377,83 Years,39,17,22,9,4,5,0,0,0,0,0,0,0,0,0,30,13,17
PRESIDIO COUNTY,377,84 Years,38,18,20,8,3,5,0,0,0,0,0,0,0,0,0,30,15,15
PRESIDIO COUNTY,377,85 Years,31,15,16,8,3,5,0,0,0,0,0,0,0,0,0,23,12,11
PRESIDIO COUNTY,377,86 Years,25,11,14,7,3,4,0,0,0,0,0,0,0,0,0,18,8,10
PRESIDIO COUNTY,377,87 Years,24,10,14,6,2,4,0,0,0,0,0,0,0,0,0,18,8,10
PRESIDIO COUNTY,377,88 Years,22,7,15,4,0,4,0,0,0,0,0,0,1,1,0,17,6,11
PRESIDIO COUNTY,377,89 Years,20,8,12,4,1,3,0,0,0,0,0,0,0,0,0,16,7,9
PRESIDIO COUNTY,377,90 Years,18,7,11,5,2,3,0,0,0,0,0,0,0,0,0,13,5,8
PRESIDIO COUNTY,377,91 Years,19,6,13,5,2,3,0,0,0,0,0,0,0,0,0,14,4,10
PRESIDIO COUNTY,377,92 Years,14,4,10,4,1,3,0,0,0,0,0,0,0,0,0,10,3,7
PRESIDIO COUNTY,377,93 Years,9,4,5,4,2,2,0,0,0,0,0,0,0,0,0,5,2,3
PRESIDIO COUNTY,377,94 Years,8,3,5,2,1,1,0,0,0,0,0,0,0,0,0,6,2,4
PRESIDIO COUNTY,377,95 Years +,24,8,16,8,3,5,0,0,0,0,0,0,0,0,0,16,5,11
RAINS COUNTY,379,All Ages,12416,6280,6136,10706,5378,5328,275,154,121,67,27,40,278,138,140,1090,583,507
RAINS COUNTY,379,< 1 Year,156,89,67,133,74,59,0,0,0,0,0,0,6,4,2,17,11,6
RAINS COUNTY,379,1 Years,158,83,75,132,70,62,0,0,0,0,0,0,5,2,3,21,11,10
RAINS COUNTY,379,2 Years,147,81,66,122,68,54,0,0,0,0,0,0,5,2,3,20,11,9
RAINS COUNTY,379,3 Years,138,73,65,108,57,51,0,0,0,2,1,1,6,3,3,22,12,10
RAINS COUNTY,379,4 Years,117,58,59,95,48,47,0,0,0,2,1,1,4,1,3,16,8,8
RAINS COUNTY,379,5 Years,121,63,58,95,50,45,0,0,0,2,1,1,7,4,3,17,8,9
RAINS COUNTY,379,6 Years,127,67,60,101,53,48,0,0,0,2,1,1,7,4,3,17,9,8
RAINS COUNTY,379,7 Years,132,73,59,107,59,48,1,1,0,0,0,0,5,3,2,19,10,9
RAINS COUNTY,379,8 Years,142,81,61,114,61,53,2,2,0,0,0,0,5,4,1,21,14,7
RAINS COUNTY,379,9 Years,145,79,66,116,61,55,2,0,2,2,2,0,5,0,5,20,16,4
RAINS COUNTY,379,10 Years,126,74,52,99,56,43,5,5,0,0,0,0,6,3,3,16,10,6
RAINS COUNTY,379,11 Years,124,79,45,99,60,39,3,3,0,0,0,0,3,3,0,19,13,6
RAINS COUNTY,379,12 Years,143,73,70,113,56,57,0,0,0,0,0,0,2,0,2,28,17,11
RAINS COUNTY,379,13 Years,135,68,67,108,53,55,1,1,0,1,1,0,2,1,1,23,12,11
RAINS COUNTY,379,14 Years,121,68,53,102,59,43,4,2,2,1,1,0,0,0,0,14,6,8
RAINS COUNTY,379,15 Years,122,72,50,101,58,43,3,3,0,0,0,0,3,3,0,15,8,7
RAINS COUNTY,379,16 Years,120,69,51,88,48,40,2,2,0,1,1,0,6,5,1,23,13,10
RAINS COUNTY,379,17 Years,110,52,58,88,41,47,1,0,1,1,1,0,3,2,1,17,8,9
RAINS COUNTY,379,18 Years,112,55,57,89,44,45,2,2,0,0,0,0,5,3,2,16,6,10
RAINS COUNTY,379,19 Years,105,49,56,69,32,37,4,2,2,1,0,1,6,3,3,25,12,13
RAINS COUNTY,379,20 Years,106,55,51,69,34,35,5,3,2,2,2,0,6,2,4,24,14,10
RAINS COUNTY,379,21 Years,125,62,63,86,42,44,6,3,3,3,1,2,4,2,2,26,14,12
RAINS COUNTY,379,22 Years,116,65,51,88,48,40,6,5,1,0,0,0,5,2,3,17,10,7
RAINS COUNTY,379,23 Years,121,66,55,91,51,40,3,1,2,0,0,0,3,2,1,24,12,12
RAINS COUNTY,379,24 Years,126,67,59,90,49,41,4,2,2,1,1,0,5,2,3,26,13,13
RAINS COUNTY,379,25 Years,128,57,71,96,41,55,5,2,3,1,1,0,6,2,4,20,11,9
RAINS COUNTY,379,26 Years,140,70,70,105,51,54,5,1,4,0,0,0,7,3,4,23,15,8
RAINS COUNTY,379,27 Years,158,82,76,128,66,62,4,2,2,0,0,0,5,3,2,21,11,10
RAINS COUNTY,379,28 Years,143,68,75,121,58,63,2,2,0,0,0,0,3,1,2,17,7,10
RAINS COUNTY,379,29 Years,142,71,71,121,57,64,3,2,1,0,0,0,2,1,1,16,11,5
RAINS COUNTY,379,30 Years,140,79,61,124,71,53,1,0,1,0,0,0,3,1,2,12,7,5
RAINS COUNTY,379,31 Years,133,74,59,116,64,52,0,0,0,0,0,0,2,1,1,15,9,6
RAINS COUNTY,379,32 Years,122,54,68,109,45,64,0,0,0,0,0,0,1,0,1,12,9,3
RAINS COUNTY,379,33 Years,136,61,75,116,49,67,0,0,0,0,0,0,2,0,2,18,12,6
RAINS COUNTY,379,34 Years,140,68,72,118,57,61,1,1,0,1,0,1,3,1,2,17,9,8
RAINS COUNTY,379,35 Years,119,60,59,101,54,47,4,3,1,2,1,1,1,0,1,11,2,9
RAINS COUNTY,379,36 Years,123,51,72,107,43,64,2,1,1,1,0,1,1,1,0,12,6,6
RAINS COUNTY,379,37 Years,134,64,70,112,51,61,2,1,1,1,0,1,2,2,0,17,10,7
RAINS COUNTY,379,38 Years,121,60,61,105,51,54,1,1,0,1,0,1,2,1,1,12,7,5
RAINS COUNTY,379,39 Years,109,55,54,87,42,45,3,3,0,0,0,0,2,1,1,17,9,8
RAINS COUNTY,379,40 Years,117,58,59,102,54,48,3,1,2,0,0,0,1,0,1,11,3,8
RAINS COUNTY,379,41 Years,102,54,48,89,47,42,1,0,1,0,0,0,1,0,1,11,7,4
RAINS COUNTY,379,42 Years,130,65,65,113,57,56,3,2,1,0,0,0,3,1,2,11,5,6
RAINS COUNTY,379,43 Years,130,58,72,110,52,58,5,3,2,3,0,3,1,1,0,11,2,9
RAINS COUNTY,379,44 Years,126,61,65,101,48,53,4,3,1,1,0,1,4,2,2,16,8,8
RAINS COUNTY,379,45 Years,122,63,59,107,56,51,2,1,1,0,0,0,2,1,1,11,5,6
RAINS COUNTY,379,46 Years,130,68,62,111,60,51,5,3,2,0,0,0,3,2,1,11,3,8
RAINS COUNTY,379,47 Years,138,69,69,113,55,58,7,4,3,0,0,0,2,2,0,16,8,8
RAINS COUNTY,379,48 Years,164,81,83,141,70,71,5,1,4,0,0,0,2,0,2,16,10,6
RAINS COUNTY,379,49 Years,155,85,70,138,75,63,1,0,1,1,0,1,4,3,1,11,7,4
RAINS COUNTY,379,50 Years,140,78,62,126,71,55,0,0,0,2,0,2,2,1,1,10,6,4
RAINS COUNTY,379,51 Years,141,73,68,123,64,59,4,3,1,2,0,2,3,1,2,9,5,4
RAINS COUNTY,379,52 Years,176,88,88,154,80,74,4,2,2,1,0,1,4,0,4,13,6,7
RAINS COUNTY,379,53 Years,173,82,91,152,71,81,2,1,1,1,0,1,3,1,2,15,9,6
RAINS COUNTY,379,54 Years,165,85,80,143,73,70,3,1,2,2,2,0,2,1,1,15,8,7
RAINS COUNTY,379,55 Years,175,86,89,160,81,79,3,2,1,0,0,0,1,0,1,11,3,8
RAINS COUNTY,379,56 Years,197,100,97,181,91,90,8,5,3,1,0,1,1,1,0,6,3,3
RAINS COUNTY,379,57 Years,196,106,90,179,100,79,2,1,1,6,2,4,1,1,0,8,2,6
RAINS COUNTY,379,58 Years,201,101,100,186,95,91,2,0,2,3,1,2,3,1,2,7,4,3
RAINS COUNTY,379,59 Years,202,107,95,189,100,89,2,1,1,2,0,2,2,2,0,7,4,3
RAINS COUNTY,379,60 Years,236,113,123,222,104,118,3,2,1,1,1,0,2,0,2,8,6,2
RAINS COUNTY,379,61 Years,228,108,120,207,99,108,6,2,4,1,1,0,5,2,3,9,4,5
RAINS COUNTY,379,62 Years,232,112,120,205,99,106,4,1,3,5,2,3,6,5,1,12,5,7
RAINS COUNTY,379,63 Years,205,95,110,187,87,100,5,2,3,1,1,0,5,3,2,7,2,5
RAINS COUNTY,379,64 Years,168,81,87,153,74,79,5,3,2,0,0,0,3,1,2,7,3,4
RAINS COUNTY,379,65 Years,184,85,99,171,80,91,7,2,5,0,0,0,2,1,1,4,2,2
RAINS COUNTY,379,66 Years,199,100,99,183,90,93,8,5,3,0,0,0,4,3,1,4,2,2
RAINS COUNTY,379,67 Years,187,95,92,170,83,87,7,5,2,0,0,0,5,3,2,5,4,1
RAINS COUNTY,379,68 Years,184,85,99,171,78,93,5,4,1,1,0,1,4,1,3,3,2,1
RAINS COUNTY,379,69 Years,175,92,83,166,86,80,4,4,0,1,0,1,2,1,1,2,1,1
RAINS COUNTY,379,70 Years,188,97,91,174,91,83,7,4,3,0,0,0,2,0,2,5,2,3
RAINS COUNTY,379,71 Years,191,90,101,180,86,94,3,1,2,0,0,0,2,0,2,6,3,3
RAINS COUNTY,379,72 Years,201,105,96,185,93,92,7,6,1,0,0,0,7,4,3,2,2,0
RAINS COUNTY,379,73 Years,138,68,70,125,63,62,6,4,2,0,0,0,4,1,3,3,0,3
RAINS COUNTY,379,74 Years,134,69,65,128,67,61,4,2,2,0,0,0,1,0,1,1,0,1
RAINS COUNTY,379,75 Years,133,71,62,129,69,60,2,1,1,0,0,0,1,1,0,1,0,1
RAINS COUNTY,379,76 Years,128,62,66,122,60,62,1,0,1,1,0,1,0,0,0,4,2,2
RAINS COUNTY,379,77 Years,130,64,66,119,60,59,3,1,2,0,0,0,3,2,1,5,1,4
RAINS COUNTY,379,78 Years,111,60,51,98,51,47,3,0,3,1,1,0,4,4,0,5,4,1
RAINS COUNTY,379,79 Years,95,47,48,88,40,48,2,2,0,0,0,0,2,2,0,3,3,0
RAINS COUNTY,379,80 Years,94,39,55,92,37,55,2,2,0,0,0,0,0,0,0,0,0,0
RAINS COUNTY,379,81 Years,91,34,57,83,31,52,3,2,1,0,0,0,2,0,2,3,1,2
RAINS COUNTY,379,82 Years,76,33,43,68,30,38,4,2,2,0,0,0,1,0,1,3,1,2
RAINS COUNTY,379,83 Years,74,39,35,69,36,33,3,2,1,0,0,0,1,1,0,1,0,1
RAINS COUNTY,379,84 Years,64,36,28,60,33,27,2,1,1,0,0,0,1,1,0,1,1,0
RAINS COUNTY,379,85 Years,52,26,26,48,24,24,1,0,1,0,0,0,0,0,0,3,2,1
RAINS COUNTY,379,86 Years,47,23,24,38,19,19,4,1,3,0,0,0,1,1,0,4,2,2
RAINS COUNTY,379,87 Years,37,17,20,34,16,18,2,0,2,0,0,0,0,0,0,1,1,0
RAINS COUNTY,379,88 Years,33,17,16,31,17,14,1,0,1,0,0,0,0,0,0,1,0,1
RAINS COUNTY,379,89 Years,32,11,21,28,11,17,0,0,0,1,0,1,2,0,2,1,0,1
RAINS COUNTY,379,90 Years,26,11,15,20,8,12,0,0,0,1,0,1,2,1,1,3,2,1
RAINS COUNTY,379,91 Years,19,10,9,16,7,9,1,1,0,0,0,0,1,1,0,1,1,0
RAINS COUNTY,379,92 Years,13,6,7,10,3,7,1,1,0,0,0,0,0,0,0,2,2,0
RAINS COUNTY,379,93 Years,17,6,11,14,5,9,1,0,1,0,0,0,1,0,1,1,1,0
RAINS COUNTY,379,94 Years,10,4,6,9,4,5,1,0,1,0,0,0,0,0,0,0,0,0
RAINS COUNTY,379,95 Years +,21,6,15,16,5,11,4,1,3,0,0,0,1,0,1,0,0,0
RANDALL COUNTY,381,All Ages,139034,69094,69940,96404,46861,49543,4231,2400,1831,1951,916,1035,3316,1740,1576,33132,17177,15955
RANDALL COUNTY,381,< 1 Year,1705,880,825,929,478,451,61,32,29,23,10,13,95,45,50,597,315,282
RANDALL COUNTY,381,1 Years,1695,876,819,910,470,440,58,30,28,23,11,12,99,49,50,605,316,289
RANDALL COUNTY,381,2 Years,1748,907,841,951,487,464,59,31,28,27,13,14,94,49,45,617,327,290
RANDALL COUNTY,381,3 Years,1791,913,878,995,510,485,57,29,28,29,14,15,100,50,50,610,310,300
RANDALL COUNTY,381,4 Years,1905,958,947,1065,539,526,61,29,32,33,16,17,109,54,55,637,320,317
RANDALL COUNTY,381,5 Years,1958,1001,957,1098,574,524,67,33,34,33,16,17,111,53,58,649,325,324
RANDALL COUNTY,381,6 Years,1966,1019,947,1100,581,519,67,33,34,34,17,17,107,52,55,658,336,322
RANDALL COUNTY,381,7 Years,1939,1019,920,1110,593,517,58,27,31,29,14,15,100,50,50,642,335,307
RANDALL COUNTY,381,8 Years,1900,991,909,1087,565,522,56,26,30,26,14,12,88,46,42,643,340,303
RANDALL COUNTY,381,9 Years,1869,994,875,1059,559,500,54,24,30,21,10,11,85,53,32,650,348,302
RANDALL COUNTY,381,10 Years,1910,1020,890,1111,595,516,64,29,35,21,12,9,74,39,35,640,345,295
RANDALL COUNTY,381,11 Years,1876,981,895,1066,547,519,65,32,33,46,19,27,69,35,34,630,348,282
RANDALL COUNTY,381,12 Years,1911,994,917,1097,567,530,73,31,42,30,11,19,65,43,22,646,342,304
RANDALL COUNTY,381,13 Years,1908,1001,907,1054,544,510,81,45,36,34,6,28,61,33,28,678,373,305
RANDALL COUNTY,381,14 Years,1915,1009,906,1067,542,525,76,42,34,29,9,20,66,45,21,677,371,306
RANDALL COUNTY,381,15 Years,1894,966,928,1094,563,531,60,31,29,21,5,16,60,34,26,659,333,326
RANDALL COUNTY,381,16 Years,1816,950,866,1040,553,487,69,33,36,35,18,17,49,25,24,623,321,302
RANDALL COUNTY,381,17 Years,1709,906,803,945,503,442,63,30,33,32,18,14,39,20,19,630,335,295
RANDALL COUNTY,381,18 Years,1986,1060,926,1035,527,508,104,67,37,28,12,16,51,29,22,768,425,343
RANDALL COUNTY,381,19 Years,2369,1194,1175,1343,640,703,117,67,50,36,18,18,64,35,29,809,434,375
RANDALL COUNTY,381,20 Years,2274,1148,1126,1196,578,618,120,55,65,35,15,20,53,27,26,870,473,397
RANDALL COUNTY,381,21 Years,2209,1098,1111,1199,571,628,109,55,54,35,19,16,67,31,36,799,422,377
RANDALL COUNTY,381,22 Years,2139,1102,1037,1182,597,585,91,51,40,37,20,17,66,30,36,763,404,359
RANDALL COUNTY,381,23 Years,2080,1100,980,1163,595,568,99,55,44,50,38,12,78,44,34,690,368,322
RANDALL COUNTY,381,24 Years,1909,1001,908,1098,571,527,91,54,37,26,15,11,63,37,26,631,324,307
RANDALL COUNTY,381,25 Years,1957,987,970,1183,580,603,82,40,42,42,23,19,55,29,26,595,315,280
RANDALL COUNTY,381,26 Years,2009,1020,989,1294,622,672,102,65,37,34,22,12,66,41,25,513,270,243
RANDALL COUNTY,381,27 Years,2079,1054,1025,1431,690,741,102,69,33,44,28,16,42,21,21,460,246,214
RANDALL COUNTY,381,28 Years,1861,971,890,1351,697,654,56,28,28,16,4,12,36,28,8,402,214,188
RANDALL COUNTY,381,29 Years,1793,852,941,1358,636,722,48,24,24,16,6,10,31,21,10,340,165,175
RANDALL COUNTY,381,30 Years,1695,789,906,1331,618,713,24,16,8,18,7,11,33,21,12,289,127,162
RANDALL COUNTY,381,31 Years,1617,838,779,1232,635,597,36,23,13,18,8,10,20,11,9,311,161,150
RANDALL COUNTY,381,32 Years,1649,867,782,1210,670,540,36,10,26,20,3,17,19,9,10,364,175,189
RANDALL COUNTY,381,33 Years,1830,921,909,1349,674,675,37,22,15,24,6,18,23,12,11,397,207,190
RANDALL COUNTY,381,34 Years,1847,921,926,1327,659,668,57,35,22,19,5,14,22,9,13,422,213,209
RANDALL COUNTY,381,35 Years,1879,954,925,1319,679,640,65,35,30,22,9,13,23,10,13,450,221,229
RANDALL COUNTY,381,36 Years,1895,939,956,1325,657,668,67,40,27,19,4,15,34,19,15,450,219,231
RANDALL COUNTY,381,37 Years,1851,907,944,1290,615,675,62,33,29,25,10,15,28,15,13,446,234,212
RANDALL COUNTY,381,38 Years,1913,932,981,1319,609,710,78,46,32,24,10,14,38,18,20,454,249,205
RANDALL COUNTY,381,39 Years,1912,978,934,1333,668,665,76,46,30,26,12,14,30,17,13,447,235,212
RANDALL COUNTY,381,40 Years,1780,942,838,1241,640,601,62,48,14,17,9,8,29,17,12,431,228,203
RANDALL COUNTY,381,41 Years,1744,896,848,1203,597,606,65,53,12,27,12,15,24,14,10,425,220,205
RANDALL COUNTY,381,42 Years,1693,880,813,1168,595,573,50,37,13,29,14,15,25,18,7,421,216,205
RANDALL COUNTY,381,43 Years,1673,867,806,1166,582,584,58,36,22,28,17,11,25,14,11,396,218,178
RANDALL COUNTY,381,44 Years,1723,892,831,1205,605,600,53,38,15,24,10,14,37,20,17,404,219,185
RANDALL COUNTY,381,45 Years,1503,758,745,1048,511,537,46,24,22,28,10,18,19,9,10,362,204,158
RANDALL COUNTY,381,46 Years,1433,715,718,998,480,518,38,27,11,25,12,13,20,11,9,352,185,167
RANDALL COUNTY,381,47 Years,1557,760,797,1082,507,575,48,37,11,25,13,12,20,10,10,382,193,189
RANDALL COUNTY,381,48 Years,1653,821,832,1193,580,613,51,40,11,22,9,13,28,11,17,359,181,178
RANDALL COUNTY,381,49 Years,1690,819,871,1223,587,636,55,32,23,28,13,15,24,9,15,360,178,182
RANDALL COUNTY,381,50 Years,1532,753,779,1097,524,573,44,28,16,21,11,10,19,6,13,351,184,167
RANDALL COUNTY,381,51 Years,1491,717,774,1061,497,564,57,36,21,25,10,15,19,6,13,329,168,161
RANDALL COUNTY,381,52 Years,1471,721,750,1079,522,557,40,26,14,19,10,9,20,9,11,313,154,159
RANDALL COUNTY,381,53 Years,1486,738,748,1082,526,556,33,24,9,18,8,10,27,11,16,326,169,157
RANDALL COUNTY,381,54 Years,1630,797,833,1194,567,627,58,38,20,22,11,11,29,16,13,327,165,162
RANDALL COUNTY,381,55 Years,1633,816,817,1236,611,625,46,32,14,22,11,11,27,18,9,302,144,158
RANDALL COUNTY,381,56 Years,1717,817,900,1313,622,691,50,29,21,22,12,10,32,20,12,300,134,166
RANDALL COUNTY,381,57 Years,1736,870,866,1342,663,679,46,33,13,20,11,9,30,19,11,298,144,154
RANDALL COUNTY,381,58 Years,1732,875,857,1394,705,689,46,28,18,20,11,9,21,10,11,251,121,130
RANDALL COUNTY,381,59 Years,1753,860,893,1387,675,712,59,34,25,25,10,15,21,9,12,261,132,129
RANDALL COUNTY,381,60 Years,1713,839,874,1377,660,717,42,27,15,26,13,13,29,18,11,239,121,118
RANDALL COUNTY,381,61 Years,1717,827,890,1387,655,732,43,23,20,19,10,9,23,13,10,245,126,119
RANDALL COUNTY,381,62 Years,1714,796,918,1400,634,766,30,21,9,22,9,13,22,8,14,240,124,116
RANDALL COUNTY,381,63 Years,1651,795,856,1373,648,725,36,27,9,23,10,13,20,9,11,199,101,98
RANDALL COUNTY,381,64 Years,1657,792,865,1379,656,723,36,15,21,22,12,10,24,12,12,196,97,99
RANDALL COUNTY,381,65 Years,1580,747,833,1330,634,696,23,9,14,17,4,13,21,8,13,189,92,97
RANDALL COUNTY,381,66 Years,1559,729,830,1327,613,714,19,9,10,21,10,11,26,11,15,166,86,80
RANDALL COUNTY,381,67 Years,1488,707,781,1281,606,675,20,11,9,14,6,8,20,12,8,153,72,81
RANDALL COUNTY,381,68 Years,1377,642,735,1170,539,631,19,9,10,17,8,9,19,12,7,152,74,78
RANDALL COUNTY,381,69 Years,1329,616,713,1128,520,608,19,5,14,13,7,6,23,13,10,146,71,75
RANDALL COUNTY,381,70 Years,1268,602,666,1097,512,585,16,6,10,13,6,7,18,9,9,124,69,55
RANDALL COUNTY,381,71 Years,1259,630,629,1107,544,563,14,10,4,12,6,6,20,8,12,106,62,44
RANDALL COUNTY,381,72 Years,1235,575,660,1090,507,583,12,7,5,14,6,8,21,9,12,98,46,52
RANDALL COUNTY,381,73 Years,944,426,518,823,370,453,8,2,6,12,6,6,15,8,7,86,40,46
RANDALL COUNTY,381,74 Years,846,383,463,740,328,412,3,1,2,8,4,4,12,6,6,83,44,39
RANDALL COUNTY,381,75 Years,902,414,488,793,360,433,9,5,4,7,3,4,12,8,4,81,38,43
RANDALL COUNTY,381,76 Years,878,400,478,774,352,422,11,5,6,6,3,3,10,6,4,77,34,43
RANDALL COUNTY,381,77 Years,764,329,435,685,296,389,9,4,5,6,2,4,8,5,3,56,22,34
RANDALL COUNTY,381,78 Years,683,291,392,624,269,355,4,1,3,8,4,4,10,4,6,37,13,24
RANDALL COUNTY,381,79 Years,659,272,387,593,247,346,3,1,2,8,4,4,7,3,4,48,17,31
RANDALL COUNTY,381,80 Years,593,233,360,538,210,328,6,2,4,8,5,3,6,3,3,35,13,22
RANDALL COUNTY,381,81 Years,565,220,345,522,199,323,2,1,1,8,5,3,5,2,3,28,13,15
RANDALL COUNTY,381,82 Years,496,189,307,455,172,283,3,2,1,4,2,2,4,1,3,30,12,18
RANDALL COUNTY,381,83 Years,456,191,265,420,173,247,2,0,2,5,4,1,3,1,2,26,13,13
RANDALL COUNTY,381,84 Years,449,184,265,411,161,250,3,2,1,6,5,1,3,1,2,26,15,11
RANDALL COUNTY,381,85 Years,404,162,242,366,146,220,2,1,1,4,2,2,3,1,2,29,12,17
RANDALL COUNTY,381,86 Years,349,137,212,317,127,190,5,1,4,1,1,0,4,1,3,22,7,15
RANDALL COUNTY,381,87 Years,302,123,179,280,116,164,2,0,2,3,0,3,4,1,3,13,6,7
RANDALL COUNTY,381,88 Years,289,117,172,268,109,159,3,2,1,1,0,1,1,0,1,16,6,10
RANDALL COUNTY,381,89 Years,252,98,154,230,88,142,2,1,1,1,0,1,3,1,2,16,8,8
RANDALL COUNTY,381,90 Years,203,76,127,181,67,114,2,2,0,2,1,1,3,0,3,15,6,9
RANDALL COUNTY,381,91 Years,161,59,102,144,52,92,2,1,1,3,1,2,2,0,2,10,5,5
RANDALL COUNTY,381,92 Years,137,48,89,122,42,80,1,0,1,4,2,2,2,0,2,8,4,4
RANDALL COUNTY,381,93 Years,110,37,73,99,32,67,2,1,1,2,2,0,1,0,1,6,2,4
RANDALL COUNTY,381,94 Years,75,26,49,66,21,45,2,2,0,1,1,0,1,0,1,5,2,3
RANDALL COUNTY,381,95 Years +,172,50,122,149,42,107,3,1,2,3,1,2,2,0,2,15,6,9
REAGAN COUNTY,383,All Ages,3836,2062,1774,1091,545,546,67,42,25,0,0,0,24,14,10,2654,1461,1193
REAGAN COUNTY,383,< 1 Year,49,28,21,6,3,3,0,0,0,0,0,0,0,0,0,43,25,18
REAGAN COUNTY,383,1 Years,48,24,24,6,4,2,0,0,0,0,0,0,0,0,0,42,20,22
REAGAN COUNTY,383,2 Years,55,29,26,6,4,2,0,0,0,0,0,0,0,0,0,49,25,24
REAGAN COUNTY,383,3 Years,64,30,34,8,4,4,0,0,0,0,0,0,0,0,0,56,26,30
REAGAN COUNTY,383,4 Years,61,31,30,7,4,3,2,1,1,0,0,0,0,0,0,52,26,26
REAGAN COUNTY,383,5 Years,66,34,32,7,5,2,1,0,1,0,0,0,0,0,0,58,29,29
REAGAN COUNTY,383,6 Years,60,30,30,7,4,3,1,0,1,0,0,0,0,0,0,52,26,26
REAGAN COUNTY,383,7 Years,63,32,31,8,5,3,0,0,0,0,0,0,0,0,0,55,27,28
REAGAN COUNTY,383,8 Years,52,26,26,7,3,4,0,0,0,0,0,0,0,0,0,45,23,22
REAGAN COUNTY,383,9 Years,54,31,23,7,4,3,0,0,0,0,0,0,1,0,1,46,27,19
REAGAN COUNTY,383,10 Years,64,30,34,6,3,3,0,0,0,0,0,0,2,1,1,56,26,30
REAGAN COUNTY,383,11 Years,63,37,26,8,4,4,0,0,0,0,0,0,1,0,1,54,33,21
REAGAN COUNTY,383,12 Years,66,42,24,11,7,4,2,2,0,0,0,0,1,1,0,52,32,20
REAGAN COUNTY,383,13 Years,60,36,24,12,8,4,0,0,0,0,0,0,1,0,1,47,28,19
REAGAN COUNTY,383,14 Years,54,31,23,8,4,4,0,0,0,0,0,0,0,0,0,46,27,19
REAGAN COUNTY,383,15 Years,57,34,23,7,5,2,1,0,1,0,0,0,0,0,0,49,29,20
REAGAN COUNTY,383,16 Years,77,34,43,8,5,3,1,0,1,0,0,0,1,0,1,67,29,38
REAGAN COUNTY,383,17 Years,62,37,25,8,5,3,0,0,0,0,0,0,2,2,0,52,30,22
REAGAN COUNTY,383,18 Years,58,34,24,8,5,3,2,1,1,0,0,0,1,1,0,47,27,20
REAGAN COUNTY,383,19 Years,48,24,24,7,4,3,1,1,0,0,0,0,0,0,0,40,19,21
REAGAN COUNTY,383,20 Years,49,28,21,7,4,3,0,0,0,0,0,0,0,0,0,42,24,18
REAGAN COUNTY,383,21 Years,50,25,25,9,6,3,2,0,2,0,0,0,0,0,0,39,19,20
REAGAN COUNTY,383,22 Years,64,35,29,10,7,3,0,0,0,0,0,0,0,0,0,54,28,26
REAGAN COUNTY,383,23 Years,60,29,31,9,6,3,3,2,1,0,0,0,0,0,0,48,21,27
REAGAN COUNTY,383,24 Years,55,34,21,9,5,4,1,1,0,0,0,0,0,0,0,45,28,17
REAGAN COUNTY,383,25 Years,46,26,20,8,3,5,0,0,0,0,0,0,1,0,1,37,23,14
REAGAN COUNTY,383,26 Years,49,32,17,11,5,6,2,2,0,0,0,0,0,0,0,36,25,11
REAGAN COUNTY,383,27 Years,60,31,29,20,7,13,1,1,0,0,0,0,0,0,0,39,23,16
REAGAN COUNTY,383,28 Years,39,23,16,9,4,5,2,1,1,0,0,0,0,0,0,28,18,10
REAGAN COUNTY,383,29 Years,46,31,15,7,3,4,1,1,0,0,0,0,0,0,0,38,27,11
REAGAN COUNTY,383,30 Years,41,22,19,10,4,6,0,0,0,0,0,0,0,0,0,31,18,13
REAGAN COUNTY,383,31 Years,45,29,16,13,6,7,0,0,0,0,0,0,0,0,0,32,23,9
REAGAN COUNTY,383,32 Years,38,27,11,12,8,4,1,1,0,0,0,0,0,0,0,25,18,7
REAGAN COUNTY,383,33 Years,46,25,21,13,7,6,1,1,0,0,0,0,0,0,0,32,17,15
REAGAN COUNTY,383,34 Years,48,30,18,22,14,8,1,1,0,0,0,0,0,0,0,25,15,10
REAGAN COUNTY,383,35 Years,50,28,22,14,9,5,1,1,0,0,0,0,0,0,0,35,18,17
REAGAN COUNTY,383,36 Years,49,29,20,14,8,6,1,1,0,0,0,0,0,0,0,34,20,14
REAGAN COUNTY,383,37 Years,50,30,20,12,7,5,2,2,0,0,0,0,0,0,0,36,21,15
REAGAN COUNTY,383,38 Years,46,29,17,11,6,5,3,2,1,0,0,0,0,0,0,32,21,11
REAGAN COUNTY,383,39 Years,39,20,19,11,6,5,0,0,0,0,0,0,0,0,0,28,14,14
REAGAN COUNTY,383,40 Years,42,24,18,10,4,6,0,0,0,0,0,0,2,2,0,30,18,12
REAGAN COUNTY,383,41 Years,47,29,18,9,4,5,1,1,0,0,0,0,0,0,0,37,24,13
REAGAN COUNTY,383,42 Years,52,32,20,12,6,6,1,0,1,0,0,0,1,1,0,38,25,13
REAGAN COUNTY,383,43 Years,49,30,19,8,4,4,0,0,0,0,0,0,1,1,0,40,25,15
REAGAN COUNTY,383,44 Years,50,29,21,11,4,7,0,0,0,0,0,0,0,0,0,39,25,14
REAGAN COUNTY,383,45 Years,36,15,21,7,2,5,0,0,0,0,0,0,0,0,0,29,13,16
REAGAN COUNTY,383,46 Years,44,22,22,7,3,4,0,0,0,0,0,0,0,0,0,37,19,18
REAGAN COUNTY,383,47 Years,47,23,24,9,5,4,1,1,0,0,0,0,0,0,0,37,17,20
REAGAN COUNTY,383,48 Years,47,27,20,11,8,3,0,0,0,0,0,0,0,0,0,36,19,17
REAGAN COUNTY,383,49 Years,48,24,24,17,9,8,3,3,0,0,0,0,2,1,1,26,11,15
REAGAN COUNTY,383,50 Years,51,24,27,19,8,11,1,1,0,0,0,0,0,0,0,31,15,16
REAGAN COUNTY,383,51 Years,45,24,21,18,7,11,0,0,0,0,0,0,0,0,0,27,17,10
REAGAN COUNTY,383,52 Years,42,20,22,17,9,8,0,0,0,0,0,0,1,1,0,24,10,14
REAGAN COUNTY,383,53 Years,42,19,23,14,7,7,1,0,1,0,0,0,0,0,0,27,12,15
REAGAN COUNTY,383,54 Years,38,24,14,15,10,5,1,0,1,0,0,0,0,0,0,22,14,8
REAGAN COUNTY,383,55 Years,43,29,14,19,10,9,0,0,0,0,0,0,0,0,0,24,19,5
REAGAN COUNTY,383,56 Years,44,22,22,21,8,13,1,0,1,0,0,0,0,0,0,22,14,8
REAGAN COUNTY,383,57 Years,49,27,22,25,12,13,1,1,0,0,0,0,0,0,0,23,14,9
REAGAN COUNTY,383,58 Years,51,24,27,28,13,15,0,0,0,0,0,0,0,0,0,23,11,12
REAGAN COUNTY,383,59 Years,45,21,24,22,10,12,0,0,0,0,0,0,0,0,0,23,11,12
REAGAN COUNTY,383,60 Years,41,19,22,22,9,13,1,1,0,0,0,0,0,0,0,18,9,9
REAGAN COUNTY,383,61 Years,48,25,23,24,11,13,2,2,0,0,0,0,0,0,0,22,12,10
REAGAN COUNTY,383,62 Years,48,22,26,24,9,15,1,1,0,0,0,0,1,0,1,22,12,10
REAGAN COUNTY,383,63 Years,46,25,21,19,9,10,0,0,0,0,0,0,0,0,0,27,16,11
REAGAN COUNTY,383,64 Years,46,25,21,23,11,12,1,1,0,0,0,0,1,1,0,21,12,9
REAGAN COUNTY,383,65 Years,37,21,16,22,11,11,1,1,0,0,0,0,0,0,0,14,9,5
REAGAN COUNTY,383,66 Years,33,21,12,16,11,5,0,0,0,0,0,0,0,0,0,17,10,7
REAGAN COUNTY,383,67 Years,27,13,14,14,7,7,1,1,0,0,0,0,0,0,0,12,5,7
REAGAN COUNTY,383,68 Years,35,17,18,18,9,9,1,0,1,0,0,0,1,0,1,15,8,7
REAGAN COUNTY,383,69 Years,29,15,14,14,7,7,0,0,0,0,0,0,0,0,0,15,8,7
REAGAN COUNTY,383,70 Years,21,11,10,8,5,3,0,0,0,0,0,0,0,0,0,13,6,7
REAGAN COUNTY,383,71 Years,26,12,14,10,4,6,1,1,0,0,0,0,0,0,0,15,7,8
REAGAN COUNTY,383,72 Years,33,13,20,13,5,8,1,1,0,0,0,0,1,0,1,18,7,11
REAGAN COUNTY,383,73 Years,25,10,15,13,5,8,1,0,1,0,0,0,0,0,0,11,5,6
REAGAN COUNTY,383,74 Years,20,12,8,9,5,4,1,0,1,0,0,0,0,0,0,10,7,3
REAGAN COUNTY,383,75 Years,15,8,7,8,5,3,0,0,0,0,0,0,0,0,0,7,3,4
REAGAN COUNTY,383,76 Years,17,7,10,12,5,7,0,0,0,0,0,0,0,0,0,5,2,3
REAGAN COUNTY,383,77 Years,15,7,8,10,4,6,0,0,0,0,0,0,0,0,0,5,3,2
REAGAN COUNTY,383,78 Years,20,8,12,9,5,4,0,0,0,0,0,0,0,0,0,11,3,8
REAGAN COUNTY,383,79 Years,18,8,10,11,5,6,0,0,0,0,0,0,0,0,0,7,3,4
REAGAN COUNTY,383,80 Years,15,7,8,10,5,5,1,0,1,0,0,0,0,0,0,4,2,2
REAGAN COUNTY,383,81 Years,18,12,6,8,4,4,1,1,0,0,0,0,1,1,0,8,6,2
REAGAN COUNTY,383,82 Years,16,8,8,10,4,6,1,1,0,0,0,0,0,0,0,5,3,2
REAGAN COUNTY,383,83 Years,16,8,8,10,4,6,2,1,1,0,0,0,1,1,0,3,2,1
REAGAN COUNTY,383,84 Years,13,6,7,9,4,5,1,0,1,0,0,0,0,0,0,3,2,1
REAGAN COUNTY,383,85 Years,14,6,8,10,4,6,0,0,0,0,0,0,0,0,0,4,2,2
REAGAN COUNTY,383,86 Years,11,5,6,7,3,4,0,0,0,0,0,0,0,0,0,4,2,2
REAGAN COUNTY,383,87 Years,10,4,6,8,3,5,0,0,0,0,0,0,0,0,0,2,1,1
REAGAN COUNTY,383,88 Years,10,4,6,6,3,3,1,0,1,0,0,0,0,0,0,3,1,2
REAGAN COUNTY,383,89 Years,11,3,8,7,3,4,1,0,1,0,0,0,0,0,0,3,0,3
REAGAN COUNTY,383,90 Years,5,1,4,4,1,3,0,0,0,0,0,0,0,0,0,1,0,1
REAGAN COUNTY,383,91 Years,5,3,2,4,2,2,0,0,0,0,0,0,0,0,0,1,1,0
REAGAN COUNTY,383,92 Years,8,3,5,5,2,3,1,0,1,0,0,0,0,0,0,2,1,1
REAGAN COUNTY,383,93 Years,5,2,3,3,1,2,0,0,0,0,0,0,0,0,0,2,1,1
REAGAN COUNTY,383,94 Years,5,2,3,2,0,2,1,1,0,0,0,0,0,0,0,2,1,1
REAGAN COUNTY,383,95 Years +,11,3,8,7,2,5,1,0,1,0,0,0,0,0,0,3,1,2
REAL COUNTY,385,All Ages,3499,1748,1751,2418,1191,1227,19,8,11,3,1,2,76,38,38,983,510,473
REAL COUNTY,385,< 1 Year,41,24,17,22,12,10,0,0,0,0,0,0,1,1,0,18,11,7
REAL COUNTY,385,1 Years,40,22,18,22,11,11,0,0,0,0,0,0,0,0,0,18,11,7
REAL COUNTY,385,2 Years,43,24,19,23,13,10,0,0,0,0,0,0,1,1,0,19,10,9
REAL COUNTY,385,3 Years,46,24,22,27,14,13,0,0,0,0,0,0,0,0,0,19,10,9
REAL COUNTY,385,4 Years,47,25,22,28,15,13,0,0,0,0,0,0,1,1,0,18,9,9
REAL COUNTY,385,5 Years,45,22,23,29,15,14,0,0,0,0,0,0,0,0,0,16,7,9
REAL COUNTY,385,6 Years,40,20,20,25,13,12,0,0,0,0,0,0,0,0,0,15,7,8
REAL COUNTY,385,7 Years,41,21,20,27,15,12,0,0,0,0,0,0,0,0,0,14,6,8
REAL COUNTY,385,8 Years,42,22,20,28,16,12,0,0,0,0,0,0,0,0,0,14,6,8
REAL COUNTY,385,9 Years,39,24,15,25,18,7,0,0,0,0,0,0,0,0,0,14,6,8
REAL COUNTY,385,10 Years,34,19,15,15,9,6,0,0,0,0,0,0,0,0,0,19,10,9
REAL COUNTY,385,11 Years,32,16,16,17,8,9,0,0,0,0,0,0,1,0,1,14,8,6
REAL COUNTY,385,12 Years,31,11,20,16,6,10,0,0,0,0,0,0,2,0,2,13,5,8
REAL COUNTY,385,13 Years,35,16,19,19,9,10,0,0,0,0,0,0,2,0,2,14,7,7
REAL COUNTY,385,14 Years,27,15,12,14,7,7,1,0,1,0,0,0,2,2,0,10,6,4
REAL COUNTY,385,15 Years,34,18,16,17,10,7,0,0,0,0,0,0,1,0,1,16,8,8
REAL COUNTY,385,16 Years,35,22,13,20,16,4,0,0,0,0,0,0,1,0,1,14,6,8
REAL COUNTY,385,17 Years,28,12,16,18,8,10,0,0,0,0,0,0,0,0,0,10,4,6
REAL COUNTY,385,18 Years,31,16,15,20,9,11,1,0,1,0,0,0,0,0,0,10,7,3
REAL COUNTY,385,19 Years,25,12,13,16,7,9,1,0,1,0,0,0,0,0,0,8,5,3
REAL COUNTY,385,20 Years,30,17,13,15,6,9,0,0,0,0,0,0,0,0,0,15,11,4
REAL COUNTY,385,21 Years,33,16,17,18,9,9,1,0,1,1,1,0,1,1,0,12,5,7
REAL COUNTY,385,22 Years,46,23,23,22,12,10,0,0,0,0,0,0,1,1,0,23,10,13
REAL COUNTY,385,23 Years,38,16,22,18,9,9,0,0,0,0,0,0,1,0,1,19,7,12
REAL COUNTY,385,24 Years,42,23,19,23,13,10,2,1,1,0,0,0,3,2,1,14,7,7
REAL COUNTY,385,25 Years,60,33,27,36,22,14,6,3,3,0,0,0,1,1,0,17,7,10
REAL COUNTY,385,26 Years,57,27,30,30,13,17,2,0,2,0,0,0,2,2,0,23,12,11
REAL COUNTY,385,27 Years,44,21,23,23,9,14,1,1,0,0,0,0,7,5,2,13,6,7
REAL COUNTY,385,28 Years,39,24,15,24,15,9,0,0,0,0,0,0,3,1,2,12,8,4
REAL COUNTY,385,29 Years,31,16,15,23,13,10,0,0,0,0,0,0,1,0,1,7,3,4
REAL COUNTY,385,30 Years,21,8,13,13,5,8,0,0,0,0,0,0,1,0,1,7,3,4
REAL COUNTY,385,31 Years,24,12,12,15,7,8,0,0,0,0,0,0,1,1,0,8,4,4
REAL COUNTY,385,32 Years,22,11,11,12,6,6,0,0,0,0,0,0,0,0,0,10,5,5
REAL COUNTY,385,33 Years,20,10,10,13,8,5,0,0,0,0,0,0,0,0,0,7,2,5
REAL COUNTY,385,34 Years,24,14,10,14,11,3,0,0,0,0,0,0,0,0,0,10,3,7
REAL COUNTY,385,35 Years,26,8,18,14,6,8,0,0,0,0,0,0,0,0,0,12,2,10
REAL COUNTY,385,36 Years,28,13,15,15,6,9,0,0,0,0,0,0,1,0,1,12,7,5
REAL COUNTY,385,37 Years,28,14,14,16,8,8,0,0,0,0,0,0,1,0,1,11,6,5
REAL COUNTY,385,38 Years,21,12,9,12,6,6,0,0,0,0,0,0,0,0,0,9,6,3
REAL COUNTY,385,39 Years,22,11,11,16,6,10,0,0,0,0,0,0,0,0,0,6,5,1
REAL COUNTY,385,40 Years,20,14,6,14,10,4,0,0,0,0,0,0,0,0,0,6,4,2
REAL COUNTY,385,41 Years,24,13,11,17,9,8,0,0,0,0,0,0,1,0,1,6,4,2
REAL COUNTY,385,42 Years,26,12,14,15,6,9,0,0,0,0,0,0,1,0,1,10,6,4
REAL COUNTY,385,43 Years,28,13,15,20,10,10,0,0,0,0,0,0,0,0,0,8,3,5
REAL COUNTY,385,44 Years,34,18,16,23,12,11,0,0,0,0,0,0,0,0,0,11,6,5
REAL COUNTY,385,45 Years,25,13,12,17,9,8,0,0,0,0,0,0,0,0,0,8,4,4
REAL COUNTY,385,46 Years,31,9,22,22,7,15,0,0,0,0,0,0,0,0,0,9,2,7
REAL COUNTY,385,47 Years,25,12,13,20,10,10,0,0,0,0,0,0,0,0,0,5,2,3
REAL COUNTY,385,48 Years,30,19,11,20,12,8,0,0,0,0,0,0,0,0,0,10,7,3
REAL COUNTY,385,49 Years,38,16,22,25,10,15,0,0,0,0,0,0,4,1,3,9,5,4
REAL COUNTY,385,50 Years,28,17,11,20,12,8,0,0,0,0,0,0,2,1,1,6,4,2
REAL COUNTY,385,51 Years,43,22,21,35,16,19,0,0,0,0,0,0,2,2,0,6,4,2
REAL COUNTY,385,52 Years,40,20,20,29,13,16,0,0,0,0,0,0,0,0,0,11,7,4
REAL COUNTY,385,53 Years,30,12,18,21,7,14,0,0,0,0,0,0,0,0,0,9,5,4
REAL COUNTY,385,54 Years,35,16,19,27,12,15,1,1,0,0,0,0,1,0,1,6,3,3
REAL COUNTY,385,55 Years,43,21,22,28,14,14,0,0,0,0,0,0,1,0,1,14,7,7
REAL COUNTY,385,56 Years,60,26,34,44,15,29,0,0,0,0,0,0,2,2,0,14,9,5
REAL COUNTY,385,57 Years,52,31,21,37,20,17,0,0,0,0,0,0,2,1,1,13,10,3
REAL COUNTY,385,58 Years,42,20,22,34,15,19,0,0,0,0,0,0,0,0,0,8,5,3
REAL COUNTY,385,59 Years,54,27,27,43,21,22,0,0,0,0,0,0,1,1,0,10,5,5
REAL COUNTY,385,60 Years,46,20,26,33,13,20,1,0,1,0,0,0,1,1,0,11,6,5
REAL COUNTY,385,61 Years,49,27,22,37,20,17,0,0,0,1,0,1,2,1,1,9,6,3
REAL COUNTY,385,62 Years,48,32,16,41,27,14,0,0,0,1,0,1,0,0,0,6,5,1
REAL COUNTY,385,63 Years,55,30,25,48,25,23,0,0,0,0,0,0,0,0,0,7,5,2
REAL COUNTY,385,64 Years,66,36,30,55,30,25,0,0,0,0,0,0,0,0,0,11,6,5
REAL COUNTY,385,65 Years,57,25,32,47,21,26,0,0,0,0,0,0,0,0,0,10,4,6
REAL COUNTY,385,66 Years,51,21,30,45,18,27,1,1,0,0,0,0,0,0,0,5,2,3
REAL COUNTY,385,67 Years,44,20,24,38,18,20,0,0,0,0,0,0,0,0,0,6,2,4
REAL COUNTY,385,68 Years,54,22,32,47,19,28,0,0,0,0,0,0,0,0,0,7,3,4
REAL COUNTY,385,69 Years,60,23,37,47,15,32,0,0,0,0,0,0,0,0,0,13,8,5
REAL COUNTY,385,70 Years,69,33,36,52,23,29,0,0,0,0,0,0,2,2,0,15,8,7
REAL COUNTY,385,71 Years,67,30,37,49,22,27,0,0,0,0,0,0,1,0,1,17,8,9
REAL COUNTY,385,72 Years,67,34,33,56,28,28,0,0,0,0,0,0,0,0,0,11,6,5
REAL COUNTY,385,73 Years,56,26,30,48,20,28,0,0,0,0,0,0,2,2,0,6,4,2
REAL COUNTY,385,74 Years,63,34,29,44,23,21,0,0,0,0,0,0,1,1,0,18,10,8
REAL COUNTY,385,75 Years,60,29,31,45,22,23,0,0,0,0,0,0,1,1,0,14,6,8
REAL COUNTY,385,76 Years,49,21,28,41,18,23,0,0,0,0,0,0,2,0,2,6,3,3
REAL COUNTY,385,77 Years,42,20,22,34,18,16,0,0,0,0,0,0,1,0,1,7,2,5
REAL COUNTY,385,78 Years,42,21,21,37,19,18,0,0,0,0,0,0,0,0,0,5,2,3
REAL COUNTY,385,79 Years,40,19,21,32,16,16,0,0,0,0,0,0,0,0,0,8,3,5
REAL COUNTY,385,80 Years,38,17,21,30,13,17,0,0,0,0,0,0,2,1,1,6,3,3
REAL COUNTY,385,81 Years,39,20,19,28,13,15,0,0,0,0,0,0,3,1,2,8,6,2
REAL COUNTY,385,82 Years,36,20,16,27,16,11,0,0,0,0,0,0,1,0,1,8,4,4
REAL COUNTY,385,83 Years,38,22,16,29,17,12,0,0,0,0,0,0,2,1,1,7,4,3
REAL COUNTY,385,84 Years,29,19,10,23,14,9,0,0,0,0,0,0,0,0,0,6,5,1
REAL COUNTY,385,85 Years,22,8,14,16,7,9,0,0,0,0,0,0,1,0,1,5,1,4
REAL COUNTY,385,86 Years,15,7,8,11,5,6,0,0,0,0,0,0,0,0,0,4,2,2
REAL COUNTY,385,87 Years,15,9,6,11,6,5,0,0,0,0,0,0,0,0,0,4,3,1
REAL COUNTY,385,88 Years,14,5,9,10,4,6,0,0,0,0,0,0,0,0,0,4,1,3
REAL COUNTY,385,89 Years,13,7,6,9,4,5,0,0,0,0,0,0,0,0,0,4,3,1
REAL COUNTY,385,90 Years,12,6,6,8,4,4,0,0,0,0,0,0,0,0,0,4,2,2
REAL COUNTY,385,91 Years,8,5,3,6,3,3,0,0,0,0,0,0,0,0,0,2,2,0
REAL COUNTY,385,92 Years,6,2,4,5,2,3,0,0,0,0,0,0,1,0,1,0,0,0
REAL COUNTY,385,93 Years,6,4,2,4,2,2,1,1,0,0,0,0,0,0,0,1,1,0
REAL COUNTY,385,94 Years,6,3,3,3,2,1,0,0,0,0,0,0,0,0,0,3,1,2
REAL COUNTY,385,95 Years +,17,6,11,11,3,8,0,0,0,0,0,0,0,0,0,6,3,3
RED RIVER COUNTY,387,All Ages,11649,5685,5964,8275,4017,4258,2060,979,1081,28,19,9,411,212,199,875,458,417
RED RIVER COUNTY,387,< 1 Year,136,73,63,85,45,40,19,10,9,0,0,0,21,13,8,11,5,6
RED RIVER COUNTY,387,1 Years,133,71,62,84,44,40,20,10,10,0,0,0,21,13,8,8,4,4
RED RIVER COUNTY,387,2 Years,133,67,66,83,42,41,22,12,10,0,0,0,20,9,11,8,4,4
RED RIVER COUNTY,387,3 Years,131,67,64,84,43,41,23,11,12,0,0,0,15,8,7,9,5,4
RED RIVER COUNTY,387,4 Years,135,63,72,89,40,49,22,11,11,1,0,1,14,8,6,9,4,5
RED RIVER COUNTY,387,5 Years,146,73,73,98,45,53,22,13,9,2,2,0,15,8,7,9,5,4
RED RIVER COUNTY,387,6 Years,154,73,81,98,42,56,28,16,12,1,1,0,18,10,8,9,4,5
RED RIVER COUNTY,387,7 Years,149,71,78,92,42,50,29,15,14,1,1,0,17,9,8,10,4,6
RED RIVER COUNTY,387,8 Years,140,69,71,87,42,45,29,15,14,0,0,0,14,8,6,10,4,6
RED RIVER COUNTY,387,9 Years,136,62,74,93,40,53,23,11,12,0,0,0,11,3,8,9,8,1
RED RIVER COUNTY,387,10 Years,123,61,62,74,36,38,24,11,13,1,1,0,9,5,4,15,8,7
RED RIVER COUNTY,387,11 Years,137,65,72,81,37,44,27,14,13,1,1,0,9,5,4,19,8,11
RED RIVER COUNTY,387,12 Years,128,64,64,74,37,37,27,14,13,0,0,0,7,4,3,20,9,11
RED RIVER COUNTY,387,13 Years,130,71,59,78,41,37,26,14,12,0,0,0,5,3,2,21,13,8
RED RIVER COUNTY,387,14 Years,114,61,53,68,37,31,18,8,10,0,0,0,7,5,2,21,11,10
RED RIVER COUNTY,387,15 Years,113,61,52,71,39,32,23,14,9,0,0,0,3,2,1,16,6,10
RED RIVER COUNTY,387,16 Years,122,66,56,70,39,31,28,16,12,0,0,0,3,1,2,21,10,11
RED RIVER COUNTY,387,17 Years,115,65,50,67,37,30,25,16,9,0,0,0,4,3,1,19,9,10
RED RIVER COUNTY,387,18 Years,113,62,51,64,36,28,24,14,10,0,0,0,5,2,3,20,10,10
RED RIVER COUNTY,387,19 Years,104,60,44,60,35,25,24,13,11,1,1,0,6,3,3,13,8,5
RED RIVER COUNTY,387,20 Years,104,60,44,60,32,28,25,17,8,1,0,1,5,2,3,13,9,4
RED RIVER COUNTY,387,21 Years,103,55,48,58,31,27,19,9,10,0,0,0,7,3,4,19,12,7
RED RIVER COUNTY,387,22 Years,107,52,55,64,32,32,22,10,12,0,0,0,5,2,3,16,8,8
RED RIVER COUNTY,387,23 Years,122,67,55,72,39,33,36,21,15,0,0,0,1,0,1,13,7,6
RED RIVER COUNTY,387,24 Years,126,73,53,77,45,32,31,18,13,0,0,0,3,1,2,15,9,6
RED RIVER COUNTY,387,25 Years,134,77,57,78,43,35,30,18,12,0,0,0,6,4,2,20,12,8
RED RIVER COUNTY,387,26 Years,136,74,62,80,46,34,30,15,15,0,0,0,6,3,3,20,10,10
RED RIVER COUNTY,387,27 Years,152,72,80,91,45,46,38,16,22,0,0,0,5,2,3,18,9,9
RED RIVER COUNTY,387,28 Years,139,61,78,93,42,51,24,12,12,0,0,0,6,3,3,16,4,12
RED RIVER COUNTY,387,29 Years,134,62,72,93,46,47,28,11,17,0,0,0,3,1,2,10,4,6
RED RIVER COUNTY,387,30 Years,130,65,65,84,43,41,33,15,18,1,1,0,3,2,1,9,4,5
RED RIVER COUNTY,387,31 Years,133,62,71,86,39,47,31,16,15,0,0,0,3,1,2,13,6,7
RED RIVER COUNTY,387,32 Years,124,63,61,81,41,40,28,14,14,0,0,0,3,1,2,12,7,5
RED RIVER COUNTY,387,33 Years,121,65,56,82,46,36,24,11,13,0,0,0,2,1,1,13,7,6
RED RIVER COUNTY,387,34 Years,121,54,67,84,34,50,21,8,13,0,0,0,3,3,0,13,9,4
RED RIVER COUNTY,387,35 Years,116,61,55,79,40,39,18,10,8,1,1,0,3,3,0,15,7,8
RED RIVER COUNTY,387,36 Years,125,65,60,89,48,41,16,7,9,1,0,1,3,2,1,16,8,8
RED RIVER COUNTY,387,37 Years,125,54,71,91,38,53,18,7,11,0,0,0,1,1,0,15,8,7
RED RIVER COUNTY,387,38 Years,133,69,64,96,52,44,26,10,16,0,0,0,1,1,0,10,6,4
RED RIVER COUNTY,387,39 Years,129,62,67,98,49,49,20,8,12,0,0,0,1,0,1,10,5,5
RED RIVER COUNTY,387,40 Years,106,54,52,78,38,40,18,11,7,0,0,0,3,1,2,7,4,3
RED RIVER COUNTY,387,41 Years,126,59,67,94,44,50,18,7,11,0,0,0,2,1,1,12,7,5
RED RIVER COUNTY,387,42 Years,122,63,59,97,51,46,13,5,8,0,0,0,0,0,0,12,7,5
RED RIVER COUNTY,387,43 Years,112,69,43,84,53,31,15,7,8,1,1,0,2,2,0,10,6,4
RED RIVER COUNTY,387,44 Years,116,64,52,88,49,39,19,9,10,1,1,0,0,0,0,8,5,3
RED RIVER COUNTY,387,45 Years,108,54,54,82,42,40,13,7,6,0,0,0,0,0,0,13,5,8
RED RIVER COUNTY,387,46 Years,121,62,59,88,45,43,22,14,8,0,0,0,2,0,2,9,3,6
RED RIVER COUNTY,387,47 Years,144,72,72,108,52,56,23,12,11,0,0,0,2,1,1,11,7,4
RED RIVER COUNTY,387,48 Years,162,79,83,122,61,61,30,14,16,1,0,1,3,1,2,6,3,3
RED RIVER COUNTY,387,49 Years,138,63,75,92,43,49,27,11,16,1,0,1,2,2,0,16,7,9
RED RIVER COUNTY,387,50 Years,126,69,57,89,53,36,19,6,13,0,0,0,4,2,2,14,8,6
RED RIVER COUNTY,387,51 Years,146,69,77,100,50,50,25,8,17,0,0,0,5,2,3,16,9,7
RED RIVER COUNTY,387,52 Years,146,60,86,103,45,58,29,10,19,0,0,0,3,0,3,11,5,6
RED RIVER COUNTY,387,53 Years,145,68,77,98,46,52,36,15,21,0,0,0,3,1,2,8,6,2
RED RIVER COUNTY,387,54 Years,143,68,75,107,52,55,25,11,14,0,0,0,3,1,2,8,4,4
RED RIVER COUNTY,387,55 Years,153,74,79,118,55,63,24,11,13,0,0,0,3,2,1,8,6,2
RED RIVER COUNTY,387,56 Years,178,83,95,130,63,67,36,13,23,0,0,0,3,1,2,9,6,3
RED RIVER COUNTY,387,57 Years,166,76,90,118,52,66,31,15,16,1,1,0,5,2,3,11,6,5
RED RIVER COUNTY,387,58 Years,161,75,86,118,54,64,30,13,17,1,1,0,3,1,2,9,6,3
RED RIVER COUNTY,387,59 Years,172,82,90,125,62,63,34,14,20,2,1,1,1,0,1,10,5,5
RED RIVER COUNTY,387,60 Years,181,81,100,130,58,72,37,16,21,2,1,1,3,2,1,9,4,5
RED RIVER COUNTY,387,61 Years,175,74,101,127,55,72,37,15,22,1,0,1,3,1,2,7,3,4
RED RIVER COUNTY,387,62 Years,161,71,90,123,53,70,33,15,18,0,0,0,3,2,1,2,1,1
RED RIVER COUNTY,387,63 Years,163,80,83,128,61,67,27,14,13,0,0,0,4,3,1,4,2,2
RED RIVER COUNTY,387,64 Years,170,90,80,135,70,65,26,15,11,0,0,0,3,2,1,6,3,3
RED RIVER COUNTY,387,65 Years,181,97,84,146,82,64,25,12,13,0,0,0,3,0,3,7,3,4
RED RIVER COUNTY,387,66 Years,169,78,91,133,63,70,26,10,16,0,0,0,2,0,2,8,5,3
RED RIVER COUNTY,387,67 Years,153,70,83,121,55,66,24,9,15,1,1,0,1,1,0,6,4,2
RED RIVER COUNTY,387,68 Years,167,85,82,131,69,62,27,12,15,0,0,0,5,3,2,4,1,3
RED RIVER COUNTY,387,69 Years,151,78,73,124,62,62,20,12,8,0,0,0,3,2,1,4,2,2
RED RIVER COUNTY,387,70 Years,146,77,69,118,61,57,23,13,10,1,0,1,1,1,0,3,2,1
RED RIVER COUNTY,387,71 Years,154,67,87,127,54,73,22,10,12,0,0,0,2,2,0,3,1,2
RED RIVER COUNTY,387,72 Years,168,72,96,140,60,80,22,9,13,0,0,0,3,0,3,3,3,0
RED RIVER COUNTY,387,73 Years,147,59,88,123,48,75,18,8,10,0,0,0,3,2,1,3,1,2
RED RIVER COUNTY,387,74 Years,140,63,77,114,49,65,19,9,10,0,0,0,1,1,0,6,4,2
RED RIVER COUNTY,387,75 Years,150,71,79,128,62,66,17,7,10,1,1,0,2,0,2,2,1,1
RED RIVER COUNTY,387,76 Years,127,62,65,103,51,52,17,7,10,1,1,0,4,2,2,2,1,1
RED RIVER COUNTY,387,77 Years,106,49,57,89,41,48,12,5,7,0,0,0,3,2,1,2,1,1
RED RIVER COUNTY,387,78 Years,114,50,64,96,42,54,14,6,8,0,0,0,2,0,2,2,2,0
RED RIVER COUNTY,387,79 Years,91,40,51,73,33,40,14,6,8,0,0,0,1,0,1,3,1,2
RED RIVER COUNTY,387,80 Years,94,41,53,78,35,43,12,5,7,0,0,0,3,0,3,1,1,0
RED RIVER COUNTY,387,81 Years,86,42,44,72,35,37,11,5,6,0,0,0,1,1,0,2,1,1
RED RIVER COUNTY,387,82 Years,73,31,42,62,26,36,9,4,5,0,0,0,1,1,0,1,0,1
RED RIVER COUNTY,387,83 Years,69,29,40,57,24,33,10,4,6,0,0,0,2,1,1,0,0,0
RED RIVER COUNTY,387,84 Years,61,27,34,48,21,27,10,4,6,0,0,0,1,1,0,2,1,1
RED RIVER COUNTY,387,85 Years,54,25,29,43,19,24,8,4,4,0,0,0,1,1,0,2,1,1
RED RIVER COUNTY,387,86 Years,50,21,29,42,16,26,5,2,3,0,0,0,1,1,0,2,2,0
RED RIVER COUNTY,387,87 Years,38,13,25,32,12,20,6,1,5,0,0,0,0,0,0,0,0,0
RED RIVER COUNTY,387,88 Years,37,15,22,28,12,16,8,3,5,0,0,0,1,0,1,0,0,0
RED RIVER COUNTY,387,89 Years,35,13,22,28,9,19,5,3,2,0,0,0,1,1,0,1,0,1
RED RIVER COUNTY,387,90 Years,28,10,18,21,7,14,5,2,3,0,0,0,1,1,0,1,0,1
RED RIVER COUNTY,387,91 Years,29,10,19,22,9,13,5,1,4,0,0,0,1,0,1,1,0,1
RED RIVER COUNTY,387,92 Years,19,9,10,14,7,7,3,1,2,0,0,0,1,0,1,1,1,0
RED RIVER COUNTY,387,93 Years,15,7,8,11,5,6,4,2,2,0,0,0,0,0,0,0,0,0
RED RIVER COUNTY,387,94 Years,13,4,9,11,4,7,2,0,2,0,0,0,0,0,0,0,0,0
RED RIVER COUNTY,387,95 Years +,37,13,24,22,7,15,9,4,5,1,1,0,1,0,1,4,1,3
REEVES COUNTY,389,All Ages,16154,9623,6531,2821,1871,950,737,635,102,130,86,44,91,48,43,12375,6983,5392
REEVES COUNTY,389,< 1 Year,212,95,117,19,7,12,0,0,0,0,0,0,0,0,0,193,88,105
REEVES COUNTY,389,1 Years,212,98,114,20,8,12,0,0,0,0,0,0,1,0,1,191,90,101
REEVES COUNTY,389,2 Years,207,97,110,16,7,9,0,0,0,1,0,1,2,1,1,188,89,99
REEVES COUNTY,389,3 Years,217,105,112,19,8,11,5,2,3,1,0,1,4,2,2,188,93,95
REEVES COUNTY,389,4 Years,221,106,115,19,7,12,5,2,3,1,0,1,2,1,1,194,96,98
REEVES COUNTY,389,5 Years,218,106,112,19,8,11,5,4,1,2,0,2,2,1,1,190,93,97
REEVES COUNTY,389,6 Years,202,98,104,15,6,9,3,2,1,1,0,1,2,1,1,181,89,92
REEVES COUNTY,389,7 Years,188,93,95,16,6,10,3,2,1,1,1,0,2,1,1,166,83,83
REEVES COUNTY,389,8 Years,177,94,83,16,8,8,0,0,0,1,1,0,3,2,1,157,83,74
REEVES COUNTY,389,9 Years,177,94,83,14,9,5,1,1,0,1,1,0,2,1,1,159,82,77
REEVES COUNTY,389,10 Years,189,102,87,14,7,7,2,2,0,0,0,0,2,1,1,171,92,79
REEVES COUNTY,389,11 Years,216,108,108,20,7,13,3,1,2,1,1,0,2,1,1,190,98,92
REEVES COUNTY,389,12 Years,207,101,106,21,8,13,3,2,1,2,2,0,2,1,1,179,88,91
REEVES COUNTY,389,13 Years,173,91,82,17,8,9,2,2,0,2,2,0,1,1,0,151,78,73
REEVES COUNTY,389,14 Years,152,83,69,16,6,10,0,0,0,1,1,0,1,1,0,134,75,59
REEVES COUNTY,389,15 Years,182,102,80,18,6,12,2,2,0,1,1,0,1,1,0,160,92,68
REEVES COUNTY,389,16 Years,186,106,80,19,8,11,2,1,1,2,2,0,1,0,1,162,95,67
REEVES COUNTY,389,17 Years,189,108,81,22,11,11,1,0,1,7,6,1,1,1,0,158,90,68
REEVES COUNTY,389,18 Years,197,115,82,26,15,11,3,2,1,3,3,0,1,1,0,164,94,70
REEVES COUNTY,389,19 Years,193,113,80,23,17,6,7,6,1,2,1,1,0,0,0,161,89,72
REEVES COUNTY,389,20 Years,287,206,81,59,49,10,16,15,1,3,2,1,2,1,1,207,139,68
REEVES COUNTY,389,21 Years,237,160,77,27,22,5,19,16,3,3,2,1,2,2,0,186,118,68
REEVES COUNTY,389,22 Years,236,145,91,26,19,7,8,5,3,1,1,0,1,1,0,200,119,81
REEVES COUNTY,389,23 Years,296,198,98,56,49,7,26,23,3,1,1,0,0,0,0,213,125,88
REEVES COUNTY,389,24 Years,386,278,108,88,79,9,29,26,3,3,2,1,1,1,0,265,170,95
REEVES COUNTY,389,25 Years,317,201,116,53,41,12,9,9,0,3,1,2,4,3,1,248,147,101
REEVES COUNTY,389,26 Years,300,211,89,46,37,9,17,16,1,2,0,2,1,1,0,234,157,77
REEVES COUNTY,389,27 Years,261,173,88,27,21,6,11,9,2,1,0,1,2,1,1,220,142,78
REEVES COUNTY,389,28 Years,302,210,92,50,43,7,17,15,2,2,1,1,1,0,1,232,151,81
REEVES COUNTY,389,29 Years,261,165,96,24,18,6,19,18,1,3,2,1,1,0,1,214,127,87
REEVES COUNTY,389,30 Years,207,118,89,17,11,6,9,9,0,3,2,1,1,0,1,177,96,81
REEVES COUNTY,389,31 Years,368,293,75,108,101,7,37,37,0,3,3,0,1,0,1,219,152,67
REEVES COUNTY,389,32 Years,220,153,67,29,22,7,21,21,0,1,1,0,0,0,0,169,109,60
REEVES COUNTY,389,33 Years,369,297,72,75,65,10,44,44,0,3,3,0,0,0,0,247,185,62
REEVES COUNTY,389,34 Years,237,158,79,29,19,10,11,9,2,2,2,0,1,0,1,194,128,66
REEVES COUNTY,389,35 Years,267,182,85,40,32,8,17,16,1,3,2,1,0,0,0,207,132,75
REEVES COUNTY,389,36 Years,276,185,91,48,37,11,18,16,2,3,3,0,0,0,0,207,129,78
REEVES COUNTY,389,37 Years,339,257,82,73,64,9,23,22,1,1,1,0,0,0,0,242,170,72
REEVES COUNTY,389,38 Years,340,260,80,78,65,13,26,24,2,2,2,0,2,2,0,232,167,65
REEVES COUNTY,389,39 Years,191,117,74,29,21,8,9,7,2,1,1,0,1,1,0,151,87,64
REEVES COUNTY,389,40 Years,283,199,84,39,29,10,27,23,4,5,5,0,1,1,0,211,141,70
REEVES COUNTY,389,41 Years,255,173,82,45,37,8,21,20,1,4,3,1,0,0,0,185,113,72
REEVES COUNTY,389,42 Years,265,189,76,50,40,10,27,25,2,4,3,1,1,1,0,183,120,63
REEVES COUNTY,389,43 Years,181,110,71,26,21,5,9,8,1,1,1,0,0,0,0,145,80,65
REEVES COUNTY,389,44 Years,151,98,53,28,22,6,10,9,1,2,2,0,1,1,0,110,64,46
REEVES COUNTY,389,45 Years,151,84,67,19,12,7,8,6,2,2,1,1,0,0,0,122,65,57
REEVES COUNTY,389,46 Years,225,162,63,41,37,4,19,17,2,2,0,2,1,0,1,162,108,54
REEVES COUNTY,389,47 Years,232,158,74,30,26,4,15,15,0,2,1,1,2,2,0,183,114,69
REEVES COUNTY,389,48 Years,197,134,63,41,36,5,14,12,2,2,1,1,0,0,0,140,85,55
REEVES COUNTY,389,49 Years,229,159,70,49,43,6,20,19,1,3,2,1,1,1,0,156,94,62
REEVES COUNTY,389,50 Years,148,87,61,20,11,9,5,5,0,2,0,2,0,0,0,121,71,50
REEVES COUNTY,389,51 Years,169,108,61,37,23,14,9,9,0,1,0,1,2,2,0,120,74,46
REEVES COUNTY,389,52 Years,152,95,57,29,20,9,8,7,1,1,1,0,0,0,0,114,67,47
REEVES COUNTY,389,53 Years,145,82,63,28,17,11,9,8,1,1,0,1,2,2,0,105,55,50
REEVES COUNTY,389,54 Years,128,53,75,24,11,13,4,2,2,1,0,1,0,0,0,99,40,59
REEVES COUNTY,389,55 Years,163,75,88,28,17,11,5,5,0,1,0,1,1,0,1,128,53,75
REEVES COUNTY,389,56 Years,155,82,73,26,17,9,6,6,0,1,0,1,1,1,0,121,58,63
REEVES COUNTY,389,57 Years,145,81,64,33,19,14,5,4,1,1,0,1,0,0,0,106,58,48
REEVES COUNTY,389,58 Years,175,105,70,39,27,12,9,7,2,1,1,0,2,1,1,124,69,55
REEVES COUNTY,389,59 Years,145,75,70,29,13,16,5,3,2,1,1,0,1,0,1,109,58,51
REEVES COUNTY,389,60 Years,140,77,63,39,21,18,5,4,1,0,0,0,1,0,1,95,52,43
REEVES COUNTY,389,61 Years,149,85,64,42,26,16,7,5,2,0,0,0,1,0,1,99,54,45
REEVES COUNTY,389,62 Years,153,74,79,41,22,19,8,5,3,0,0,0,3,0,3,101,47,54
REEVES COUNTY,389,63 Years,141,60,81,31,15,16,4,2,2,2,0,2,0,0,0,104,43,61
REEVES COUNTY,389,64 Years,134,51,83,35,15,20,4,1,3,2,2,0,1,0,1,92,33,59
REEVES COUNTY,389,65 Years,145,79,66,44,25,19,5,3,2,2,2,0,0,0,0,94,49,45
REEVES COUNTY,389,66 Years,132,70,62,33,21,12,2,1,1,1,1,0,0,0,0,96,47,49
REEVES COUNTY,389,67 Years,120,62,58,32,18,14,1,1,0,1,1,0,0,0,0,86,42,44
REEVES COUNTY,389,68 Years,113,58,55,25,13,12,1,1,0,0,0,0,1,0,1,86,44,42
REEVES COUNTY,389,69 Years,119,65,54,26,16,10,3,2,1,1,1,0,2,1,1,87,45,42
REEVES COUNTY,389,70 Years,116,59,57,29,18,11,1,0,1,1,1,0,1,1,0,84,39,45
REEVES COUNTY,389,71 Years,108,47,61,27,16,11,1,1,0,1,0,1,1,0,1,78,30,48
REEVES COUNTY,389,72 Years,103,44,59,29,12,17,2,2,0,0,0,0,0,0,0,72,30,42
REEVES COUNTY,389,73 Years,89,36,53,26,12,14,1,1,0,0,0,0,0,0,0,62,23,39
REEVES COUNTY,389,74 Years,76,32,44,20,9,11,1,1,0,0,0,0,1,1,0,54,21,33
REEVES COUNTY,389,75 Years,100,50,50,29,17,12,1,1,0,1,0,1,3,1,2,66,31,35
REEVES COUNTY,389,76 Years,95,50,45,24,14,10,2,2,0,1,0,1,1,1,0,67,33,34
REEVES COUNTY,389,77 Years,71,32,39,26,12,14,1,0,1,1,0,1,0,0,0,43,20,23
REEVES COUNTY,389,78 Years,81,30,51,29,10,19,1,0,1,0,0,0,0,0,0,51,20,31
REEVES COUNTY,389,79 Years,77,31,46,24,10,14,1,0,1,1,0,1,2,0,2,49,21,28
REEVES COUNTY,389,80 Years,61,27,34,25,13,12,0,0,0,1,0,1,0,0,0,35,14,21
REEVES COUNTY,389,81 Years,59,23,36,20,8,12,0,0,0,1,1,0,0,0,0,38,14,24
REEVES COUNTY,389,82 Years,55,25,30,22,10,12,1,0,1,1,1,0,0,0,0,31,14,17
REEVES COUNTY,389,83 Years,56,23,33,20,10,10,2,1,1,0,0,0,0,0,0,34,12,22
REEVES COUNTY,389,84 Years,47,17,30,15,5,10,1,0,1,0,0,0,0,0,0,31,12,19
REEVES COUNTY,389,85 Years,47,16,31,13,5,8,2,0,2,0,0,0,1,0,1,31,11,20
REEVES COUNTY,389,86 Years,46,22,24,12,6,6,2,1,1,0,0,0,0,0,0,32,15,17
REEVES COUNTY,389,87 Years,39,16,23,11,5,6,0,0,0,0,0,0,1,0,1,27,11,16
REEVES COUNTY,389,88 Years,33,16,17,10,5,5,0,0,0,0,0,0,1,0,1,22,11,11
REEVES COUNTY,389,89 Years,32,10,22,9,4,5,1,0,1,0,0,0,0,0,0,22,6,16
REEVES COUNTY,389,90 Years,23,10,13,8,4,4,1,0,1,0,0,0,0,0,0,14,6,8
REEVES COUNTY,389,91 Years,20,7,13,7,3,4,2,0,2,0,0,0,0,0,0,11,4,7
REEVES COUNTY,389,92 Years,16,7,9,7,3,4,2,1,1,0,0,0,0,0,0,7,3,4
REEVES COUNTY,389,93 Years,10,5,5,4,2,2,0,0,0,0,0,0,0,0,0,6,3,3
REEVES COUNTY,389,94 Years,11,6,5,4,2,2,1,1,0,0,0,0,0,0,0,6,3,3
REEVES COUNTY,389,95 Years +,31,10,21,11,4,7,2,0,2,0,0,0,1,0,1,17,6,11
REFUGIO COUNTY,391,All Ages,6871,3354,3517,2747,1306,1441,412,218,194,24,12,12,96,48,48,3592,1770,1822
REFUGIO COUNTY,391,< 1 Year,70,31,39,20,9,11,2,0,2,0,0,0,4,2,2,44,20,24
REFUGIO COUNTY,391,1 Years,79,36,43,24,11,13,2,1,1,0,0,0,5,2,3,48,22,26
REFUGIO COUNTY,391,2 Years,86,42,44,27,12,15,1,0,1,0,0,0,2,1,1,56,29,27
REFUGIO COUNTY,391,3 Years,99,50,49,34,16,18,2,1,1,1,0,1,3,1,2,59,32,27
REFUGIO COUNTY,391,4 Years,99,47,52,36,16,20,2,1,1,0,0,0,3,2,1,58,28,30
REFUGIO COUNTY,391,5 Years,91,44,47,31,13,18,2,1,1,0,0,0,3,2,1,55,28,27
REFUGIO COUNTY,391,6 Years,89,39,50,32,13,19,2,1,1,0,0,0,0,0,0,55,25,30
REFUGIO COUNTY,391,7 Years,91,41,50,29,11,18,2,1,1,0,0,0,0,0,0,60,29,31
REFUGIO COUNTY,391,8 Years,96,43,53,32,13,19,1,1,0,0,0,0,0,0,0,63,29,34
REFUGIO COUNTY,391,9 Years,89,43,46,29,11,18,2,1,1,0,0,0,2,1,1,56,30,26
REFUGIO COUNTY,391,10 Years,62,33,29,16,9,7,3,3,0,0,0,0,0,0,0,43,21,22
REFUGIO COUNTY,391,11 Years,85,39,46,20,8,12,5,4,1,0,0,0,1,0,1,59,27,32
REFUGIO COUNTY,391,12 Years,94,49,45,27,15,12,4,2,2,0,0,0,3,3,0,60,29,31
REFUGIO COUNTY,391,13 Years,81,43,38,21,11,10,5,3,2,0,0,0,2,2,0,53,27,26
REFUGIO COUNTY,391,14 Years,81,39,42,27,16,11,6,4,2,0,0,0,2,2,0,46,17,29
REFUGIO COUNTY,391,15 Years,82,42,40,27,17,10,5,4,1,2,1,1,1,0,1,47,20,27
REFUGIO COUNTY,391,16 Years,81,41,40,25,14,11,4,2,2,0,0,0,2,1,1,50,24,26
REFUGIO COUNTY,391,17 Years,80,41,39,27,16,11,4,2,2,0,0,0,2,0,2,47,23,24
REFUGIO COUNTY,391,18 Years,105,53,52,31,17,14,3,2,1,0,0,0,2,1,1,69,33,36
REFUGIO COUNTY,391,19 Years,89,38,51,19,8,11,3,2,1,0,0,0,1,1,0,66,27,39
REFUGIO COUNTY,391,20 Years,83,41,42,19,10,9,5,3,2,0,0,0,0,0,0,59,28,31
REFUGIO COUNTY,391,21 Years,77,40,37,23,11,12,7,5,2,0,0,0,1,0,1,46,24,22
REFUGIO COUNTY,391,22 Years,73,43,30,23,10,13,6,4,2,0,0,0,1,0,1,43,29,14
REFUGIO COUNTY,391,23 Years,78,42,36,23,11,12,7,3,4,1,1,0,2,2,0,45,25,20
REFUGIO COUNTY,391,24 Years,80,39,41,23,10,13,6,4,2,0,0,0,1,1,0,50,24,26
REFUGIO COUNTY,391,25 Years,79,40,39,24,9,15,10,5,5,0,0,0,2,1,1,43,25,18
REFUGIO COUNTY,391,26 Years,100,49,51,32,12,20,7,3,4,0,0,0,2,1,1,59,33,26
REFUGIO COUNTY,391,27 Years,100,49,51,38,14,24,5,3,2,0,0,0,0,0,0,57,32,25
REFUGIO COUNTY,391,28 Years,86,49,37,24,10,14,7,5,2,0,0,0,0,0,0,55,34,21
REFUGIO COUNTY,391,29 Years,97,48,49,30,11,19,7,6,1,2,1,1,1,0,1,57,30,27
REFUGIO COUNTY,391,30 Years,68,30,38,21,9,12,8,4,4,0,0,0,1,1,0,38,16,22
REFUGIO COUNTY,391,31 Years,55,29,26,13,8,5,6,3,3,0,0,0,1,0,1,35,18,17
REFUGIO COUNTY,391,32 Years,74,44,30,35,19,16,6,3,3,0,0,0,0,0,0,33,22,11
REFUGIO COUNTY,391,33 Years,65,27,38,32,14,18,3,1,2,0,0,0,1,1,0,29,11,18
REFUGIO COUNTY,391,34 Years,52,24,28,18,8,10,2,1,1,0,0,0,1,1,0,31,14,17
REFUGIO COUNTY,391,35 Years,55,28,27,21,14,7,4,3,1,0,0,0,0,0,0,30,11,19
REFUGIO COUNTY,391,36 Years,73,39,34,29,15,14,3,2,1,0,0,0,1,1,0,40,21,19
REFUGIO COUNTY,391,37 Years,67,30,37,26,12,14,3,2,1,0,0,0,1,0,1,37,16,21
REFUGIO COUNTY,391,38 Years,65,31,34,20,9,11,7,4,3,0,0,0,0,0,0,38,18,20
REFUGIO COUNTY,391,39 Years,59,27,32,19,8,11,3,2,1,0,0,0,1,1,0,36,16,20
REFUGIO COUNTY,391,40 Years,60,28,32,21,8,13,5,2,3,1,0,1,1,0,1,32,18,14
REFUGIO COUNTY,391,41 Years,65,27,38,25,8,17,6,1,5,0,0,0,1,1,0,33,17,16
REFUGIO COUNTY,391,42 Years,46,19,27,18,8,10,2,0,2,0,0,0,0,0,0,26,11,15
REFUGIO COUNTY,391,43 Years,48,20,28,19,9,10,3,2,1,0,0,0,0,0,0,26,9,17
REFUGIO COUNTY,391,44 Years,55,24,31,19,8,11,3,1,2,1,1,0,1,0,1,31,14,17
REFUGIO COUNTY,391,45 Years,67,28,39,25,9,16,5,2,3,1,1,0,0,0,0,36,16,20
REFUGIO COUNTY,391,46 Years,82,44,38,34,16,18,4,3,1,1,0,1,0,0,0,43,25,18
REFUGIO COUNTY,391,47 Years,69,33,36,25,12,13,2,1,1,0,0,0,1,0,1,41,20,21
REFUGIO COUNTY,391,48 Years,83,41,42,37,20,17,4,2,2,1,0,1,0,0,0,41,19,22
REFUGIO COUNTY,391,49 Years,81,42,39,34,20,14,3,1,2,1,1,0,1,0,1,42,20,22
REFUGIO COUNTY,391,50 Years,82,38,44,31,14,17,3,2,1,1,0,1,1,0,1,46,22,24
REFUGIO COUNTY,391,51 Years,83,36,47,35,16,19,3,2,1,1,1,0,1,0,1,43,17,26
REFUGIO COUNTY,391,52 Years,86,38,48,40,18,22,4,3,1,0,0,0,0,0,0,42,17,25
REFUGIO COUNTY,391,53 Years,79,38,41,35,15,20,5,3,2,0,0,0,1,1,0,38,19,19
REFUGIO COUNTY,391,54 Years,86,44,42,36,18,18,7,6,1,1,0,1,0,0,0,42,20,22
REFUGIO COUNTY,391,55 Years,94,48,46,44,23,21,6,5,1,0,0,0,0,0,0,44,20,24
REFUGIO COUNTY,391,56 Years,98,51,47,48,26,22,7,4,3,1,1,0,1,0,1,41,20,21
REFUGIO COUNTY,391,57 Years,95,47,48,44,20,24,6,3,3,0,0,0,1,0,1,44,24,20
REFUGIO COUNTY,391,58 Years,93,49,44,46,23,23,5,2,3,0,0,0,3,2,1,39,22,17
REFUGIO COUNTY,391,59 Years,93,50,43,42,23,19,10,3,7,1,1,0,3,2,1,37,21,16
REFUGIO COUNTY,391,60 Years,91,49,42,40,20,20,7,4,3,0,0,0,1,1,0,43,24,19
REFUGIO COUNTY,391,61 Years,92,44,48,42,20,22,6,3,3,1,0,1,1,0,1,42,21,21
REFUGIO COUNTY,391,62 Years,92,49,43,52,26,26,4,2,2,0,0,0,1,1,0,35,20,15
REFUGIO COUNTY,391,63 Years,101,50,51,48,22,26,4,1,3,0,0,0,4,2,2,45,25,20
REFUGIO COUNTY,391,64 Years,100,52,48,45,24,21,6,3,3,0,0,0,2,1,1,47,24,23
REFUGIO COUNTY,391,65 Years,86,46,40,42,20,22,7,5,2,0,0,0,1,1,0,36,20,16
REFUGIO COUNTY,391,66 Years,83,50,33,41,24,17,5,3,2,2,2,0,0,0,0,35,21,14
REFUGIO COUNTY,391,67 Years,80,44,36,34,19,15,5,3,2,0,0,0,2,1,1,39,21,18
REFUGIO COUNTY,391,68 Years,73,37,36,34,16,18,4,3,1,0,0,0,1,0,1,34,18,16
REFUGIO COUNTY,391,69 Years,77,39,38,40,19,21,3,2,1,0,0,0,0,0,0,34,18,16
REFUGIO COUNTY,391,70 Years,78,41,37,44,23,21,6,3,3,0,0,0,0,0,0,28,15,13
REFUGIO COUNTY,391,71 Years,99,44,55,51,22,29,6,1,5,2,0,2,1,1,0,39,20,19
REFUGIO COUNTY,391,72 Years,79,33,46,39,14,25,7,3,4,0,0,0,0,0,0,33,16,17
REFUGIO COUNTY,391,73 Years,84,37,47,40,20,20,4,1,3,0,0,0,2,0,2,38,16,22
REFUGIO COUNTY,391,74 Years,80,37,43,38,21,17,8,3,5,0,0,0,1,0,1,33,13,20
REFUGIO COUNTY,391,75 Years,84,43,41,46,21,25,8,4,4,1,1,0,1,0,1,28,17,11
REFUGIO COUNTY,391,76 Years,71,30,41,42,16,26,5,2,3,0,0,0,1,0,1,23,12,11
REFUGIO COUNTY,391,77 Years,59,23,36,29,13,16,5,2,3,0,0,0,1,0,1,24,8,16
REFUGIO COUNTY,391,78 Years,59,27,32,28,13,15,6,3,3,0,0,0,0,0,0,25,11,14
REFUGIO COUNTY,391,79 Years,53,27,26,29,15,14,3,2,1,0,0,0,0,0,0,21,10,11
REFUGIO COUNTY,391,80 Years,62,29,33,35,18,17,2,1,1,0,0,0,1,0,1,24,10,14
REFUGIO COUNTY,391,81 Years,50,25,25,28,15,13,2,0,2,0,0,0,0,0,0,20,10,10
REFUGIO COUNTY,391,82 Years,54,30,24,31,20,11,2,1,1,0,0,0,0,0,0,21,9,12
REFUGIO COUNTY,391,83 Years,48,27,21,28,18,10,2,1,1,0,0,0,0,0,0,18,8,10
REFUGIO COUNTY,391,84 Years,45,17,28,25,10,15,2,0,2,1,0,1,1,1,0,16,6,10
REFUGIO COUNTY,391,85 Years,32,13,19,15,6,9,1,1,0,0,0,0,1,0,1,15,6,9
REFUGIO COUNTY,391,86 Years,28,15,13,12,6,6,3,2,1,0,0,0,1,1,0,12,6,6
REFUGIO COUNTY,391,87 Years,29,11,18,15,5,10,1,0,1,0,0,0,1,1,0,12,5,7
REFUGIO COUNTY,391,88 Years,24,10,14,13,4,9,2,2,0,0,0,0,0,0,0,9,4,5
REFUGIO COUNTY,391,89 Years,21,9,12,10,4,6,4,2,2,0,0,0,0,0,0,7,3,4
REFUGIO COUNTY,391,90 Years,18,7,11,9,3,6,3,2,1,0,0,0,0,0,0,6,2,4
REFUGIO COUNTY,391,91 Years,12,5,7,6,3,3,1,0,1,0,0,0,0,0,0,5,2,3
REFUGIO COUNTY,391,92 Years,12,6,6,5,3,2,2,0,2,0,0,0,0,0,0,5,3,2
REFUGIO COUNTY,391,93 Years,12,5,7,6,2,4,1,0,1,0,0,0,0,0,0,5,3,2
REFUGIO COUNTY,391,94 Years,14,4,10,6,1,5,3,1,2,0,0,0,0,0,0,5,2,3
REFUGIO COUNTY,391,95 Years +,29,11,18,14,6,8,7,2,5,0,0,0,0,0,0,8,3,5
ROBERTS COUNTY,393,All Ages,851,430,421,765,382,383,0,0,0,0,0,0,13,9,4,73,39,34
ROBERTS COUNTY,393,< 1 Year,8,4,4,6,3,3,0,0,0,0,0,0,2,1,1,0,0,0
ROBERTS COUNTY,393,1 Years,9,6,3,8,5,3,0,0,0,0,0,0,1,1,0,0,0,0
ROBERTS COUNTY,393,2 Years,10,6,4,10,6,4,0,0,0,0,0,0,0,0,0,0,0,0
ROBERTS COUNTY,393,3 Years,12,6,6,10,5,5,0,0,0,0,0,0,0,0,0,2,1,1
ROBERTS COUNTY,393,4 Years,10,4,6,9,4,5,0,0,0,0,0,0,0,0,0,1,0,1
ROBERTS COUNTY,393,5 Years,8,3,5,7,3,4,0,0,0,0,0,0,0,0,0,1,0,1
ROBERTS COUNTY,393,6 Years,11,5,6,11,5,6,0,0,0,0,0,0,0,0,0,0,0,0
ROBERTS COUNTY,393,7 Years,10,7,3,10,7,3,0,0,0,0,0,0,0,0,0,0,0,0
ROBERTS COUNTY,393,8 Years,12,8,4,12,8,4,0,0,0,0,0,0,0,0,0,0,0,0
ROBERTS COUNTY,393,9 Years,11,7,4,10,6,4,0,0,0,0,0,0,0,0,0,1,1,0
ROBERTS COUNTY,393,10 Years,7,3,4,6,2,4,0,0,0,0,0,0,0,0,0,1,1,0
ROBERTS COUNTY,393,11 Years,12,8,4,9,6,3,0,0,0,0,0,0,0,0,0,3,2,1
ROBERTS COUNTY,393,12 Years,21,12,9,19,10,9,0,0,0,0,0,0,0,0,0,2,2,0
ROBERTS COUNTY,393,13 Years,13,8,5,10,6,4,0,0,0,0,0,0,1,1,0,2,1,1
ROBERTS COUNTY,393,14 Years,14,5,9,12,4,8,0,0,0,0,0,0,0,0,0,2,1,1
ROBERTS COUNTY,393,15 Years,10,4,6,9,3,6,0,0,0,0,0,0,0,0,0,1,1,0
ROBERTS COUNTY,393,16 Years,6,3,3,6,3,3,0,0,0,0,0,0,0,0,0,0,0,0
ROBERTS COUNTY,393,17 Years,8,4,4,7,4,3,0,0,0,0,0,0,0,0,0,1,0,1
ROBERTS COUNTY,393,18 Years,12,7,5,11,6,5,0,0,0,0,0,0,0,0,0,1,1,0
ROBERTS COUNTY,393,19 Years,11,6,5,10,6,4,0,0,0,0,0,0,0,0,0,1,0,1
ROBERTS COUNTY,393,20 Years,9,5,4,8,5,3,0,0,0,0,0,0,0,0,0,1,0,1
ROBERTS COUNTY,393,21 Years,10,6,4,9,6,3,0,0,0,0,0,0,0,0,0,1,0,1
ROBERTS COUNTY,393,22 Years,8,5,3,8,5,3,0,0,0,0,0,0,0,0,0,0,0,0
ROBERTS COUNTY,393,23 Years,8,5,3,8,5,3,0,0,0,0,0,0,0,0,0,0,0,0
ROBERTS COUNTY,393,24 Years,6,2,4,5,2,3,0,0,0,0,0,0,0,0,0,1,0,1
ROBERTS COUNTY,393,25 Years,9,3,6,7,3,4,0,0,0,0,0,0,0,0,0,2,0,2
ROBERTS COUNTY,393,26 Years,8,3,5,6,2,4,0,0,0,0,0,0,0,0,0,2,1,1
ROBERTS COUNTY,393,27 Years,9,5,4,8,4,4,0,0,0,0,0,0,0,0,0,1,1,0
ROBERTS COUNTY,393,28 Years,4,2,2,3,1,2,0,0,0,0,0,0,1,1,0,0,0,0
ROBERTS COUNTY,393,29 Years,7,4,3,6,3,3,0,0,0,0,0,0,1,1,0,0,0,0
ROBERTS COUNTY,393,30 Years,9,4,5,8,4,4,0,0,0,0,0,0,0,0,0,1,0,1
ROBERTS COUNTY,393,31 Years,7,2,5,5,2,3,0,0,0,0,0,0,0,0,0,2,0,2
ROBERTS COUNTY,393,32 Years,10,4,6,9,3,6,0,0,0,0,0,0,0,0,0,1,1,0
ROBERTS COUNTY,393,33 Years,7,2,5,5,1,4,0,0,0,0,0,0,0,0,0,2,1,1
ROBERTS COUNTY,393,34 Years,9,4,5,8,4,4,0,0,0,0,0,0,0,0,0,1,0,1
ROBERTS COUNTY,393,35 Years,9,5,4,8,5,3,0,0,0,0,0,0,0,0,0,1,0,1
ROBERTS COUNTY,393,36 Years,11,7,4,11,7,4,0,0,0,0,0,0,0,0,0,0,0,0
ROBERTS COUNTY,393,37 Years,12,6,6,11,5,6,0,0,0,0,0,0,0,0,0,1,1,0
ROBERTS COUNTY,393,38 Years,12,7,5,10,5,5,0,0,0,0,0,0,0,0,0,2,2,0
ROBERTS COUNTY,393,39 Years,9,4,5,8,3,5,0,0,0,0,0,0,1,1,0,0,0,0
ROBERTS COUNTY,393,40 Years,15,12,3,14,11,3,0,0,0,0,0,0,0,0,0,1,1,0
ROBERTS COUNTY,393,41 Years,10,7,3,10,7,3,0,0,0,0,0,0,0,0,0,0,0,0
ROBERTS COUNTY,393,42 Years,6,4,2,6,4,2,0,0,0,0,0,0,0,0,0,0,0,0
ROBERTS COUNTY,393,43 Years,6,2,4,6,2,4,0,0,0,0,0,0,0,0,0,0,0,0
ROBERTS COUNTY,393,44 Years,6,0,6,5,0,5,0,0,0,0,0,0,0,0,0,1,0,1
ROBERTS COUNTY,393,45 Years,4,1,3,3,0,3,0,0,0,0,0,0,0,0,0,1,1,0
ROBERTS COUNTY,393,46 Years,6,4,2,5,3,2,0,0,0,0,0,0,0,0,0,1,1,0
ROBERTS COUNTY,393,47 Years,6,3,3,5,3,2,0,0,0,0,0,0,0,0,0,1,0,1
ROBERTS COUNTY,393,48 Years,9,3,6,7,2,5,0,0,0,0,0,0,0,0,0,2,1,1
ROBERTS COUNTY,393,49 Years,12,4,8,11,3,8,0,0,0,0,0,0,0,0,0,1,1,0
ROBERTS COUNTY,393,50 Years,12,4,8,10,3,7,0,0,0,0,0,0,0,0,0,2,1,1
ROBERTS COUNTY,393,51 Years,9,5,4,7,4,3,0,0,0,0,0,0,0,0,0,2,1,1
ROBERTS COUNTY,393,52 Years,12,8,4,11,7,4,0,0,0,0,0,0,0,0,0,1,1,0
ROBERTS COUNTY,393,53 Years,9,6,3,9,6,3,0,0,0,0,0,0,0,0,0,0,0,0
ROBERTS COUNTY,393,54 Years,10,8,2,9,7,2,0,0,0,0,0,0,0,0,0,1,1,0
ROBERTS COUNTY,393,55 Years,12,6,6,10,5,5,0,0,0,0,0,0,0,0,0,2,1,1
ROBERTS COUNTY,393,56 Years,12,6,6,10,5,5,0,0,0,0,0,0,0,0,0,2,1,1
ROBERTS COUNTY,393,57 Years,14,8,6,13,8,5,0,0,0,0,0,0,0,0,0,1,0,1
ROBERTS COUNTY,393,58 Years,12,8,4,10,6,4,0,0,0,0,0,0,0,0,0,2,2,0
ROBERTS COUNTY,393,59 Years,15,6,9,14,6,8,0,0,0,0,0,0,0,0,0,1,0,1
ROBERTS COUNTY,393,60 Years,14,7,7,13,7,6,0,0,0,0,0,0,0,0,0,1,0,1
ROBERTS COUNTY,393,61 Years,10,5,5,9,5,4,0,0,0,0,0,0,1,0,1,0,0,0
ROBERTS COUNTY,393,62 Years,12,5,7,11,4,7,0,0,0,0,0,0,0,0,0,1,1,0
ROBERTS COUNTY,393,63 Years,10,4,6,9,3,6,0,0,0,0,0,0,0,0,0,1,1,0
ROBERTS COUNTY,393,64 Years,10,5,5,10,5,5,0,0,0,0,0,0,0,0,0,0,0,0
ROBERTS COUNTY,393,65 Years,15,6,9,14,6,8,0,0,0,0,0,0,0,0,0,1,0,1
ROBERTS COUNTY,393,66 Years,12,7,5,11,7,4,0,0,0,0,0,0,1,0,1,0,0,0
ROBERTS COUNTY,393,67 Years,13,7,6,11,6,5,0,0,0,0,0,0,0,0,0,2,1,1
ROBERTS COUNTY,393,68 Years,10,5,5,10,5,5,0,0,0,0,0,0,0,0,0,0,0,0
ROBERTS COUNTY,393,69 Years,9,6,3,8,5,3,0,0,0,0,0,0,1,1,0,0,0,0
ROBERTS COUNTY,393,70 Years,9,5,4,7,4,3,0,0,0,0,0,0,1,1,0,1,0,1
ROBERTS COUNTY,393,71 Years,11,6,5,11,6,5,0,0,0,0,0,0,0,0,0,0,0,0
ROBERTS COUNTY,393,72 Years,11,7,4,10,6,4,0,0,0,0,0,0,0,0,0,1,1,0
ROBERTS COUNTY,393,73 Years,9,4,5,8,3,5,0,0,0,0,0,0,0,0,0,1,1,0
ROBERTS COUNTY,393,74 Years,9,4,5,8,3,5,0,0,0,0,0,0,0,0,0,1,1,0
ROBERTS COUNTY,393,75 Years,11,4,7,10,3,7,0,0,0,0,0,0,1,1,0,0,0,0
ROBERTS COUNTY,393,76 Years,10,4,6,9,3,6,0,0,0,0,0,0,0,0,0,1,1,0
ROBERTS COUNTY,393,77 Years,9,4,5,8,3,5,0,0,0,0,0,0,0,0,0,1,1,0
ROBERTS COUNTY,393,78 Years,6,4,2,6,4,2,0,0,0,0,0,0,0,0,0,0,0,0
ROBERTS COUNTY,393,79 Years,5,1,4,4,1,3,0,0,0,0,0,0,1,0,1,0,0,0
ROBERTS COUNTY,393,80 Years,5,1,4,5,1,4,0,0,0,0,0,0,0,0,0,0,0,0
ROBERTS COUNTY,393,81 Years,7,2,5,7,2,5,0,0,0,0,0,0,0,0,0,0,0,0
ROBERTS COUNTY,393,82 Years,5,1,4,5,1,4,0,0,0,0,0,0,0,0,0,0,0,0
ROBERTS COUNTY,393,83 Years,4,2,2,4,2,2,0,0,0,0,0,0,0,0,0,0,0,0
ROBERTS COUNTY,393,84 Years,5,4,1,5,4,1,0,0,0,0,0,0,0,0,0,0,0,0
ROBERTS COUNTY,393,85 Years,5,3,2,5,3,2,0,0,0,0,0,0,0,0,0,0,0,0
ROBERTS COUNTY,393,86 Years,2,2,0,2,2,0,0,0,0,0,0,0,0,0,0,0,0,0
ROBERTS COUNTY,393,87 Years,3,2,1,3,2,1,0,0,0,0,0,0,0,0,0,0,0,0
ROBERTS COUNTY,393,88 Years,4,1,3,4,1,3,0,0,0,0,0,0,0,0,0,0,0,0
ROBERTS COUNTY,393,89 Years,5,1,4,5,1,4,0,0,0,0,0,0,0,0,0,0,0,0
ROBERTS COUNTY,393,90 Years,3,1,2,3,1,2,0,0,0,0,0,0,0,0,0,0,0,0
ROBERTS COUNTY,393,91 Years,4,1,3,4,1,3,0,0,0,0,0,0,0,0,0,0,0,0
ROBERTS COUNTY,393,92 Years,3,1,2,3,1,2,0,0,0,0,0,0,0,0,0,0,0,0
ROBERTS COUNTY,393,93 Years,2,1,1,2,1,1,0,0,0,0,0,0,0,0,0,0,0,0
ROBERTS COUNTY,393,94 Years,0,0,0,0,0,0,0,0,0,0,0,0,0,0,0,0,0,0
ROBERTS COUNTY,393,95 Years +,4,1,3,3,1,2,0,0,0,0,0,0,0,0,0,1,0,1
ROBERTSON COUNTY,395,All Ages,17708,8808,8900,9945,4963,4982,3468,1677,1791,112,61,51,235,114,121,3948,1993,1955
ROBERTSON COUNTY,395,< 1 Year,220,106,114,91,46,45,49,24,25,0,0,0,3,2,1,77,34,43
ROBERTSON COUNTY,395,1 Years,220,111,109,85,43,42,47,24,23,2,1,1,3,2,1,83,41,42
ROBERTSON COUNTY,395,2 Years,220,112,108,87,41,46,43,22,21,3,1,2,3,2,1,84,46,38
ROBERTSON COUNTY,395,3 Years,218,115,103,90,45,45,39,20,19,2,1,1,2,1,1,85,48,37
ROBERTSON COUNTY,395,4 Years,224,115,109,100,49,51,39,20,19,0,0,0,2,1,1,83,45,38
ROBERTSON COUNTY,395,5 Years,227,115,112,101,52,49,40,20,20,0,0,0,1,0,1,85,43,42
ROBERTSON COUNTY,395,6 Years,216,110,106,94,45,49,37,20,17,0,0,0,2,1,1,83,44,39
ROBERTSON COUNTY,395,7 Years,206,104,102,88,41,47,37,19,18,3,2,1,2,1,1,76,41,35
ROBERTSON COUNTY,395,8 Years,203,105,98,87,42,45,32,17,15,2,1,1,2,1,1,80,44,36
ROBERTSON COUNTY,395,9 Years,214,106,108,86,43,43,33,17,16,4,2,2,3,2,1,88,42,46
ROBERTSON COUNTY,395,10 Years,206,98,108,88,41,47,32,14,18,1,1,0,6,3,3,79,39,40
ROBERTSON COUNTY,395,11 Years,243,123,120,107,59,48,41,16,25,2,1,1,9,6,3,84,41,43
ROBERTSON COUNTY,395,12 Years,230,107,123,120,54,66,39,17,22,1,0,1,4,3,1,66,33,33
ROBERTSON COUNTY,395,13 Years,239,127,112,112,61,51,39,17,22,1,1,0,3,2,1,84,46,38
ROBERTSON COUNTY,395,14 Years,208,110,98,95,49,46,36,20,16,0,0,0,7,2,5,70,39,31
ROBERTSON COUNTY,395,15 Years,198,98,100,93,52,41,37,17,20,2,0,2,3,1,2,63,28,35
ROBERTSON COUNTY,395,16 Years,195,101,94,89,52,37,34,15,19,1,1,0,2,0,2,69,33,36
ROBERTSON COUNTY,395,17 Years,191,90,101,84,40,44,39,19,20,2,2,0,2,0,2,64,29,35
ROBERTSON COUNTY,395,18 Years,209,94,115,97,41,56,41,24,17,2,1,1,7,3,4,62,25,37
ROBERTSON COUNTY,395,19 Years,199,97,102,97,46,51,34,18,16,3,2,1,6,2,4,59,29,30
ROBERTSON COUNTY,395,20 Years,170,90,80,80,43,37,34,21,13,2,1,1,4,1,3,50,24,26
ROBERTSON COUNTY,395,21 Years,180,79,101,75,35,40,39,19,20,2,0,2,7,4,3,57,21,36
ROBERTSON COUNTY,395,22 Years,188,89,99,84,46,38,41,23,18,2,0,2,5,1,4,56,19,37
ROBERTSON COUNTY,395,23 Years,194,104,90,95,55,40,49,27,22,2,2,0,3,1,2,45,19,26
ROBERTSON COUNTY,395,24 Years,224,121,103,102,56,46,58,35,23,0,0,0,6,4,2,58,26,32
ROBERTSON COUNTY,395,25 Years,251,129,122,121,62,59,67,36,31,2,1,1,6,3,3,55,27,28
ROBERTSON COUNTY,395,26 Years,262,134,128,135,71,64,66,31,35,3,2,1,3,2,1,55,28,27
ROBERTSON COUNTY,395,27 Years,263,132,131,131,69,62,72,37,35,2,1,1,3,3,0,55,22,33
ROBERTSON COUNTY,395,28 Years,256,122,134,125,59,66,71,33,38,0,0,0,3,2,1,57,28,29
ROBERTSON COUNTY,395,29 Years,245,109,136,104,51,53,75,29,46,0,0,0,2,1,1,64,28,36
ROBERTSON COUNTY,395,30 Years,223,102,121,106,52,54,66,27,39,0,0,0,3,2,1,48,21,27
ROBERTSON COUNTY,395,31 Years,223,103,120,113,49,64,49,22,27,0,0,0,3,1,2,58,31,27
ROBERTSON COUNTY,395,32 Years,213,104,109,104,52,52,55,28,27,1,1,0,2,1,1,51,22,29
ROBERTSON COUNTY,395,33 Years,209,91,118,109,53,56,50,23,27,1,0,1,3,1,2,46,14,32
ROBERTSON COUNTY,395,34 Years,229,113,116,122,63,59,45,22,23,2,0,2,3,1,2,57,27,30
ROBERTSON COUNTY,395,35 Years,215,106,109,114,60,54,42,21,21,1,0,1,1,0,1,57,25,32
ROBERTSON COUNTY,395,36 Years,222,100,122,107,48,59,51,25,26,0,0,0,2,1,1,62,26,36
ROBERTSON COUNTY,395,37 Years,212,109,103,126,62,64,37,23,14,2,2,0,1,1,0,46,21,25
ROBERTSON COUNTY,395,38 Years,189,103,86,106,58,48,33,19,14,2,1,1,1,0,1,47,25,22
ROBERTSON COUNTY,395,39 Years,219,122,97,122,67,55,40,19,21,1,0,1,2,1,1,54,35,19
ROBERTSON COUNTY,395,40 Years,207,119,88,107,64,43,34,17,17,3,1,2,2,1,1,61,36,25
ROBERTSON COUNTY,395,41 Years,201,102,99,103,52,51,40,17,23,2,1,1,2,2,0,54,30,24
ROBERTSON COUNTY,395,42 Years,191,101,90,100,55,45,36,17,19,3,2,1,1,0,1,51,27,24
ROBERTSON COUNTY,395,43 Years,176,96,80,84,46,38,40,19,21,2,2,0,1,0,1,49,29,20
ROBERTSON COUNTY,395,44 Years,191,87,104,94,43,51,54,24,30,0,0,0,2,1,1,41,19,22
ROBERTSON COUNTY,395,45 Years,171,90,81,86,47,39,38,15,23,2,2,0,1,1,0,44,25,19
ROBERTSON COUNTY,395,46 Years,173,95,78,97,61,36,34,10,24,2,2,0,1,1,0,39,21,18
ROBERTSON COUNTY,395,47 Years,197,102,95,118,60,58,37,18,19,1,1,0,1,0,1,40,23,17
ROBERTSON COUNTY,395,48 Years,216,93,123,129,54,75,39,14,25,3,2,1,2,0,2,43,23,20
ROBERTSON COUNTY,395,49 Years,196,97,99,117,61,56,39,10,29,2,2,0,4,2,2,34,22,12
ROBERTSON COUNTY,395,50 Years,206,98,108,122,65,57,44,15,29,1,1,0,3,1,2,36,16,20
ROBERTSON COUNTY,395,51 Years,218,99,119,132,64,68,41,17,24,2,0,2,2,1,1,41,17,24
ROBERTSON COUNTY,395,52 Years,227,110,117,129,56,73,53,30,23,3,3,0,2,0,2,40,21,19
ROBERTSON COUNTY,395,53 Years,232,112,120,145,64,81,48,27,21,2,1,1,3,2,1,34,18,16
ROBERTSON COUNTY,395,54 Years,236,124,112,142,78,64,47,25,22,0,0,0,3,1,2,44,20,24
ROBERTSON COUNTY,395,55 Years,245,133,112,153,81,72,49,28,21,4,2,2,2,2,0,37,20,17
ROBERTSON COUNTY,395,56 Years,240,130,110,168,88,80,46,29,17,1,1,0,1,0,1,24,12,12
ROBERTSON COUNTY,395,57 Years,242,110,132,163,77,86,45,16,29,3,1,2,2,0,2,29,16,13
ROBERTSON COUNTY,395,58 Years,223,116,107,137,71,66,43,18,25,3,2,1,4,2,2,36,23,13
ROBERTSON COUNTY,395,59 Years,257,142,115,161,90,71,51,23,28,2,1,1,3,2,1,40,26,14
ROBERTSON COUNTY,395,60 Years,268,132,136,188,92,96,43,19,24,1,0,1,3,2,1,33,19,14
ROBERTSON COUNTY,395,61 Years,250,121,129,163,80,83,51,24,27,3,0,3,4,1,3,29,16,13
ROBERTSON COUNTY,395,62 Years,257,135,122,168,91,77,54,27,27,1,1,0,3,0,3,31,16,15
ROBERTSON COUNTY,395,63 Years,242,130,112,161,88,73,47,25,22,2,2,0,3,0,3,29,15,14
ROBERTSON COUNTY,395,64 Years,231,112,119,165,81,84,37,16,21,3,2,1,4,3,1,22,10,12
ROBERTSON COUNTY,395,65 Years,249,124,125,173,87,86,38,17,21,1,0,1,5,2,3,32,18,14
ROBERTSON COUNTY,395,66 Years,237,109,128,163,73,90,39,17,22,1,1,0,3,1,2,31,17,14
ROBERTSON COUNTY,395,67 Years,194,97,97,134,65,69,36,20,16,0,0,0,2,0,2,22,12,10
ROBERTSON COUNTY,395,68 Years,199,100,99,144,67,77,33,20,13,0,0,0,3,0,3,19,13,6
ROBERTSON COUNTY,395,69 Years,203,100,103,143,69,74,33,17,16,0,0,0,3,1,2,24,13,11
ROBERTSON COUNTY,395,70 Years,217,105,112,155,72,83,35,18,17,0,0,0,1,1,0,26,14,12
ROBERTSON COUNTY,395,71 Years,207,108,99,150,78,72,33,17,16,0,0,0,4,4,0,20,9,11
ROBERTSON COUNTY,395,72 Years,206,113,93,154,84,70,29,15,14,0,0,0,2,2,0,21,12,9
ROBERTSON COUNTY,395,73 Years,171,90,81,120,61,59,28,15,13,0,0,0,2,2,0,21,12,9
ROBERTSON COUNTY,395,74 Years,135,61,74,100,45,55,16,5,11,1,0,1,1,1,0,17,10,7
ROBERTSON COUNTY,395,75 Years,152,76,76,115,61,54,23,10,13,0,0,0,0,0,0,14,5,9
ROBERTSON COUNTY,395,76 Years,139,66,73,101,48,53,22,11,11,0,0,0,2,1,1,14,6,8
ROBERTSON COUNTY,395,77 Years,134,65,69,97,45,52,19,10,9,1,0,1,1,0,1,16,10,6
ROBERTSON COUNTY,395,78 Years,115,53,62,85,36,49,17,8,9,0,0,0,3,2,1,10,7,3
ROBERTSON COUNTY,395,79 Years,103,45,58,81,35,46,15,7,8,0,0,0,2,1,1,5,2,3
ROBERTSON COUNTY,395,80 Years,101,51,50,79,38,41,15,8,7,0,0,0,0,0,0,7,5,2
ROBERTSON COUNTY,395,81 Years,93,51,42,66,34,32,14,7,7,1,0,1,2,2,0,10,8,2
ROBERTSON COUNTY,395,82 Years,92,52,40,66,36,30,13,7,6,0,0,0,1,1,0,12,8,4
ROBERTSON COUNTY,395,83 Years,81,40,41,63,30,33,10,4,6,0,0,0,1,1,0,7,5,2
ROBERTSON COUNTY,395,84 Years,62,28,34,48,21,27,10,5,5,0,0,0,0,0,0,4,2,2
ROBERTSON COUNTY,395,85 Years,57,27,30,41,21,20,13,5,8,0,0,0,0,0,0,3,1,2
ROBERTSON COUNTY,395,86 Years,60,29,31,42,20,22,10,5,5,0,0,0,1,1,0,7,3,4
ROBERTSON COUNTY,395,87 Years,48,18,30,35,12,23,9,4,5,0,0,0,0,0,0,4,2,2
ROBERTSON COUNTY,395,88 Years,49,20,29,33,12,21,10,5,5,0,0,0,0,0,0,6,3,3
ROBERTSON COUNTY,395,89 Years,40,15,25,28,9,19,6,2,4,0,0,0,0,0,0,6,4,2
ROBERTSON COUNTY,395,90 Years,39,17,22,27,11,16,7,3,4,0,0,0,0,0,0,5,3,2
ROBERTSON COUNTY,395,91 Years,35,15,20,24,9,15,7,3,4,0,0,0,0,0,0,4,3,1
ROBERTSON COUNTY,395,92 Years,30,11,19,19,6,13,5,2,3,0,0,0,1,0,1,5,3,2
ROBERTSON COUNTY,395,93 Years,25,9,16,16,5,11,5,2,3,0,0,0,0,0,0,4,2,2
ROBERTSON COUNTY,395,94 Years,22,6,16,12,4,8,7,2,5,0,0,0,0,0,0,3,0,3
ROBERTSON COUNTY,395,95 Years +,47,15,32,27,7,20,13,6,7,0,0,0,1,0,1,6,2,4
ROCKWALL COUNTY,397,All Ages,103363,50575,52788,73427,35611,37816,6336,3186,3150,2918,1284,1634,2136,1074,1062,18546,9420,9126
ROCKWALL COUNTY,397,< 1 Year,1184,603,581,673,346,327,101,44,57,21,11,10,63,31,32,326,171,155
ROCKWALL COUNTY,397,1 Years,1172,601,571,671,341,330,93,44,49,25,13,12,62,30,32,321,173,148
ROCKWALL COUNTY,397,2 Years,1177,607,570,687,358,329,90,46,44,26,12,14,60,30,30,314,161,153
ROCKWALL COUNTY,397,3 Years,1180,598,582,716,362,354,81,41,40,24,12,12,54,29,25,305,154,151
ROCKWALL COUNTY,397,4 Years,1205,615,590,735,380,355,81,38,43,26,15,11,51,28,23,312,154,158
ROCKWALL COUNTY,397,5 Years,1191,608,583,742,383,359,69,31,38,23,12,11,44,25,19,313,157,156
ROCKWALL COUNTY,397,6 Years,1195,602,593,734,380,354,65,31,34,26,12,14,45,24,21,325,155,170
ROCKWALL COUNTY,397,7 Years,1223,610,613,751,378,373,67,34,33,25,12,13,42,24,18,338,162,176
ROCKWALL COUNTY,397,8 Years,1238,617,621,768,387,381,70,36,34,24,11,13,40,20,20,336,163,173
ROCKWALL COUNTY,397,9 Years,1281,630,651,796,388,408,84,46,38,16,10,6,36,12,24,349,174,175
ROCKWALL COUNTY,397,10 Years,1374,693,681,888,456,432,87,41,46,27,12,15,41,25,16,331,159,172
ROCKWALL COUNTY,397,11 Years,1493,748,745,950,489,461,90,44,46,36,13,23,45,27,18,372,175,197
ROCKWALL COUNTY,397,12 Years,1566,782,784,980,492,488,95,52,43,39,20,19,48,22,26,404,196,208
ROCKWALL COUNTY,397,13 Years,1605,827,778,1027,529,498,103,59,44,37,23,14,44,21,23,394,195,199
ROCKWALL COUNTY,397,14 Years,1669,841,828,1097,553,544,103,49,54,38,24,14,42,19,23,389,196,193
ROCKWALL COUNTY,397,15 Years,1741,886,855,1147,572,575,107,49,58,41,24,17,48,21,27,398,220,178
ROCKWALL COUNTY,397,16 Years,1725,869,856,1161,568,593,118,61,57,35,17,18,48,23,25,363,200,163
ROCKWALL COUNTY,397,17 Years,1784,930,854,1201,601,600,124,68,56,37,20,17,49,30,19,373,211,162
ROCKWALL COUNTY,397,18 Years,1775,926,849,1212,623,589,112,63,49,48,16,32,46,27,19,357,197,160
ROCKWALL COUNTY,397,19 Years,1608,819,789,1091,549,542,100,50,50,35,13,22,43,24,19,339,183,156
ROCKWALL COUNTY,397,20 Years,1540,764,776,1022,498,524,97,49,48,40,12,28,47,21,26,334,184,150
ROCKWALL COUNTY,397,21 Years,1562,808,754,1029,539,490,106,62,44,53,13,40,46,23,23,328,171,157
ROCKWALL COUNTY,397,22 Years,1482,758,724,988,513,475,122,64,58,38,13,25,36,15,21,298,153,145
ROCKWALL COUNTY,397,23 Years,1586,798,788,1064,540,524,139,72,67,44,16,28,46,23,23,293,147,146
ROCKWALL COUNTY,397,24 Years,1614,812,802,1060,531,529,143,73,70,40,16,24,50,27,23,321,165,156
ROCKWALL COUNTY,397,25 Years,1504,772,732,1003,504,499,126,71,55,34,15,19,49,27,22,292,155,137
ROCKWALL COUNTY,397,26 Years,1523,774,749,1021,509,512,133,75,58,38,18,20,41,27,14,290,145,145
ROCKWALL COUNTY,397,27 Years,1397,716,681,908,478,430,102,53,49,65,21,44,37,18,19,285,146,139
ROCKWALL COUNTY,397,28 Years,1093,570,523,672,338,334,89,49,40,32,13,19,26,11,15,274,159,115
ROCKWALL COUNTY,397,29 Years,1033,543,490,610,329,281,92,43,49,40,24,16,22,11,11,269,136,133
ROCKWALL COUNTY,397,30 Years,930,492,438,573,299,274,61,35,26,40,18,22,17,11,6,239,129,110
ROCKWALL COUNTY,397,31 Years,891,472,419,535,279,256,50,30,20,68,34,34,11,6,5,227,123,104
ROCKWALL COUNTY,397,32 Years,880,453,427,554,274,280,44,29,15,55,20,35,9,4,5,218,126,92
ROCKWALL COUNTY,397,33 Years,941,451,490,604,269,335,29,16,13,53,19,34,15,10,5,240,137,103
ROCKWALL COUNTY,397,34 Years,1031,509,522,682,321,361,50,24,26,44,23,21,15,9,6,240,132,108
ROCKWALL COUNTY,397,35 Years,1085,543,542,709,353,356,51,16,35,51,30,21,17,8,9,257,136,121
ROCKWALL COUNTY,397,36 Years,1172,538,634,767,346,421,58,25,33,54,26,28,21,11,10,272,130,142
ROCKWALL COUNTY,397,37 Years,1204,568,636,812,380,432,60,28,32,53,21,32,16,8,8,263,131,132
ROCKWALL COUNTY,397,38 Years,1284,632,652,859,427,432,57,27,30,51,24,27,18,9,9,299,145,154
ROCKWALL COUNTY,397,39 Years,1327,643,684,903,425,478,74,38,36,46,24,22,14,7,7,290,149,141
ROCKWALL COUNTY,397,40 Years,1360,682,678,908,435,473,82,43,39,37,23,14,13,6,7,320,175,145
ROCKWALL COUNTY,397,41 Years,1398,648,750,938,426,512,80,35,45,51,25,26,11,6,5,318,156,162
ROCKWALL COUNTY,397,42 Years,1344,628,716,896,409,487,83,41,42,52,19,33,22,12,10,291,147,144
ROCKWALL COUNTY,397,43 Years,1402,647,755,961,433,528,96,40,56,40,11,29,23,13,10,282,150,132
ROCKWALL COUNTY,397,44 Years,1409,659,750,974,450,524,90,40,50,49,16,33,24,14,10,272,139,133
ROCKWALL COUNTY,397,45 Years,1451,678,773,1017,475,542,88,42,46,52,16,36,22,8,14,272,137,135
ROCKWALL COUNTY,397,46 Years,1418,689,729,1016,492,524,86,45,41,45,19,26,18,8,10,253,125,128
ROCKWALL COUNTY,397,47 Years,1480,692,788,1066,496,570,99,45,54,49,23,26,19,9,10,247,119,128
ROCKWALL COUNTY,397,48 Years,1643,785,858,1195,569,626,128,62,66,51,24,27,25,13,12,244,117,127
ROCKWALL COUNTY,397,49 Years,1598,771,827,1200,584,616,103,51,52,47,21,26,22,13,9,226,102,124
ROCKWALL COUNTY,397,50 Years,1508,707,801,1100,517,583,108,50,58,60,27,33,17,6,11,223,107,116
ROCKWALL COUNTY,397,51 Years,1486,722,764,1099,531,568,97,48,49,52,24,28,21,10,11,217,109,108
ROCKWALL COUNTY,397,52 Years,1417,724,693,1053,530,523,105,60,45,53,26,27,20,7,13,186,101,85
ROCKWALL COUNTY,397,53 Years,1387,731,656,1025,538,487,114,60,54,49,25,24,20,10,10,179,98,81
ROCKWALL COUNTY,397,54 Years,1466,748,718,1128,572,556,113,52,61,39,23,16,16,9,7,170,92,78
ROCKWALL COUNTY,397,55 Years,1552,758,794,1200,568,632,108,59,49,54,23,31,17,11,6,173,97,76
ROCKWALL COUNTY,397,56 Years,1514,722,792,1194,566,628,99,48,51,33,8,25,16,10,6,172,90,82
ROCKWALL COUNTY,397,57 Years,1472,705,767,1176,560,616,87,45,42,39,18,21,18,8,10,152,74,78
ROCKWALL COUNTY,397,58 Years,1545,749,796,1214,586,628,115,68,47,35,13,22,14,8,6,167,74,93
ROCKWALL COUNTY,397,59 Years,1475,702,773,1180,562,618,89,47,42,27,10,17,17,8,9,162,75,87
ROCKWALL COUNTY,397,60 Years,1337,636,701,1073,511,562,79,42,37,26,9,17,22,8,14,137,66,71
ROCKWALL COUNTY,397,61 Years,1295,613,682,1068,513,555,72,34,38,30,11,19,20,6,14,105,49,56
ROCKWALL COUNTY,397,62 Years,1276,570,706,1030,466,564,76,39,37,22,10,12,18,8,10,130,47,83
ROCKWALL COUNTY,397,63 Years,1255,594,661,1034,484,550,75,38,37,19,9,10,19,12,7,108,51,57
ROCKWALL COUNTY,397,64 Years,1183,541,642,997,451,546,49,21,28,23,11,12,19,9,10,95,49,46
ROCKWALL COUNTY,397,65 Years,1065,497,568,903,431,472,38,14,24,24,6,18,12,4,8,88,42,46
ROCKWALL COUNTY,397,66 Years,1034,478,556,880,420,460,39,21,18,27,8,19,13,6,7,75,23,52
ROCKWALL COUNTY,397,67 Years,1016,511,505,859,436,423,39,17,22,26,10,16,11,7,4,81,41,40
ROCKWALL COUNTY,397,68 Years,913,444,469,774,375,399,36,18,18,21,9,12,12,4,8,70,38,32
ROCKWALL COUNTY,397,69 Years,878,418,460,753,348,405,31,19,12,18,7,11,11,4,7,65,40,25
ROCKWALL COUNTY,397,70 Years,849,401,448,739,338,401,25,14,11,18,11,7,12,7,5,55,31,24
ROCKWALL COUNTY,397,71 Years,811,375,436,696,319,377,32,18,14,19,9,10,15,8,7,49,21,28
ROCKWALL COUNTY,397,72 Years,821,379,442,718,336,382,24,9,15,21,7,14,9,4,5,49,23,26
ROCKWALL COUNTY,397,73 Years,639,304,335,554,267,287,17,10,7,13,3,10,5,2,3,50,22,28
ROCKWALL COUNTY,397,74 Years,613,266,347,533,237,296,25,9,16,7,3,4,5,1,4,43,16,27
ROCKWALL COUNTY,397,75 Years,619,265,354,549,241,308,23,10,13,12,3,9,5,1,4,30,10,20
ROCKWALL COUNTY,397,76 Years,617,269,348,548,243,305,14,7,7,12,4,8,5,1,4,38,14,24
ROCKWALL COUNTY,397,77 Years,527,242,285,464,216,248,13,5,8,13,6,7,4,2,2,33,13,20
ROCKWALL COUNTY,397,78 Years,478,235,243,417,210,207,19,6,13,11,6,5,1,1,0,30,12,18
ROCKWALL COUNTY,397,79 Years,444,207,237,391,183,208,18,8,10,11,6,5,3,2,1,21,8,13
ROCKWALL COUNTY,397,80 Years,406,180,226,366,160,206,9,6,3,11,6,5,4,1,3,16,7,9
ROCKWALL COUNTY,397,81 Years,334,142,192,300,131,169,8,3,5,9,4,5,2,0,2,15,4,11
ROCKWALL COUNTY,397,82 Years,287,129,158,252,114,138,9,4,5,8,4,4,4,1,3,14,6,8
ROCKWALL COUNTY,397,83 Years,269,125,144,231,105,126,7,4,3,7,4,3,3,2,1,21,10,11
ROCKWALL COUNTY,397,84 Years,243,100,143,220,92,128,5,2,3,5,2,3,1,0,1,12,4,8
ROCKWALL COUNTY,397,85 Years,220,77,143,189,68,121,6,3,3,4,1,3,4,1,3,17,4,13
ROCKWALL COUNTY,397,86 Years,207,87,120,177,76,101,7,2,5,4,2,2,4,2,2,15,5,10
ROCKWALL COUNTY,397,87 Years,173,63,110,139,55,84,8,2,6,8,3,5,3,1,2,15,2,13
ROCKWALL COUNTY,397,88 Years,157,53,104,136,44,92,5,1,4,3,1,2,3,2,1,10,5,5
ROCKWALL COUNTY,397,89 Years,128,42,86,109,36,73,6,2,4,3,2,1,2,0,2,8,2,6
ROCKWALL COUNTY,397,90 Years,105,38,67,88,30,58,5,3,2,3,2,1,1,0,1,8,3,5
ROCKWALL COUNTY,397,91 Years,87,30,57,73,25,48,4,2,2,5,2,3,1,0,1,4,1,3
ROCKWALL COUNTY,397,92 Years,70,25,45,57,19,38,5,2,3,2,1,1,1,0,1,5,3,2
ROCKWALL COUNTY,397,93 Years,62,19,43,51,14,37,3,1,2,2,1,1,1,0,1,5,3,2
ROCKWALL COUNTY,397,94 Years,45,14,31,32,9,23,4,2,2,4,1,3,1,0,1,4,2,2
ROCKWALL COUNTY,397,95 Years +,110,31,79,85,22,63,8,1,7,5,4,1,1,0,1,11,4,7
RUNNELS COUNTY,399,All Ages,10121,5096,5025,6128,2965,3163,159,90,69,16,11,5,154,84,70,3664,1946,1718
RUNNELS COUNTY,399,< 1 Year,140,80,60,72,42,30,0,0,0,0,0,0,5,2,3,63,36,27
RUNNELS COUNTY,399,1 Years,136,77,59,67,39,28,0,0,0,0,0,0,5,3,2,64,35,29
RUNNELS COUNTY,399,2 Years,126,70,56,66,37,29,0,0,0,0,0,0,5,4,1,55,29,26
RUNNELS COUNTY,399,3 Years,126,67,59,66,36,30,0,0,0,0,0,0,5,4,1,55,27,28
RUNNELS COUNTY,399,4 Years,122,63,59,64,34,30,0,0,0,1,1,0,7,4,3,50,24,26
RUNNELS COUNTY,399,5 Years,120,66,54,58,33,25,0,0,0,1,1,0,10,9,1,51,23,28
RUNNELS COUNTY,399,6 Years,117,63,54,55,29,26,0,0,0,2,1,1,10,8,2,50,25,25
RUNNELS COUNTY,399,7 Years,129,66,63,63,32,31,1,1,0,1,1,0,7,5,2,57,27,30
RUNNELS COUNTY,399,8 Years,142,71,71,70,30,40,2,1,1,0,0,0,4,3,1,66,37,29
RUNNELS COUNTY,399,9 Years,152,83,69,78,43,35,0,0,0,0,0,0,1,1,0,73,39,34
RUNNELS COUNTY,399,10 Years,129,68,61,71,38,33,0,0,0,0,0,0,1,0,1,57,30,27
RUNNELS COUNTY,399,11 Years,148,77,71,80,40,40,2,2,0,0,0,0,3,1,2,63,34,29
RUNNELS COUNTY,399,12 Years,139,63,76,67,28,39,3,2,1,0,0,0,3,1,2,66,32,34
RUNNELS COUNTY,399,13 Years,135,74,61,66,34,32,4,3,1,0,0,0,1,0,1,64,37,27
RUNNELS COUNTY,399,14 Years,133,72,61,59,29,30,2,1,1,0,0,0,1,1,0,71,41,30
RUNNELS COUNTY,399,15 Years,135,69,66,69,34,35,2,1,1,0,0,0,2,0,2,62,34,28
RUNNELS COUNTY,399,16 Years,127,68,59,66,35,31,1,1,0,0,0,0,0,0,0,60,32,28
RUNNELS COUNTY,399,17 Years,119,59,60,51,20,31,2,1,1,0,0,0,1,0,1,65,38,27
RUNNELS COUNTY,399,18 Years,111,58,53,57,30,27,3,2,1,0,0,0,0,0,0,51,26,25
RUNNELS COUNTY,399,19 Years,98,49,49,49,25,24,2,2,0,0,0,0,2,1,1,45,21,24
RUNNELS COUNTY,399,20 Years,86,41,45,36,17,19,2,2,0,0,0,0,2,0,2,46,22,24
RUNNELS COUNTY,399,21 Years,112,51,61,51,20,31,3,1,2,0,0,0,3,2,1,55,28,27
RUNNELS COUNTY,399,22 Years,119,54,65,57,23,34,1,0,1,0,0,0,2,0,2,59,31,28
RUNNELS COUNTY,399,23 Years,113,60,53,52,25,27,3,3,0,0,0,0,2,1,1,56,31,25
RUNNELS COUNTY,399,24 Years,107,59,48,46,24,22,3,2,1,0,0,0,2,1,1,56,32,24
RUNNELS COUNTY,399,25 Years,118,57,61,57,22,35,2,1,1,0,0,0,1,0,1,58,34,24
RUNNELS COUNTY,399,26 Years,122,62,60,65,28,37,2,1,1,1,1,0,1,1,0,53,31,22
RUNNELS COUNTY,399,27 Years,129,74,55,69,36,33,3,2,1,1,0,1,2,1,1,54,35,19
RUNNELS COUNTY,399,28 Years,125,62,63,65,26,39,1,1,0,0,0,0,3,1,2,56,34,22
RUNNELS COUNTY,399,29 Years,128,70,58,64,33,31,2,1,1,1,1,0,3,2,1,58,33,25
RUNNELS COUNTY,399,30 Years,130,73,57,62,32,30,3,1,2,0,0,0,3,1,2,62,39,23
RUNNELS COUNTY,399,31 Years,132,70,62,73,31,42,3,3,0,0,0,0,2,2,0,54,34,20
RUNNELS COUNTY,399,32 Years,109,56,53,70,32,38,1,1,0,0,0,0,1,0,1,37,23,14
RUNNELS COUNTY,399,33 Years,114,57,57,69,33,36,4,1,3,0,0,0,1,0,1,40,23,17
RUNNELS COUNTY,399,34 Years,132,69,63,79,40,39,4,1,3,0,0,0,2,1,1,47,27,20
RUNNELS COUNTY,399,35 Years,127,69,58,77,42,35,2,1,1,0,0,0,1,0,1,47,26,21
RUNNELS COUNTY,399,36 Years,131,71,60,69,37,32,1,1,0,0,0,0,2,1,1,59,32,27
RUNNELS COUNTY,399,37 Years,106,44,62,60,21,39,1,1,0,0,0,0,1,0,1,44,22,22
RUNNELS COUNTY,399,38 Years,105,51,54,60,29,31,1,0,1,1,0,1,1,1,0,42,21,21
RUNNELS COUNTY,399,39 Years,106,54,52,68,37,31,2,1,1,0,0,0,0,0,0,36,16,20
RUNNELS COUNTY,399,40 Years,103,60,43,67,39,28,2,2,0,0,0,0,1,0,1,33,19,14
RUNNELS COUNTY,399,41 Years,104,65,39,61,37,24,0,0,0,0,0,0,2,1,1,41,27,14
RUNNELS COUNTY,399,42 Years,85,39,46,46,21,25,0,0,0,0,0,0,3,2,1,36,16,20
RUNNELS COUNTY,399,43 Years,84,41,43,48,22,26,1,0,1,0,0,0,1,1,0,34,18,16
RUNNELS COUNTY,399,44 Years,94,46,48,54,23,31,0,0,0,0,0,0,0,0,0,40,23,17
RUNNELS COUNTY,399,45 Years,99,43,56,58,26,32,1,1,0,1,1,0,1,0,1,38,15,23
RUNNELS COUNTY,399,46 Years,94,47,47,56,29,27,1,1,0,0,0,0,1,0,1,36,17,19
RUNNELS COUNTY,399,47 Years,107,52,55,70,33,37,1,1,0,0,0,0,0,0,0,36,18,18
RUNNELS COUNTY,399,48 Years,109,48,61,66,27,39,2,1,1,0,0,0,0,0,0,41,20,21
RUNNELS COUNTY,399,49 Years,122,54,68,80,35,45,2,0,2,0,0,0,1,0,1,39,19,20
RUNNELS COUNTY,399,50 Years,120,52,68,70,37,33,2,0,2,0,0,0,0,0,0,48,15,33
RUNNELS COUNTY,399,51 Years,102,46,56,65,33,32,1,0,1,1,1,0,0,0,0,35,12,23
RUNNELS COUNTY,399,52 Years,108,50,58,67,31,36,1,1,0,0,0,0,0,0,0,40,18,22
RUNNELS COUNTY,399,53 Years,116,57,59,75,33,42,1,0,1,0,0,0,1,1,0,39,23,16
RUNNELS COUNTY,399,54 Years,128,66,62,81,41,40,1,1,0,0,0,0,1,1,0,45,23,22
RUNNELS COUNTY,399,55 Years,125,65,60,85,43,42,3,2,1,0,0,0,1,1,0,36,19,17
RUNNELS COUNTY,399,56 Years,138,68,70,96,46,50,3,3,0,1,0,1,0,0,0,38,19,19
RUNNELS COUNTY,399,57 Years,143,71,72,95,45,50,4,2,2,0,0,0,0,0,0,44,24,20
RUNNELS COUNTY,399,58 Years,122,68,54,82,44,38,2,2,0,0,0,0,2,0,2,36,22,14
RUNNELS COUNTY,399,59 Years,129,68,61,84,43,41,3,1,2,0,0,0,1,1,0,41,23,18
RUNNELS COUNTY,399,60 Years,130,60,70,90,38,52,2,0,2,0,0,0,0,0,0,38,22,16
RUNNELS COUNTY,399,61 Years,115,55,60,77,36,41,3,0,3,0,0,0,0,0,0,35,19,16
RUNNELS COUNTY,399,62 Years,128,70,58,90,48,42,4,3,1,0,0,0,1,0,1,33,19,14
RUNNELS COUNTY,399,63 Years,141,68,73,98,46,52,3,2,1,0,0,0,4,1,3,36,19,17
RUNNELS COUNTY,399,64 Years,130,65,65,91,44,47,2,2,0,1,0,1,1,0,1,35,19,16
RUNNELS COUNTY,399,65 Years,117,60,57,82,39,43,5,3,2,0,0,0,0,0,0,30,18,12
RUNNELS COUNTY,399,66 Years,111,58,53,82,41,41,2,2,0,1,1,0,1,1,0,25,13,12
RUNNELS COUNTY,399,67 Years,138,77,61,103,56,47,1,1,0,0,0,0,3,2,1,31,18,13
RUNNELS COUNTY,399,68 Years,121,66,55,94,51,43,4,2,2,0,0,0,2,2,0,21,11,10
RUNNELS COUNTY,399,69 Years,119,57,62,82,40,42,3,1,2,0,0,0,1,0,1,33,16,17
RUNNELS COUNTY,399,70 Years,109,54,55,76,36,40,1,0,1,0,0,0,1,1,0,31,17,14
RUNNELS COUNTY,399,71 Years,112,43,69,84,30,54,2,0,2,0,0,0,0,0,0,26,13,13
RUNNELS COUNTY,399,72 Years,129,63,66,104,48,56,2,1,1,0,0,0,0,0,0,23,14,9
RUNNELS COUNTY,399,73 Years,111,56,55,85,42,43,3,1,2,0,0,0,0,0,0,23,13,10
RUNNELS COUNTY,399,74 Years,119,58,61,90,45,45,2,0,2,0,0,0,0,0,0,27,13,14
RUNNELS COUNTY,399,75 Years,118,55,63,90,43,47,3,2,1,0,0,0,1,1,0,24,9,15
RUNNELS COUNTY,399,76 Years,109,50,59,82,37,45,1,1,0,0,0,0,2,2,0,24,10,14
RUNNELS COUNTY,399,77 Years,94,42,52,64,29,35,3,1,2,0,0,0,1,1,0,26,11,15
RUNNELS COUNTY,399,78 Years,93,42,51,70,32,38,2,1,1,0,0,0,1,0,1,20,9,11
RUNNELS COUNTY,399,79 Years,77,40,37,56,27,29,2,1,1,0,0,0,0,0,0,19,12,7
RUNNELS COUNTY,399,80 Years,80,39,41,61,30,31,0,0,0,0,0,0,1,0,1,18,9,9
RUNNELS COUNTY,399,81 Years,76,34,42,57,24,33,1,1,0,0,0,0,5,2,3,13,7,6
RUNNELS COUNTY,399,82 Years,55,23,32,43,20,23,1,1,0,0,0,0,1,0,1,10,2,8
RUNNELS COUNTY,399,83 Years,49,23,26,39,18,21,1,1,0,0,0,0,0,0,0,9,4,5
RUNNELS COUNTY,399,84 Years,46,24,22,35,17,18,0,0,0,1,1,0,1,1,0,9,5,4
RUNNELS COUNTY,399,85 Years,41,18,23,33,14,19,0,0,0,1,1,0,0,0,0,7,3,4
RUNNELS COUNTY,399,86 Years,46,19,27,39,17,22,2,0,2,0,0,0,0,0,0,5,2,3
RUNNELS COUNTY,399,87 Years,39,20,19,33,17,16,0,0,0,0,0,0,0,0,0,6,3,3
RUNNELS COUNTY,399,88 Years,38,14,24,30,10,20,0,0,0,0,0,0,1,0,1,7,4,3
RUNNELS COUNTY,399,89 Years,33,15,18,24,10,14,1,0,1,0,0,0,0,0,0,8,5,3
RUNNELS COUNTY,399,90 Years,27,14,13,19,9,10,1,1,0,0,0,0,0,0,0,7,4,3
RUNNELS COUNTY,399,91 Years,25,10,15,18,6,12,1,1,0,0,0,0,0,0,0,6,3,3
RUNNELS COUNTY,399,92 Years,19,8,11,15,6,9,0,0,0,0,0,0,0,0,0,4,2,2
RUNNELS COUNTY,399,93 Years,13,6,7,10,4,6,0,0,0,0,0,0,0,0,0,3,2,1
RUNNELS COUNTY,399,94 Years,13,7,6,10,5,5,0,0,0,0,0,0,1,0,1,2,2,0
RUNNELS COUNTY,399,95 Years +,33,10,23,23,6,17,2,1,1,0,0,0,1,0,1,7,3,4
RUSK COUNTY,401,All Ages,54526,28541,25985,34376,17458,16918,9046,5083,3963,220,107,113,1168,599,569,9716,5294,4422
RUSK COUNTY,401,< 1 Year,590,308,282,318,164,154,82,43,39,0,0,0,25,17,8,165,84,81
RUSK COUNTY,401,1 Years,591,303,288,311,161,150,82,38,44,0,0,0,23,14,9,175,90,85
RUSK COUNTY,401,2 Years,591,307,284,301,157,144,82,41,41,2,2,0,28,18,10,178,89,89
RUSK COUNTY,401,3 Years,617,320,297,305,157,148,89,45,44,2,2,0,28,17,11,193,99,94
RUSK COUNTY,401,4 Years,612,312,300,309,155,154,84,45,39,1,1,0,27,16,11,191,95,96
RUSK COUNTY,401,5 Years,621,314,307,323,163,160,87,44,43,0,0,0,25,15,10,186,92,94
RUSK COUNTY,401,6 Years,640,321,319,333,174,159,88,45,43,0,0,0,22,11,11,197,91,106
RUSK COUNTY,401,7 Years,670,342,328,348,183,165,92,48,44,1,1,0,28,14,14,201,96,105
RUSK COUNTY,401,8 Years,692,350,342,358,184,174,96,56,40,2,1,1,24,11,13,212,98,114
RUSK COUNTY,401,9 Years,666,324,342,353,167,186,87,54,33,1,0,1,27,16,11,198,87,111
RUSK COUNTY,401,10 Years,698,352,346,384,193,191,91,57,34,4,4,0,30,17,13,189,81,108
RUSK COUNTY,401,11 Years,718,350,368,405,203,202,93,49,44,3,1,2,31,11,20,186,86,100
RUSK COUNTY,401,12 Years,712,350,362,399,204,195,90,46,44,2,0,2,28,11,17,193,89,104
RUSK COUNTY,401,13 Years,697,349,348,390,196,194,94,53,41,2,2,0,29,13,16,182,85,97
RUSK COUNTY,401,14 Years,710,369,341,371,196,175,111,72,39,3,2,1,23,12,11,202,87,115
RUSK COUNTY,401,15 Years,640,332,308,334,171,163,99,64,35,3,3,0,19,10,9,185,84,101
RUSK COUNTY,401,16 Years,642,311,331,344,166,178,107,64,43,1,1,0,27,9,18,163,71,92
RUSK COUNTY,401,17 Years,644,316,328,363,177,186,99,53,46,3,2,1,23,10,13,156,74,82
RUSK COUNTY,401,18 Years,721,391,330,380,206,174,129,78,51,3,2,1,21,12,9,188,93,95
RUSK COUNTY,401,19 Years,656,354,302,326,173,153,124,78,46,3,1,2,23,13,10,180,89,91
RUSK COUNTY,401,20 Years,673,391,282,331,183,148,116,82,34,2,1,1,31,21,10,193,104,89
RUSK COUNTY,401,21 Years,674,396,278,328,191,137,137,93,44,1,0,1,25,14,11,183,98,85
RUSK COUNTY,401,22 Years,675,387,288,338,187,151,137,91,46,3,1,2,22,12,10,175,96,79
RUSK COUNTY,401,23 Years,681,395,286,373,202,171,124,83,41,3,1,2,26,16,10,155,93,62
RUSK COUNTY,401,24 Years,739,432,307,397,221,176,135,84,51,2,0,2,29,18,11,176,109,67
RUSK COUNTY,401,25 Years,798,470,328,440,246,194,151,96,55,2,1,1,19,13,6,186,114,72
RUSK COUNTY,401,26 Years,800,468,332,451,241,210,166,112,54,3,1,2,21,14,7,159,100,59
RUSK COUNTY,401,27 Years,790,456,334,463,254,209,174,114,60,6,3,3,15,9,6,132,76,56
RUSK COUNTY,401,28 Years,848,500,348,496,280,216,187,120,67,3,3,0,14,9,5,148,88,60
RUSK COUNTY,401,29 Years,821,460,361,489,250,239,160,104,56,6,2,4,12,9,3,154,95,59
RUSK COUNTY,401,30 Years,785,440,345,475,247,228,159,102,57,4,1,3,8,4,4,139,86,53
RUSK COUNTY,401,31 Years,761,441,320,465,256,209,150,99,51,3,1,2,8,3,5,135,82,53
RUSK COUNTY,401,32 Years,744,411,333,439,236,203,128,82,46,5,3,2,14,5,9,158,85,73
RUSK COUNTY,401,33 Years,751,432,319,446,235,211,127,86,41,4,3,1,13,7,6,161,101,60
RUSK COUNTY,401,34 Years,755,434,321,450,241,209,122,78,44,2,1,1,15,8,7,166,106,60
RUSK COUNTY,401,35 Years,697,391,306,418,217,201,122,78,44,3,1,2,9,5,4,145,90,55
RUSK COUNTY,401,36 Years,702,376,326,426,218,208,147,82,65,3,1,2,6,1,5,120,74,46
RUSK COUNTY,401,37 Years,735,390,345,446,217,229,137,86,51,5,2,3,11,6,5,136,79,57
RUSK COUNTY,401,38 Years,741,386,355,465,225,240,123,78,45,3,2,1,9,4,5,141,77,64
RUSK COUNTY,401,39 Years,742,403,339,448,237,211,132,78,54,3,1,2,9,1,8,150,86,64
RUSK COUNTY,401,40 Years,722,396,326,451,234,217,121,78,43,3,0,3,10,3,7,137,81,56
RUSK COUNTY,401,41 Years,668,371,297,409,221,188,116,69,47,4,2,2,10,2,8,129,77,52
RUSK COUNTY,401,42 Years,662,382,280,408,226,182,118,72,46,4,2,2,12,3,9,120,79,41
RUSK COUNTY,401,43 Years,683,384,299,406,217,189,128,72,56,3,2,1,12,6,6,134,87,47
RUSK COUNTY,401,44 Years,676,369,307,414,218,196,119,67,52,3,1,2,7,3,4,133,80,53
RUSK COUNTY,401,45 Years,658,378,280,391,226,165,113,64,49,3,1,2,12,5,7,139,82,57
RUSK COUNTY,401,46 Years,635,371,264,382,222,160,113,70,43,3,1,2,11,5,6,126,73,53
RUSK COUNTY,401,47 Years,647,375,272,390,231,159,118,67,51,5,2,3,7,3,4,127,72,55
RUSK COUNTY,401,48 Years,702,384,318,448,245,203,126,66,60,6,4,2,11,6,5,111,63,48
RUSK COUNTY,401,49 Years,729,397,332,491,261,230,105,60,45,5,3,2,11,4,7,117,69,48
RUSK COUNTY,401,50 Years,640,348,292,419,214,205,101,62,39,6,4,2,8,2,6,106,66,40
RUSK COUNTY,401,51 Years,630,341,289,401,205,196,119,66,53,1,1,0,10,3,7,99,66,33
RUSK COUNTY,401,52 Years,653,351,302,417,213,204,120,68,52,2,2,0,9,5,4,105,63,42
RUSK COUNTY,401,53 Years,644,341,303,410,211,199,126,65,61,1,0,1,10,5,5,97,60,37
RUSK COUNTY,401,54 Years,664,353,311,443,236,207,131,62,69,2,2,0,11,4,7,77,49,28
RUSK COUNTY,401,55 Years,690,363,327,483,245,238,129,68,61,2,2,0,4,1,3,72,47,25
RUSK COUNTY,401,56 Years,689,357,332,470,235,235,129,62,67,5,2,3,6,5,1,79,53,26
RUSK COUNTY,401,57 Years,696,330,366,490,222,268,126,65,61,5,2,3,1,0,1,74,41,33
RUSK COUNTY,401,58 Years,709,334,375,531,251,280,106,43,63,4,2,2,5,1,4,63,37,26
RUSK COUNTY,401,59 Years,769,373,396,543,257,286,127,64,63,6,3,3,10,4,6,83,45,38
RUSK COUNTY,401,60 Years,693,353,340,491,246,245,119,64,55,3,1,2,8,2,6,72,40,32
RUSK COUNTY,401,61 Years,695,361,334,518,270,248,108,59,49,6,2,4,7,4,3,56,26,30
RUSK COUNTY,401,62 Years,709,357,352,514,260,254,119,57,62,4,1,3,6,3,3,66,36,30
RUSK COUNTY,401,63 Years,686,327,359,508,246,262,113,52,61,2,0,2,8,2,6,55,27,28
RUSK COUNTY,401,64 Years,674,344,330,500,255,245,116,58,58,3,0,3,8,4,4,47,27,20
RUSK COUNTY,401,65 Years,640,315,325,483,235,248,103,45,58,3,2,1,7,4,3,44,29,15
RUSK COUNTY,401,66 Years,665,317,348,514,244,270,96,45,51,2,1,1,8,2,6,45,25,20
RUSK COUNTY,401,67 Years,605,283,322,468,225,243,93,38,55,3,1,2,7,2,5,34,17,17
RUSK COUNTY,401,68 Years,542,266,276,425,208,217,78,38,40,1,1,0,8,4,4,30,15,15
RUSK COUNTY,401,69 Years,538,266,272,406,197,209,92,44,48,2,0,2,8,5,3,30,20,10
RUSK COUNTY,401,70 Years,536,266,270,418,209,209,86,38,48,1,1,0,7,5,2,24,13,11
RUSK COUNTY,401,71 Years,546,270,276,431,217,214,74,32,42,1,0,1,8,6,2,32,15,17
RUSK COUNTY,401,72 Years,547,255,292,437,205,232,76,33,43,1,0,1,7,3,4,26,14,12
RUSK COUNTY,401,73 Years,450,205,245,354,162,192,71,28,43,2,1,1,5,4,1,18,10,8
RUSK COUNTY,401,74 Years,437,207,230,360,174,186,49,19,30,2,1,1,5,2,3,21,11,10
RUSK COUNTY,401,75 Years,397,190,207,319,150,169,51,24,27,0,0,0,5,2,3,22,14,8
RUSK COUNTY,401,76 Years,377,177,200,301,138,163,54,27,27,0,0,0,6,3,3,16,9,7
RUSK COUNTY,401,77 Years,338,147,191,278,120,158,44,20,24,1,0,1,6,3,3,9,4,5
RUSK COUNTY,401,78 Years,313,136,177,270,115,155,34,17,17,0,0,0,3,2,1,6,2,4
RUSK COUNTY,401,79 Years,307,146,161,254,115,139,34,20,14,1,0,1,3,3,0,15,8,7
RUSK COUNTY,401,80 Years,257,113,144,214,92,122,30,15,15,0,0,0,3,2,1,10,4,6
RUSK COUNTY,401,81 Years,247,115,132,204,93,111,29,14,15,0,0,0,6,3,3,8,5,3
RUSK COUNTY,401,82 Years,214,87,127,169,71,98,31,11,20,0,0,0,5,3,2,9,2,7
RUSK COUNTY,401,83 Years,206,93,113,167,72,95,25,12,13,1,1,0,2,2,0,11,6,5
RUSK COUNTY,401,84 Years,196,86,110,158,69,89,28,12,16,0,0,0,2,2,0,8,3,5
RUSK COUNTY,401,85 Years,161,68,93,133,59,74,18,6,12,2,0,2,2,1,1,6,2,4
RUSK COUNTY,401,86 Years,153,66,87,118,51,67,25,10,15,1,1,0,2,0,2,7,4,3
RUSK COUNTY,401,87 Years,134,54,80,106,45,61,23,6,17,1,1,0,1,1,0,3,1,2
RUSK COUNTY,401,88 Years,126,43,83,97,36,61,23,4,19,1,0,1,2,1,1,3,2,1
RUSK COUNTY,401,89 Years,113,41,72,94,35,59,13,3,10,0,0,0,3,1,2,3,2,1
RUSK COUNTY,401,90 Years,90,36,54,78,31,47,7,3,4,1,0,1,1,0,1,3,2,1
RUSK COUNTY,401,91 Years,75,29,46,63,24,39,8,3,5,0,0,0,1,0,1,3,2,1
RUSK COUNTY,401,92 Years,62,26,36,49,20,29,10,4,6,0,0,0,0,0,0,3,2,1
RUSK COUNTY,401,93 Years,49,19,30,41,16,25,6,2,4,0,0,0,0,0,0,2,1,1
RUSK COUNTY,401,94 Years,43,14,29,30,9,21,8,2,6,0,0,0,1,1,0,4,2,2
RUSK COUNTY,401,95 Years +,99,31,68,70,20,50,21,7,14,0,0,0,3,1,2,5,3,2
SABINE COUNTY,403,All Ages,10917,5383,5534,9098,4461,4637,855,444,411,42,13,29,389,190,199,533,275,258
SABINE COUNTY,403,< 1 Year,115,60,55,72,41,31,9,3,6,0,0,0,16,9,7,18,7,11
SABINE COUNTY,403,1 Years,113,61,52,64,35,29,8,4,4,0,0,0,27,14,13,14,8,6
SABINE COUNTY,403,2 Years,116,55,61,65,34,31,8,4,4,1,0,1,29,12,17,13,5,8
SABINE COUNTY,403,3 Years,119,59,60,65,35,30,8,4,4,1,0,1,28,10,18,17,10,7
SABINE COUNTY,403,4 Years,112,62,50,64,37,27,8,5,3,1,0,1,17,6,11,22,14,8
SABINE COUNTY,403,5 Years,108,64,44,61,36,25,7,5,2,0,0,0,17,12,5,23,11,12
SABINE COUNTY,403,6 Years,99,52,47,54,30,24,7,3,4,1,1,0,19,10,9,18,8,10
SABINE COUNTY,403,7 Years,101,53,48,57,33,24,8,5,3,0,0,0,18,9,9,18,6,12
SABINE COUNTY,403,8 Years,99,48,51,63,34,29,9,4,5,0,0,0,10,3,7,17,7,10
SABINE COUNTY,403,9 Years,104,42,62,73,27,46,8,3,5,0,0,0,7,5,2,16,7,9
SABINE COUNTY,403,10 Years,109,51,58,82,36,46,8,4,4,0,0,0,8,5,3,11,6,5
SABINE COUNTY,403,11 Years,118,57,61,91,44,47,10,5,5,1,0,1,7,4,3,9,4,5
SABINE COUNTY,403,12 Years,126,65,61,100,55,45,12,5,7,0,0,0,4,2,2,10,3,7
SABINE COUNTY,403,13 Years,136,70,66,102,49,53,17,12,5,1,0,1,4,2,2,12,7,5
SABINE COUNTY,403,14 Years,122,67,55,93,50,43,12,7,5,1,0,1,5,3,2,11,7,4
SABINE COUNTY,403,15 Years,104,54,50,85,44,41,6,3,3,0,0,0,5,3,2,8,4,4
SABINE COUNTY,403,16 Years,103,54,49,82,42,40,8,6,2,0,0,0,5,3,2,8,3,5
SABINE COUNTY,403,17 Years,105,54,51,84,46,38,8,3,5,1,0,1,4,2,2,8,3,5
SABINE COUNTY,403,18 Years,103,54,49,81,46,35,10,4,6,0,0,0,3,0,3,9,4,5
SABINE COUNTY,403,19 Years,98,56,42,74,43,31,9,4,5,0,0,0,6,3,3,9,6,3
SABINE COUNTY,403,20 Years,90,45,45,69,34,35,8,4,4,0,0,0,8,4,4,5,3,2
SABINE COUNTY,403,21 Years,84,41,43,63,29,34,11,5,6,0,0,0,6,4,2,4,3,1
SABINE COUNTY,403,22 Years,86,39,47,66,30,36,12,6,6,0,0,0,2,1,1,6,2,4
SABINE COUNTY,403,23 Years,93,46,47,77,39,38,8,3,5,0,0,0,6,3,3,2,1,1
SABINE COUNTY,403,24 Years,99,46,53,82,39,43,9,4,5,0,0,0,6,2,4,2,1,1
SABINE COUNTY,403,25 Years,112,57,55,91,45,46,10,7,3,0,0,0,4,2,2,7,3,4
SABINE COUNTY,403,26 Years,114,61,53,93,48,45,15,10,5,1,1,0,3,2,1,2,0,2
SABINE COUNTY,403,27 Years,113,64,49,93,50,43,14,9,5,1,1,0,0,0,0,5,4,1
SABINE COUNTY,403,28 Years,99,50,49,82,44,38,9,3,6,0,0,0,3,1,2,5,2,3
SABINE COUNTY,403,29 Years,102,47,55,85,40,45,9,3,6,0,0,0,3,3,0,5,1,4
SABINE COUNTY,403,30 Years,105,48,57,88,43,45,12,4,8,0,0,0,0,0,0,5,1,4
SABINE COUNTY,403,31 Years,101,48,53,84,40,44,11,7,4,0,0,0,1,0,1,5,1,4
SABINE COUNTY,403,32 Years,103,48,55,84,38,46,7,5,2,0,0,0,3,1,2,9,4,5
SABINE COUNTY,403,33 Years,103,60,43,88,49,39,7,6,1,0,0,0,2,1,1,6,4,2
SABINE COUNTY,403,34 Years,89,47,42,75,34,41,9,8,1,0,0,0,1,1,0,4,4,0
SABINE COUNTY,403,35 Years,84,44,40,77,38,39,4,3,1,0,0,0,1,1,0,2,2,0
SABINE COUNTY,403,36 Years,90,47,43,76,40,36,8,3,5,1,1,0,0,0,0,5,3,2
SABINE COUNTY,403,37 Years,90,46,44,74,33,41,5,3,2,1,1,0,0,0,0,10,9,1
SABINE COUNTY,403,38 Years,91,35,56,72,24,48,11,6,5,0,0,0,1,1,0,7,4,3
SABINE COUNTY,403,39 Years,99,37,62,84,32,52,10,3,7,0,0,0,1,0,1,4,2,2
SABINE COUNTY,403,40 Years,98,41,57,86,36,50,7,3,4,0,0,0,2,1,1,3,1,2
SABINE COUNTY,403,41 Years,98,53,45,85,44,41,9,6,3,1,0,1,1,1,0,2,2,0
SABINE COUNTY,403,42 Years,94,49,45,81,39,42,8,6,2,0,0,0,1,0,1,4,4,0
SABINE COUNTY,403,43 Years,86,47,39,76,41,35,5,4,1,1,0,1,0,0,0,4,2,2
SABINE COUNTY,403,44 Years,84,45,39,73,39,34,5,2,3,1,1,0,1,1,0,4,2,2
SABINE COUNTY,403,45 Years,95,46,49,81,37,44,8,5,3,0,0,0,3,1,2,3,3,0
SABINE COUNTY,403,46 Years,97,47,50,79,39,40,12,6,6,0,0,0,1,0,1,5,2,3
SABINE COUNTY,403,47 Years,107,49,58,92,41,51,10,5,5,1,0,1,0,0,0,4,3,1
SABINE COUNTY,403,48 Years,101,51,50,91,45,46,6,4,2,1,0,1,0,0,0,3,2,1
SABINE COUNTY,403,49 Years,124,61,63,107,53,54,9,3,6,1,1,0,2,2,0,5,2,3
SABINE COUNTY,403,50 Years,129,55,74,113,47,66,9,4,5,1,1,0,1,1,0,5,2,3
SABINE COUNTY,403,51 Years,132,59,73,112,52,60,14,4,10,2,1,1,0,0,0,4,2,2
SABINE COUNTY,403,52 Years,121,51,70,93,35,58,21,11,10,1,0,1,2,1,1,4,4,0
SABINE COUNTY,403,53 Years,118,65,53,99,53,46,12,6,6,0,0,0,2,1,1,5,5,0
SABINE COUNTY,403,54 Years,152,78,74,128,66,62,16,7,9,0,0,0,4,2,2,4,3,1
SABINE COUNTY,403,55 Years,151,86,65,133,77,56,10,5,5,2,0,2,2,1,1,4,3,1
SABINE COUNTY,403,56 Years,143,65,78,126,56,70,10,6,4,1,0,1,2,0,2,4,3,1
SABINE COUNTY,403,57 Years,188,97,91,172,89,83,10,5,5,0,0,0,3,1,2,3,2,1
SABINE COUNTY,403,58 Years,192,102,90,175,93,82,12,7,5,1,0,1,1,0,1,3,2,1
SABINE COUNTY,403,59 Years,187,103,84,171,92,79,11,8,3,1,0,1,2,1,1,2,2,0
SABINE COUNTY,403,60 Years,189,98,91,171,88,83,11,7,4,1,0,1,3,1,2,3,2,1
SABINE COUNTY,403,61 Years,190,89,101,166,79,87,17,9,8,1,0,1,3,1,2,3,0,3
SABINE COUNTY,403,62 Years,196,104,92,177,92,85,16,11,5,0,0,0,2,1,1,1,0,1
SABINE COUNTY,403,63 Years,220,118,102,199,105,94,15,9,6,0,0,0,3,2,1,3,2,1
SABINE COUNTY,403,64 Years,180,93,87,163,82,81,11,8,3,1,0,1,2,1,1,3,2,1
SABINE COUNTY,403,65 Years,182,90,92,170,84,86,9,4,5,0,0,0,3,2,1,0,0,0
SABINE COUNTY,403,66 Years,178,84,94,168,79,89,9,5,4,0,0,0,1,0,1,0,0,0
SABINE COUNTY,403,67 Years,172,80,92,159,74,85,11,6,5,0,0,0,0,0,0,2,0,2
SABINE COUNTY,403,68 Years,172,85,87,154,76,78,9,6,3,0,0,0,1,0,1,8,3,5
SABINE COUNTY,403,69 Years,183,86,97,162,73,89,9,7,2,0,0,0,6,3,3,6,3,3
SABINE COUNTY,403,70 Years,173,88,85,152,77,75,11,7,4,0,0,0,3,1,2,7,3,4
SABINE COUNTY,403,71 Years,181,79,102,162,71,91,9,4,5,1,0,1,4,1,3,5,3,2
SABINE COUNTY,403,72 Years,187,92,95,173,83,90,9,6,3,0,0,0,3,1,2,2,2,0
SABINE COUNTY,403,73 Years,175,85,90,155,72,83,13,7,6,0,0,0,6,5,1,1,1,0
SABINE COUNTY,403,74 Years,158,72,86,142,67,75,9,3,6,1,0,1,3,1,2,3,1,2
SABINE COUNTY,403,75 Years,169,79,90,158,76,82,4,1,3,0,0,0,5,1,4,2,1,1
SABINE COUNTY,403,76 Years,154,78,76,139,69,70,9,6,3,0,0,0,3,1,2,3,2,1
SABINE COUNTY,403,77 Years,131,71,60,118,65,53,7,3,4,1,0,1,1,0,1,4,3,1
SABINE COUNTY,403,78 Years,127,65,62,115,60,55,7,3,4,0,0,0,3,1,2,2,1,1
SABINE COUNTY,403,79 Years,118,62,56,103,54,49,6,3,3,1,0,1,4,2,2,4,3,1
SABINE COUNTY,403,80 Years,100,49,51,89,43,46,7,3,4,0,0,0,3,2,1,1,1,0
SABINE COUNTY,403,81 Years,90,41,49,79,35,44,7,4,3,0,0,0,2,1,1,2,1,1
SABINE COUNTY,403,82 Years,81,34,47,70,29,41,7,3,4,1,1,0,1,0,1,2,1,1
SABINE COUNTY,403,83 Years,81,33,48,69,29,40,8,3,5,0,0,0,0,0,0,4,1,3
SABINE COUNTY,403,84 Years,74,31,43,63,26,37,5,3,2,2,1,1,0,0,0,4,1,3
SABINE COUNTY,403,85 Years,58,25,33,53,23,30,2,0,2,1,0,1,1,1,0,1,1,0
SABINE COUNTY,403,86 Years,55,25,30,49,22,27,4,2,2,0,0,0,1,1,0,1,0,1
SABINE COUNTY,403,87 Years,41,19,22,37,18,19,4,1,3,0,0,0,0,0,0,0,0,0
SABINE COUNTY,403,88 Years,40,15,25,35,15,20,3,0,3,0,0,0,0,0,0,2,0,2
SABINE COUNTY,403,89 Years,42,15,27,36,12,24,4,2,2,1,1,0,0,0,0,1,0,1
SABINE COUNTY,403,90 Years,40,14,26,31,10,21,4,1,3,1,1,0,1,1,0,3,1,2
SABINE COUNTY,403,91 Years,32,11,21,24,8,16,6,2,4,1,0,1,1,1,0,0,0,0
SABINE COUNTY,403,92 Years,24,8,16,18,6,12,4,1,3,1,0,1,0,0,0,1,1,0
SABINE COUNTY,403,93 Years,20,6,14,15,6,9,4,0,4,0,0,0,0,0,0,1,0,1
SABINE COUNTY,403,94 Years,19,5,14,14,4,10,4,1,3,0,0,0,0,0,0,1,0,1
SABINE COUNTY,403,95 Years +,31,10,21,22,9,13,8,1,7,0,0,0,0,0,0,1,0,1
SAN AUGUSTINE COUNTY,405,All Ages,8458,4062,4396,5672,2718,2954,1977,930,1047,21,8,13,120,52,68,668,354,314
SAN AUGUSTINE COUNTY,405,< 1 Year,91,48,43,57,33,24,20,9,11,0,0,0,2,1,1,12,5,7
SAN AUGUSTINE COUNTY,405,1 Years,90,44,46,59,32,27,18,7,11,0,0,0,2,1,1,11,4,7
SAN AUGUSTINE COUNTY,405,2 Years,90,48,42,56,31,25,20,9,11,0,0,0,2,1,1,12,7,5
SAN AUGUSTINE COUNTY,405,3 Years,92,46,46,57,28,29,20,9,11,0,0,0,3,1,2,12,8,4
SAN AUGUSTINE COUNTY,405,4 Years,94,46,48,58,27,31,21,10,11,0,0,0,3,1,2,12,8,4
SAN AUGUSTINE COUNTY,405,5 Years,101,47,54,59,25,34,25,13,12,0,0,0,0,0,0,17,9,8
SAN AUGUSTINE COUNTY,405,6 Years,114,50,64,64,22,42,28,14,14,0,0,0,0,0,0,22,14,8
SAN AUGUSTINE COUNTY,405,7 Years,123,59,64,64,24,40,30,15,15,0,0,0,0,0,0,29,20,9
SAN AUGUSTINE COUNTY,405,8 Years,121,55,66,59,21,38,32,13,19,0,0,0,0,0,0,30,21,9
SAN AUGUSTINE COUNTY,405,9 Years,74,34,40,38,20,18,23,11,12,0,0,0,1,0,1,12,3,9
SAN AUGUSTINE COUNTY,405,10 Years,81,38,43,43,22,21,24,10,14,0,0,0,2,2,0,12,4,8
SAN AUGUSTINE COUNTY,405,11 Years,81,35,46,44,17,27,23,12,11,0,0,0,1,1,0,13,5,8
SAN AUGUSTINE COUNTY,405,12 Years,85,39,46,47,23,24,22,10,12,1,0,1,3,2,1,12,4,8
SAN AUGUSTINE COUNTY,405,13 Years,82,37,45,43,21,22,20,8,12,1,0,1,2,1,1,16,7,9
SAN AUGUSTINE COUNTY,405,14 Years,80,40,40,42,22,20,23,11,12,0,0,0,3,2,1,12,5,7
SAN AUGUSTINE COUNTY,405,15 Years,77,41,36,40,24,16,22,10,12,1,1,0,3,2,1,11,4,7
SAN AUGUSTINE COUNTY,405,16 Years,81,38,43,46,25,21,19,7,12,0,0,0,4,2,2,12,4,8
SAN AUGUSTINE COUNTY,405,17 Years,76,38,38,44,25,19,21,9,12,0,0,0,1,0,1,10,4,6
SAN AUGUSTINE COUNTY,405,18 Years,78,40,38,43,24,19,20,10,10,1,0,1,1,0,1,13,6,7
SAN AUGUSTINE COUNTY,405,19 Years,68,36,32,38,20,18,16,11,5,0,0,0,2,0,2,12,5,7
SAN AUGUSTINE COUNTY,405,20 Years,78,36,42,47,22,25,18,9,9,0,0,0,2,1,1,11,4,7
SAN AUGUSTINE COUNTY,405,21 Years,73,34,39,41,20,21,21,10,11,1,0,1,1,0,1,9,4,5
SAN AUGUSTINE COUNTY,405,22 Years,69,32,37,38,18,20,22,12,10,0,0,0,2,0,2,7,2,5
SAN AUGUSTINE COUNTY,405,23 Years,73,35,38,39,20,19,21,9,12,0,0,0,2,1,1,11,5,6
SAN AUGUSTINE COUNTY,405,24 Years,89,47,42,55,27,28,22,12,10,1,1,0,2,1,1,9,6,3
SAN AUGUSTINE COUNTY,405,25 Years,84,38,46,53,23,30,22,12,10,0,0,0,1,0,1,8,3,5
SAN AUGUSTINE COUNTY,405,26 Years,98,44,54,61,29,32,23,11,12,2,1,1,5,1,4,7,2,5
SAN AUGUSTINE COUNTY,405,27 Years,95,44,51,58,29,29,23,12,11,0,0,0,4,1,3,10,2,8
SAN AUGUSTINE COUNTY,405,28 Years,99,54,45,65,35,30,28,16,12,0,0,0,0,0,0,6,3,3
SAN AUGUSTINE COUNTY,405,29 Years,96,51,45,55,29,26,33,17,16,1,1,0,1,0,1,6,4,2
SAN AUGUSTINE COUNTY,405,30 Years,89,47,42,57,28,29,25,14,11,1,1,0,1,0,1,5,4,1
SAN AUGUSTINE COUNTY,405,31 Years,101,49,52,67,29,38,29,16,13,0,0,0,1,0,1,4,4,0
SAN AUGUSTINE COUNTY,405,32 Years,88,42,46,51,24,27,29,12,17,0,0,0,2,2,0,6,4,2
SAN AUGUSTINE COUNTY,405,33 Years,95,44,51,57,23,34,24,12,12,0,0,0,3,1,2,11,8,3
SAN AUGUSTINE COUNTY,405,34 Years,86,43,43,48,22,26,23,13,10,0,0,0,1,0,1,14,8,6
SAN AUGUSTINE COUNTY,405,35 Years,71,39,32,39,20,19,20,11,9,0,0,0,0,0,0,12,8,4
SAN AUGUSTINE COUNTY,405,36 Years,75,35,40,45,19,26,16,8,8,0,0,0,2,1,1,12,7,5
SAN AUGUSTINE COUNTY,405,37 Years,73,29,44,40,16,24,25,9,16,1,0,1,1,0,1,6,4,2
SAN AUGUSTINE COUNTY,405,38 Years,62,25,37,36,14,22,18,8,10,1,0,1,0,0,0,7,3,4
SAN AUGUSTINE COUNTY,405,39 Years,76,33,43,43,17,26,21,11,10,0,0,0,0,0,0,12,5,7
SAN AUGUSTINE COUNTY,405,40 Years,81,37,44,51,24,27,21,8,13,0,0,0,0,0,0,9,5,4
SAN AUGUSTINE COUNTY,405,41 Years,88,39,49,55,23,32,19,8,11,0,0,0,1,1,0,13,7,6
SAN AUGUSTINE COUNTY,405,42 Years,71,37,34,37,18,19,23,12,11,0,0,0,2,2,0,9,5,4
SAN AUGUSTINE COUNTY,405,43 Years,78,39,39,49,26,23,22,9,13,0,0,0,1,1,0,6,3,3
SAN AUGUSTINE COUNTY,405,44 Years,74,39,35,49,22,27,15,11,4,1,1,0,0,0,0,9,5,4
SAN AUGUSTINE COUNTY,405,45 Years,78,38,40,60,28,32,11,6,5,0,0,0,0,0,0,7,4,3
SAN AUGUSTINE COUNTY,405,46 Years,92,44,48,72,30,42,14,9,5,1,1,0,0,0,0,5,4,1
SAN AUGUSTINE COUNTY,405,47 Years,96,50,46,72,38,34,19,8,11,1,1,0,2,1,1,2,2,0
SAN AUGUSTINE COUNTY,405,48 Years,101,44,57,74,34,40,19,7,12,0,0,0,2,0,2,6,3,3
SAN AUGUSTINE COUNTY,405,49 Years,97,38,59,68,28,40,23,8,15,0,0,0,1,0,1,5,2,3
SAN AUGUSTINE COUNTY,405,50 Years,86,39,47,57,24,33,26,13,13,0,0,0,0,0,0,3,2,1
SAN AUGUSTINE COUNTY,405,51 Years,91,48,43,56,25,31,25,15,10,0,0,0,2,2,0,8,6,2
SAN AUGUSTINE COUNTY,405,52 Years,103,52,51,66,36,30,28,11,17,1,0,1,3,3,0,5,2,3
SAN AUGUSTINE COUNTY,405,53 Years,108,61,47,66,39,27,32,15,17,1,0,1,2,1,1,7,6,1
SAN AUGUSTINE COUNTY,405,54 Years,118,51,67,79,33,46,29,13,16,1,0,1,3,2,1,6,3,3
SAN AUGUSTINE COUNTY,405,55 Years,116,54,62,81,41,40,27,9,18,0,0,0,1,1,0,7,3,4
SAN AUGUSTINE COUNTY,405,56 Years,137,68,69,95,50,45,35,15,20,0,0,0,2,0,2,5,3,2
SAN AUGUSTINE COUNTY,405,57 Years,121,54,67,81,37,44,31,13,18,1,0,1,2,1,1,6,3,3
SAN AUGUSTINE COUNTY,405,58 Years,139,66,73,104,49,55,26,13,13,0,0,0,1,0,1,8,4,4
SAN AUGUSTINE COUNTY,405,59 Years,130,71,59,98,54,44,27,13,14,0,0,0,1,1,0,4,3,1
SAN AUGUSTINE COUNTY,405,60 Years,142,79,63,103,57,46,33,20,13,0,0,0,1,0,1,5,2,3
SAN AUGUSTINE COUNTY,405,61 Years,150,87,63,105,65,40,37,19,18,1,0,1,2,1,1,5,2,3
SAN AUGUSTINE COUNTY,405,62 Years,143,59,84,111,45,66,28,13,15,0,0,0,2,1,1,2,0,2
SAN AUGUSTINE COUNTY,405,63 Years,120,59,61,88,43,45,30,15,15,0,0,0,0,0,0,2,1,1
SAN AUGUSTINE COUNTY,405,64 Years,114,58,56,86,45,41,23,8,15,0,0,0,0,0,0,5,5,0
SAN AUGUSTINE COUNTY,405,65 Years,118,61,57,88,46,42,20,10,10,1,0,1,0,0,0,9,5,4
SAN AUGUSTINE COUNTY,405,66 Years,133,66,67,99,50,49,28,14,14,0,0,0,2,1,1,4,1,3
SAN AUGUSTINE COUNTY,405,67 Years,136,63,73,102,47,55,30,14,16,0,0,0,2,1,1,2,1,1
SAN AUGUSTINE COUNTY,405,68 Years,127,65,62,100,50,50,22,13,9,0,0,0,2,0,2,3,2,1
SAN AUGUSTINE COUNTY,405,69 Years,129,73,56,101,56,45,22,14,8,0,0,0,1,0,1,5,3,2
SAN AUGUSTINE COUNTY,405,70 Years,119,55,64,95,44,51,22,10,12,0,0,0,0,0,0,2,1,1
SAN AUGUSTINE COUNTY,405,71 Years,118,62,56,91,49,42,25,11,14,0,0,0,0,0,0,2,2,0
SAN AUGUSTINE COUNTY,405,72 Years,140,62,78,110,48,62,27,12,15,0,0,0,1,1,0,2,1,1
SAN AUGUSTINE COUNTY,405,73 Years,108,52,56,87,44,43,19,7,12,0,0,0,1,0,1,1,1,0
SAN AUGUSTINE COUNTY,405,74 Years,102,53,49,82,43,39,17,8,9,0,0,0,1,0,1,2,2,0
SAN AUGUSTINE COUNTY,405,75 Years,102,43,59,83,36,47,16,5,11,0,0,0,1,0,1,2,2,0
SAN AUGUSTINE COUNTY,405,76 Years,109,52,57,92,43,49,15,7,8,0,0,0,0,0,0,2,2,0
SAN AUGUSTINE COUNTY,405,77 Years,88,45,43,72,39,33,16,6,10,0,0,0,0,0,0,0,0,0
SAN AUGUSTINE COUNTY,405,78 Years,80,34,46,62,29,33,15,5,10,0,0,0,1,0,1,2,0,2
SAN AUGUSTINE COUNTY,405,79 Years,82,36,46,63,30,33,16,5,11,0,0,0,1,0,1,2,1,1
SAN AUGUSTINE COUNTY,405,80 Years,76,34,42,60,28,32,14,5,9,0,0,0,1,0,1,1,1,0
SAN AUGUSTINE COUNTY,405,81 Years,66,31,35,54,23,31,8,5,3,0,0,0,4,3,1,0,0,0
SAN AUGUSTINE COUNTY,405,82 Years,48,26,22,38,20,18,9,5,4,0,0,0,1,1,0,0,0,0
SAN AUGUSTINE COUNTY,405,83 Years,60,29,31,47,24,23,13,5,8,0,0,0,0,0,0,0,0,0
SAN AUGUSTINE COUNTY,405,84 Years,54,23,31,44,17,27,8,4,4,0,0,0,0,0,0,2,2,0
SAN AUGUSTINE COUNTY,405,85 Years,48,19,29,36,13,23,10,5,5,0,0,0,0,0,0,2,1,1
SAN AUGUSTINE COUNTY,405,86 Years,43,17,26,32,12,20,10,5,5,0,0,0,0,0,0,1,0,1
SAN AUGUSTINE COUNTY,405,87 Years,38,16,22,28,11,17,9,4,5,0,0,0,0,0,0,1,1,0
SAN AUGUSTINE COUNTY,405,88 Years,37,15,22,28,12,16,7,2,5,0,0,0,1,0,1,1,1,0
SAN AUGUSTINE COUNTY,405,89 Years,34,15,19,25,11,14,7,3,4,0,0,0,1,1,0,1,0,1
SAN AUGUSTINE COUNTY,405,90 Years,28,10,18,21,7,14,7,3,4,0,0,0,0,0,0,0,0,0
SAN AUGUSTINE COUNTY,405,91 Years,28,9,19,21,6,15,7,3,4,0,0,0,0,0,0,0,0,0
SAN AUGUSTINE COUNTY,405,92 Years,18,5,13,14,5,9,3,0,3,0,0,0,1,0,1,0,0,0
SAN AUGUSTINE COUNTY,405,93 Years,16,5,11,11,4,7,4,1,3,0,0,0,1,0,1,0,0,0
SAN AUGUSTINE COUNTY,405,94 Years,14,5,9,8,3,5,5,2,3,0,0,0,0,0,0,1,0,1
SAN AUGUSTINE COUNTY,405,95 Years +,36,10,26,19,4,15,13,4,9,0,0,0,0,0,0,4,2,2
SAN JACINTO COUNTY,407,All Ages,29506,14769,14737,21515,10795,10720,2879,1440,1439,136,69,67,635,326,309,4341,2139,2202
SAN JACINTO COUNTY,407,< 1 Year,358,179,179,237,121,116,23,13,10,0,0,0,16,6,10,82,39,43
SAN JACINTO COUNTY,407,1 Years,360,188,172,230,119,111,24,13,11,0,0,0,13,7,6,93,49,44
SAN JACINTO COUNTY,407,2 Years,368,198,170,236,123,113,29,16,13,1,0,1,10,7,3,92,52,40
SAN JACINTO COUNTY,407,3 Years,367,196,171,235,122,113,27,16,11,3,2,1,6,5,1,96,51,45
SAN JACINTO COUNTY,407,4 Years,365,184,181,231,120,111,28,17,11,2,0,2,10,3,7,94,44,50
SAN JACINTO COUNTY,407,5 Years,358,181,177,227,117,110,31,18,13,1,0,1,10,4,6,89,42,47
SAN JACINTO COUNTY,407,6 Years,359,186,173,220,119,101,32,17,15,2,1,1,15,5,10,90,44,46
SAN JACINTO COUNTY,407,7 Years,356,193,163,220,125,95,33,16,17,2,1,1,13,6,7,88,45,43
SAN JACINTO COUNTY,407,8 Years,364,197,167,228,133,95,30,13,17,3,1,2,12,6,6,91,44,47
SAN JACINTO COUNTY,407,9 Years,424,225,199,272,136,136,34,24,10,3,3,0,7,6,1,108,56,52
SAN JACINTO COUNTY,407,10 Years,322,174,148,209,117,92,32,21,11,0,0,0,13,6,7,68,30,38
SAN JACINTO COUNTY,407,11 Years,354,199,155,223,124,99,33,23,10,0,0,0,10,4,6,88,48,40
SAN JACINTO COUNTY,407,12 Years,365,203,162,233,125,108,31,22,9,5,4,1,9,6,3,87,46,41
SAN JACINTO COUNTY,407,13 Years,356,189,167,222,117,105,34,18,16,2,2,0,12,11,1,86,41,45
SAN JACINTO COUNTY,407,14 Years,359,183,176,228,114,114,41,22,19,1,1,0,11,6,5,78,40,38
SAN JACINTO COUNTY,407,15 Years,358,185,173,227,118,109,34,18,16,4,3,1,10,4,6,83,42,41
SAN JACINTO COUNTY,407,16 Years,357,186,171,218,119,99,32,16,16,4,3,1,12,5,7,91,43,48
SAN JACINTO COUNTY,407,17 Years,353,178,175,210,111,99,30,17,13,2,1,1,14,5,9,97,44,53
SAN JACINTO COUNTY,407,18 Years,345,172,173,204,106,98,30,16,14,0,0,0,12,4,8,99,46,53
SAN JACINTO COUNTY,407,19 Years,314,166,148,187,104,83,31,13,18,0,0,0,7,4,3,89,45,44
SAN JACINTO COUNTY,407,20 Years,288,154,134,173,98,75,39,21,18,0,0,0,11,6,5,65,29,36
SAN JACINTO COUNTY,407,21 Years,318,179,139,180,107,73,38,24,14,0,0,0,11,5,6,89,43,46
SAN JACINTO COUNTY,407,22 Years,312,167,145,171,92,79,33,18,15,0,0,0,11,6,5,97,51,46
SAN JACINTO COUNTY,407,23 Years,350,167,183,202,89,113,49,31,18,3,2,1,9,5,4,87,40,47
SAN JACINTO COUNTY,407,24 Years,353,175,178,214,107,107,46,25,21,4,2,2,8,4,4,81,37,44
SAN JACINTO COUNTY,407,25 Years,349,170,179,220,112,108,40,16,24,4,1,3,8,6,2,77,35,42
SAN JACINTO COUNTY,407,26 Years,390,181,209,248,111,137,46,20,26,4,3,1,15,7,8,77,40,37
SAN JACINTO COUNTY,407,27 Years,382,178,204,267,120,147,44,26,18,2,1,1,10,5,5,59,26,33
SAN JACINTO COUNTY,407,28 Years,402,184,218,280,122,158,42,21,21,2,1,1,6,3,3,72,37,35
SAN JACINTO COUNTY,407,29 Years,381,172,209,260,110,150,37,18,19,2,1,1,9,5,4,73,38,35
SAN JACINTO COUNTY,407,30 Years,354,177,177,253,117,136,32,14,18,0,0,0,4,2,2,65,44,21
SAN JACINTO COUNTY,407,31 Years,357,188,169,243,124,119,31,16,15,4,2,2,2,2,0,77,44,33
SAN JACINTO COUNTY,407,32 Years,339,180,159,222,116,106,34,19,15,5,4,1,4,0,4,74,41,33
SAN JACINTO COUNTY,407,33 Years,283,148,135,210,109,101,34,17,17,1,1,0,1,0,1,37,21,16
SAN JACINTO COUNTY,407,34 Years,287,139,148,215,102,113,31,19,12,2,2,0,1,1,0,38,15,23
SAN JACINTO COUNTY,407,35 Years,315,155,160,236,115,121,26,16,10,0,0,0,6,4,2,47,20,27
SAN JACINTO COUNTY,407,36 Years,306,150,156,211,106,105,36,16,20,1,1,0,7,6,1,51,21,30
SAN JACINTO COUNTY,407,37 Years,285,130,155,205,92,113,27,15,12,0,0,0,5,3,2,48,20,28
SAN JACINTO COUNTY,407,38 Years,278,125,153,196,84,112,23,15,8,3,1,2,4,3,1,52,22,30
SAN JACINTO COUNTY,407,39 Years,298,150,148,220,111,109,27,11,16,3,1,2,6,5,1,42,22,20
SAN JACINTO COUNTY,407,40 Years,282,145,137,204,107,97,30,18,12,0,0,0,3,1,2,45,19,26
SAN JACINTO COUNTY,407,41 Years,294,135,159,220,95,125,34,19,15,1,0,1,3,3,0,36,18,18
SAN JACINTO COUNTY,407,42 Years,256,122,134,191,86,105,26,11,15,3,2,1,4,3,1,32,20,12
SAN JACINTO COUNTY,407,43 Years,285,140,145,203,105,98,23,10,13,1,0,1,1,0,1,57,25,32
SAN JACINTO COUNTY,407,44 Years,282,128,154,209,98,111,20,10,10,3,1,2,2,1,1,48,18,30
SAN JACINTO COUNTY,407,45 Years,299,136,163,223,103,120,28,14,14,1,1,0,3,1,2,44,17,27
SAN JACINTO COUNTY,407,46 Years,322,170,152,249,133,116,31,13,18,1,1,0,4,2,2,37,21,16
SAN JACINTO COUNTY,407,47 Years,348,169,179,267,136,131,28,10,18,1,1,0,2,2,0,50,20,30
SAN JACINTO COUNTY,407,48 Years,307,142,165,240,114,126,30,14,16,2,0,2,5,3,2,30,11,19
SAN JACINTO COUNTY,407,49 Years,341,161,180,256,129,127,38,15,23,3,1,2,4,3,1,40,13,27
SAN JACINTO COUNTY,407,50 Years,340,169,171,255,133,122,29,15,14,2,1,1,4,1,3,50,19,31
SAN JACINTO COUNTY,407,51 Years,309,158,151,228,120,108,30,13,17,2,1,1,6,2,4,43,22,21
SAN JACINTO COUNTY,407,52 Years,295,146,149,236,116,120,22,8,14,1,1,0,5,3,2,31,18,13
SAN JACINTO COUNTY,407,53 Years,342,174,168,276,142,134,31,13,18,3,1,2,5,2,3,27,16,11
SAN JACINTO COUNTY,407,54 Years,357,167,190,265,130,135,37,15,22,1,0,1,8,3,5,46,19,27
SAN JACINTO COUNTY,407,55 Years,400,202,198,307,155,152,43,19,24,0,0,0,10,4,6,40,24,16
SAN JACINTO COUNTY,407,56 Years,441,236,205,352,186,166,46,23,23,1,0,1,8,4,4,34,23,11
SAN JACINTO COUNTY,407,57 Years,441,234,207,355,192,163,39,17,22,1,0,1,15,8,7,31,17,14
SAN JACINTO COUNTY,407,58 Years,436,215,221,348,177,171,44,21,23,1,0,1,12,5,7,31,12,19
SAN JACINTO COUNTY,407,59 Years,483,252,231,392,203,189,50,25,25,0,0,0,13,9,4,28,15,13
SAN JACINTO COUNTY,407,60 Years,494,246,248,403,202,201,50,22,28,3,1,2,11,5,6,27,16,11
SAN JACINTO COUNTY,407,61 Years,469,233,236,381,194,187,48,22,26,1,0,1,10,4,6,29,13,16
SAN JACINTO COUNTY,407,62 Years,486,244,242,401,201,200,44,22,22,0,0,0,7,2,5,34,19,15
SAN JACINTO COUNTY,407,63 Years,470,242,228,394,206,188,41,20,21,0,0,0,7,2,5,28,14,14
SAN JACINTO COUNTY,407,64 Years,461,233,228,371,193,178,57,26,31,3,0,3,6,2,4,24,12,12
SAN JACINTO COUNTY,407,65 Years,409,206,203,328,162,166,49,25,24,1,0,1,8,5,3,23,14,9
SAN JACINTO COUNTY,407,66 Years,400,203,197,333,168,165,37,20,17,0,0,0,6,3,3,24,12,12
SAN JACINTO COUNTY,407,67 Years,399,186,213,327,154,173,36,19,17,2,1,1,7,2,5,27,10,17
SAN JACINTO COUNTY,407,68 Years,375,190,185,296,150,146,44,19,25,3,1,2,8,5,3,24,15,9
SAN JACINTO COUNTY,407,69 Years,399,198,201,328,166,162,42,18,24,3,1,2,10,5,5,16,8,8
SAN JACINTO COUNTY,407,70 Years,385,194,191,326,161,165,33,18,15,2,2,0,10,8,2,14,5,9
SAN JACINTO COUNTY,407,71 Years,359,179,180,306,152,154,33,16,17,1,1,0,6,4,2,13,6,7
SAN JACINTO COUNTY,407,72 Years,367,179,188,308,146,162,32,15,17,2,2,0,8,5,3,17,11,6
SAN JACINTO COUNTY,407,73 Years,307,144,163,252,116,136,27,15,12,0,0,0,10,4,6,18,9,9
SAN JACINTO COUNTY,407,74 Years,312,156,156,261,133,128,31,14,17,1,0,1,6,3,3,13,6,7
SAN JACINTO COUNTY,407,75 Years,299,148,151,252,129,123,28,12,16,3,1,2,2,1,1,14,5,9
SAN JACINTO COUNTY,407,76 Years,298,149,149,257,132,125,25,11,14,1,1,0,4,0,4,11,5,6
SAN JACINTO COUNTY,407,77 Years,283,134,149,248,119,129,23,10,13,0,0,0,3,1,2,9,4,5
SAN JACINTO COUNTY,407,78 Years,251,122,129,219,106,113,20,7,13,1,1,0,3,3,0,8,5,3
SAN JACINTO COUNTY,407,79 Years,228,110,118,198,95,103,20,8,12,1,0,1,2,2,0,7,5,2
SAN JACINTO COUNTY,407,80 Years,191,101,90,160,85,75,18,8,10,1,1,0,3,2,1,9,5,4
SAN JACINTO COUNTY,407,81 Years,162,79,83,136,67,69,16,6,10,0,0,0,2,1,1,8,5,3
SAN JACINTO COUNTY,407,82 Years,144,66,78,121,56,65,16,7,9,0,0,0,2,1,1,5,2,3
SAN JACINTO COUNTY,407,83 Years,144,63,81,120,54,66,15,6,9,1,0,1,3,1,2,5,2,3
SAN JACINTO COUNTY,407,84 Years,138,59,79,116,50,66,13,6,7,0,0,0,2,1,1,7,2,5
SAN JACINTO COUNTY,407,85 Years,116,57,59,96,47,49,11,5,6,0,0,0,2,1,1,7,4,3
SAN JACINTO COUNTY,407,86 Years,97,50,47,75,38,37,10,4,6,0,0,0,2,2,0,10,6,4
SAN JACINTO COUNTY,407,87 Years,84,36,48,65,29,36,9,4,5,2,0,2,1,0,1,7,3,4
SAN JACINTO COUNTY,407,88 Years,66,29,37,51,21,30,9,5,4,0,0,0,2,1,1,4,2,2
SAN JACINTO COUNTY,407,89 Years,53,24,29,41,19,22,8,3,5,0,0,0,1,1,0,3,1,2
SAN JACINTO COUNTY,407,90 Years,43,18,25,33,13,20,7,3,4,0,0,0,0,0,0,3,2,1
SAN JACINTO COUNTY,407,91 Years,48,16,32,35,10,25,7,3,4,0,0,0,1,0,1,5,3,2
SAN JACINTO COUNTY,407,92 Years,32,12,20,24,9,15,5,2,3,0,0,0,0,0,0,3,1,2
SAN JACINTO COUNTY,407,93 Years,25,9,16,16,6,10,5,2,3,0,0,0,1,0,1,3,1,2
SAN JACINTO COUNTY,407,94 Years,17,6,11,11,4,7,5,2,3,0,0,0,0,0,0,1,0,1
SAN JACINTO COUNTY,407,95 Years +,46,16,30,27,8,19,12,5,7,1,0,1,2,1,1,4,2,2
SAN PATRICIO COUNTY,409,All Ages,66688,33619,33069,25322,12895,12427,932,500,432,524,230,294,957,447,510,38953,19547,19406
SAN PATRICIO COUNTY,409,< 1 Year,871,456,415,242,128,114,8,3,5,2,2,0,16,8,8,603,315,288
SAN PATRICIO COUNTY,409,1 Years,880,464,416,249,133,116,9,4,5,3,2,1,21,11,10,598,314,284
SAN PATRICIO COUNTY,409,2 Years,951,495,456,264,138,126,10,5,5,3,1,2,23,11,12,651,340,311
SAN PATRICIO COUNTY,409,3 Years,985,510,475,268,141,127,12,7,5,3,1,2,26,11,15,676,350,326
SAN PATRICIO COUNTY,409,4 Years,1025,522,503,276,142,134,13,8,5,3,2,1,24,9,15,709,361,348
SAN PATRICIO COUNTY,409,5 Years,1012,517,495,277,146,131,11,6,5,3,1,2,18,7,11,703,357,346
SAN PATRICIO COUNTY,409,6 Years,985,501,484,281,147,134,10,4,6,3,1,2,18,6,12,673,343,330
SAN PATRICIO COUNTY,409,7 Years,943,492,451,276,148,128,9,3,6,3,1,2,18,7,11,637,333,304
SAN PATRICIO COUNTY,409,8 Years,930,479,451,277,143,134,8,3,5,2,1,1,18,7,11,625,325,300
SAN PATRICIO COUNTY,409,9 Years,1006,514,492,293,137,156,12,6,6,2,1,1,15,7,8,684,363,321
SAN PATRICIO COUNTY,409,10 Years,963,485,478,272,133,139,11,4,7,3,2,1,17,8,9,660,338,322
SAN PATRICIO COUNTY,409,11 Years,929,468,461,274,149,125,7,1,6,4,2,2,12,4,8,632,312,320
SAN PATRICIO COUNTY,409,12 Years,933,470,463,280,150,130,8,3,5,4,3,1,15,4,11,626,310,316
SAN PATRICIO COUNTY,409,13 Years,913,444,469,258,127,131,8,3,5,6,2,4,13,5,8,628,307,321
SAN PATRICIO COUNTY,409,14 Years,991,489,502,265,136,129,12,9,3,4,2,2,23,11,12,687,331,356
SAN PATRICIO COUNTY,409,15 Years,989,495,494,291,155,136,13,8,5,3,2,1,21,11,10,661,319,342
SAN PATRICIO COUNTY,409,16 Years,920,467,453,296,153,143,18,11,7,7,4,3,16,12,4,583,287,296
SAN PATRICIO COUNTY,409,17 Years,933,459,474,300,145,155,14,8,6,7,5,2,18,10,8,594,291,303
SAN PATRICIO COUNTY,409,18 Years,931,482,449,279,157,122,12,7,5,7,4,3,14,8,6,619,306,313
SAN PATRICIO COUNTY,409,19 Years,831,431,400,225,121,104,11,5,6,4,2,2,15,8,7,576,295,281
SAN PATRICIO COUNTY,409,20 Years,787,379,408,217,116,101,13,4,9,13,1,12,17,7,10,527,251,276
SAN PATRICIO COUNTY,409,21 Years,778,406,372,219,122,97,12,6,6,16,11,5,11,4,7,520,263,257
SAN PATRICIO COUNTY,409,22 Years,821,440,381,239,132,107,9,7,2,7,6,1,22,8,14,544,287,257
SAN PATRICIO COUNTY,409,23 Years,874,450,424,261,135,126,9,5,4,7,4,3,15,6,9,582,300,282
SAN PATRICIO COUNTY,409,24 Years,938,505,433,303,165,138,18,9,9,3,3,0,18,8,10,596,320,276
SAN PATRICIO COUNTY,409,25 Years,993,545,448,331,179,152,15,9,6,8,7,1,23,12,11,616,338,278
SAN PATRICIO COUNTY,409,26 Years,1011,542,469,333,174,159,18,9,9,10,3,7,19,13,6,631,343,288
SAN PATRICIO COUNTY,409,27 Years,1054,582,472,341,194,147,13,7,6,6,3,3,12,6,6,682,372,310
SAN PATRICIO COUNTY,409,28 Years,1036,561,475,347,189,158,12,8,4,11,9,2,8,2,6,658,353,305
SAN PATRICIO COUNTY,409,29 Years,1047,569,478,348,195,153,9,5,4,5,3,2,11,7,4,674,359,315
SAN PATRICIO COUNTY,409,30 Years,983,526,457,333,169,164,13,6,7,4,3,1,8,6,2,625,342,283
SAN PATRICIO COUNTY,409,31 Years,941,492,449,357,186,171,11,8,3,4,1,3,8,4,4,561,293,268
SAN PATRICIO COUNTY,409,32 Years,965,496,469,358,183,175,13,10,3,5,3,2,14,6,8,575,294,281
SAN PATRICIO COUNTY,409,33 Years,899,450,449,326,173,153,7,5,2,3,2,1,16,5,11,547,265,282
SAN PATRICIO COUNTY,409,34 Years,901,476,425,333,188,145,13,8,5,3,2,1,8,3,5,544,275,269
SAN PATRICIO COUNTY,409,35 Years,904,467,437,312,168,144,12,8,4,6,3,3,8,3,5,566,285,281
SAN PATRICIO COUNTY,409,36 Years,920,451,469,338,169,169,15,10,5,4,1,3,10,7,3,553,264,289
SAN PATRICIO COUNTY,409,37 Years,894,445,449,311,150,161,14,7,7,5,1,4,6,5,1,558,282,276
SAN PATRICIO COUNTY,409,38 Years,865,441,424,309,159,150,11,6,5,8,4,4,7,4,3,530,268,262
SAN PATRICIO COUNTY,409,39 Years,888,450,438,308,152,156,9,5,4,7,2,5,7,4,3,557,287,270
SAN PATRICIO COUNTY,409,40 Years,869,458,411,302,156,146,11,8,3,5,3,2,6,3,3,545,288,257
SAN PATRICIO COUNTY,409,41 Years,797,410,387,288,153,135,12,5,7,7,3,4,7,5,2,483,244,239
SAN PATRICIO COUNTY,409,42 Years,778,397,381,288,149,139,10,4,6,9,2,7,11,6,5,460,236,224
SAN PATRICIO COUNTY,409,43 Years,765,404,361,266,145,121,12,8,4,9,4,5,10,5,5,468,242,226
SAN PATRICIO COUNTY,409,44 Years,719,372,347,257,133,124,8,4,4,7,3,4,13,6,7,434,226,208
SAN PATRICIO COUNTY,409,45 Years,681,338,343,246,122,124,7,3,4,7,4,3,10,5,5,411,204,207
SAN PATRICIO COUNTY,409,46 Years,721,351,370,277,137,140,9,4,5,6,4,2,7,3,4,422,203,219
SAN PATRICIO COUNTY,409,47 Years,737,353,384,291,147,144,13,6,7,9,2,7,6,2,4,418,196,222
SAN PATRICIO COUNTY,409,48 Years,765,371,394,298,147,151,16,12,4,7,3,4,6,2,4,438,207,231
SAN PATRICIO COUNTY,409,49 Years,769,361,408,320,143,177,13,8,5,7,3,4,7,4,3,422,203,219
SAN PATRICIO COUNTY,409,50 Years,710,365,345,287,145,142,11,6,5,12,7,5,5,3,2,395,204,191
SAN PATRICIO COUNTY,409,51 Years,694,335,359,268,139,129,9,6,3,13,6,7,12,5,7,392,179,213
SAN PATRICIO COUNTY,409,52 Years,677,336,341,270,142,128,13,8,5,10,5,5,7,2,5,377,179,198
SAN PATRICIO COUNTY,409,53 Years,735,362,373,320,170,150,12,7,5,5,2,3,7,2,5,391,181,210
SAN PATRICIO COUNTY,409,54 Years,779,373,406,349,177,172,12,6,6,13,5,8,6,3,3,399,182,217
SAN PATRICIO COUNTY,409,55 Years,769,381,388,346,176,170,16,10,6,12,5,7,5,1,4,390,189,201
SAN PATRICIO COUNTY,409,56 Years,774,396,378,350,173,177,14,8,6,14,4,10,11,7,4,385,204,181
SAN PATRICIO COUNTY,409,57 Years,778,378,400,360,176,184,14,8,6,14,3,11,10,7,3,380,184,196
SAN PATRICIO COUNTY,409,58 Years,783,399,384,392,206,186,15,9,6,10,3,7,10,6,4,356,175,181
SAN PATRICIO COUNTY,409,59 Years,770,376,394,377,183,194,10,5,5,9,4,5,13,7,6,361,177,184
SAN PATRICIO COUNTY,409,60 Years,733,365,368,370,186,184,10,5,5,10,2,8,11,5,6,332,167,165
SAN PATRICIO COUNTY,409,61 Years,702,341,361,355,176,179,14,7,7,11,4,7,12,4,8,310,150,160
SAN PATRICIO COUNTY,409,62 Years,682,339,343,340,173,167,11,5,6,7,3,4,15,5,10,309,153,156
SAN PATRICIO COUNTY,409,63 Years,687,340,347,330,168,162,13,6,7,6,2,4,11,4,7,327,160,167
SAN PATRICIO COUNTY,409,64 Years,694,362,332,328,176,152,13,6,7,4,1,3,11,5,6,338,174,164
SAN PATRICIO COUNTY,409,65 Years,717,362,355,361,184,177,15,10,5,8,3,5,9,3,6,324,162,162
SAN PATRICIO COUNTY,409,66 Years,684,352,332,344,184,160,10,7,3,8,3,5,8,4,4,314,154,160
SAN PATRICIO COUNTY,409,67 Years,631,325,306,342,178,164,9,5,4,5,1,4,6,4,2,269,137,132
SAN PATRICIO COUNTY,409,68 Years,622,305,317,322,156,166,6,3,3,7,3,4,8,6,2,279,137,142
SAN PATRICIO COUNTY,409,69 Years,631,318,313,329,163,166,9,5,4,6,3,3,5,3,2,282,144,138
SAN PATRICIO COUNTY,409,70 Years,618,305,313,319,154,165,7,4,3,5,2,3,7,5,2,280,140,140
SAN PATRICIO COUNTY,409,71 Years,639,326,313,339,174,165,8,5,3,3,1,2,12,5,7,277,141,136
SAN PATRICIO COUNTY,409,72 Years,635,308,327,350,171,179,10,6,4,1,0,1,9,4,5,265,127,138
SAN PATRICIO COUNTY,409,73 Years,518,252,266,257,124,133,5,2,3,4,0,4,9,3,6,243,123,120
SAN PATRICIO COUNTY,409,74 Years,507,240,267,268,124,144,5,3,2,7,0,7,3,0,3,224,113,111
SAN PATRICIO COUNTY,409,75 Years,497,230,267,270,124,146,6,4,2,5,0,5,5,1,4,211,101,110
SAN PATRICIO COUNTY,409,76 Years,445,196,249,250,113,137,6,3,3,3,1,2,5,1,4,181,78,103
SAN PATRICIO COUNTY,409,77 Years,367,164,203,218,105,113,3,0,3,2,1,1,7,2,5,137,56,81
SAN PATRICIO COUNTY,409,78 Years,356,161,195,215,108,107,3,2,1,1,1,0,5,2,3,132,48,84
SAN PATRICIO COUNTY,409,79 Years,318,146,172,177,84,93,5,1,4,2,0,2,2,1,1,132,60,72
SAN PATRICIO COUNTY,409,80 Years,280,122,158,166,72,94,3,1,2,3,2,1,2,1,1,106,46,60
SAN PATRICIO COUNTY,409,81 Years,293,123,170,177,76,101,7,2,5,3,1,2,3,2,1,103,42,61
SAN PATRICIO COUNTY,409,82 Years,239,112,127,145,70,75,6,3,3,1,0,1,1,1,0,86,38,48
SAN PATRICIO COUNTY,409,83 Years,221,98,123,134,65,69,5,2,3,1,0,1,1,1,0,80,30,50
SAN PATRICIO COUNTY,409,84 Years,228,101,127,131,58,73,6,3,3,2,1,1,1,1,0,88,38,50
SAN PATRICIO COUNTY,409,85 Years,204,94,110,119,57,62,4,2,2,2,2,0,1,1,0,78,32,46
SAN PATRICIO COUNTY,409,86 Years,175,82,93,99,48,51,4,3,1,2,2,0,1,1,0,69,28,41
SAN PATRICIO COUNTY,409,87 Years,163,65,98,88,36,52,2,2,0,2,1,1,2,0,2,69,26,43
SAN PATRICIO COUNTY,409,88 Years,140,51,89,75,29,46,3,0,3,1,0,1,1,0,1,60,22,38
SAN PATRICIO COUNTY,409,89 Years,114,46,68,59,26,33,5,1,4,1,1,0,1,1,0,48,17,31
SAN PATRICIO COUNTY,409,90 Years,95,39,56,52,23,29,5,2,3,0,0,0,1,1,0,37,13,24
SAN PATRICIO COUNTY,409,91 Years,89,33,56,46,20,26,2,1,1,2,1,1,2,1,1,37,10,27
SAN PATRICIO COUNTY,409,92 Years,70,21,49,32,11,21,2,1,1,0,0,0,1,0,1,35,9,26
SAN PATRICIO COUNTY,409,93 Years,58,19,39,30,10,20,2,0,2,0,0,0,0,0,0,26,9,17
SAN PATRICIO COUNTY,409,94 Years,48,16,32,23,8,15,4,2,2,0,0,0,0,0,0,21,6,15
SAN PATRICIO COUNTY,409,95 Years +,98,31,67,43,15,28,5,1,4,3,0,3,1,0,1,46,15,31
SAN SABA COUNTY,411,All Ages,6227,3342,2885,3975,2004,1971,204,192,12,11,6,5,86,36,50,1951,1104,847
SAN SABA COUNTY,411,< 1 Year,78,39,39,41,19,22,0,0,0,0,0,0,0,0,0,37,20,17
SAN SABA COUNTY,411,1 Years,67,33,34,37,17,20,0,0,0,0,0,0,0,0,0,30,16,14
SAN SABA COUNTY,411,2 Years,65,33,32,35,17,18,0,0,0,0,0,0,0,0,0,30,16,14
SAN SABA COUNTY,411,3 Years,65,35,30,35,17,18,0,0,0,0,0,0,1,1,0,29,17,12
SAN SABA COUNTY,411,4 Years,69,37,32,35,18,17,0,0,0,0,0,0,0,0,0,34,19,15
SAN SABA COUNTY,411,5 Years,66,37,29,34,19,15,0,0,0,0,0,0,0,0,0,32,18,14
SAN SABA COUNTY,411,6 Years,69,35,34,35,21,14,0,0,0,0,0,0,0,0,0,34,14,20
SAN SABA COUNTY,411,7 Years,69,34,35,36,23,13,0,0,0,0,0,0,1,0,1,32,11,21
SAN SABA COUNTY,411,8 Years,70,34,36,36,22,14,0,0,0,0,0,0,3,1,2,31,11,20
SAN SABA COUNTY,411,9 Years,73,35,38,42,16,26,0,0,0,0,0,0,0,0,0,31,19,12
SAN SABA COUNTY,411,10 Years,71,33,38,37,16,21,1,1,0,0,0,0,0,0,0,33,16,17
SAN SABA COUNTY,411,11 Years,78,31,47,37,13,24,0,0,0,0,0,0,1,1,0,40,17,23
SAN SABA COUNTY,411,12 Years,77,36,41,46,21,25,0,0,0,0,0,0,1,1,0,30,14,16
SAN SABA COUNTY,411,13 Years,69,29,40,39,15,24,0,0,0,0,0,0,1,1,0,29,13,16
SAN SABA COUNTY,411,14 Years,58,25,33,28,11,17,0,0,0,0,0,0,1,1,0,29,13,16
SAN SABA COUNTY,411,15 Years,75,34,41,38,16,22,1,1,0,0,0,0,2,2,0,34,15,19
SAN SABA COUNTY,411,16 Years,66,33,33,36,16,20,2,1,1,0,0,0,2,1,1,26,15,11
SAN SABA COUNTY,411,17 Years,69,29,40,30,11,19,3,0,3,1,0,1,3,0,3,32,18,14
SAN SABA COUNTY,411,18 Years,61,33,28,28,13,15,1,0,1,1,0,1,0,0,0,31,20,11
SAN SABA COUNTY,411,19 Years,57,32,25,26,13,13,4,4,0,0,0,0,0,0,0,27,15,12
SAN SABA COUNTY,411,20 Years,70,45,25,35,20,15,6,6,0,0,0,0,1,0,1,28,19,9
SAN SABA COUNTY,411,21 Years,75,50,25,31,17,14,12,12,0,0,0,0,1,0,1,31,21,10
SAN SABA COUNTY,411,22 Years,89,55,34,43,24,19,7,7,0,0,0,0,3,0,3,36,24,12
SAN SABA COUNTY,411,23 Years,102,72,30,52,35,17,9,9,0,0,0,0,1,0,1,40,28,12
SAN SABA COUNTY,411,24 Years,106,73,33,55,35,20,18,18,0,0,0,0,2,0,2,31,20,11
SAN SABA COUNTY,411,25 Years,114,82,32,65,44,21,12,12,0,0,0,0,0,0,0,37,26,11
SAN SABA COUNTY,411,26 Years,105,70,35,56,34,22,15,13,2,0,0,0,1,0,1,33,23,10
SAN SABA COUNTY,411,27 Years,96,61,35,53,31,22,10,8,2,0,0,0,1,0,1,32,22,10
SAN SABA COUNTY,411,28 Years,101,65,36,56,33,23,10,10,0,1,1,0,2,0,2,32,21,11
SAN SABA COUNTY,411,29 Years,99,64,35,55,31,24,14,14,0,1,1,0,0,0,0,29,18,11
SAN SABA COUNTY,411,30 Years,87,55,32,43,21,22,12,12,0,0,0,0,0,0,0,32,22,10
SAN SABA COUNTY,411,31 Years,78,54,24,36,25,11,13,13,0,0,0,0,0,0,0,29,16,13
SAN SABA COUNTY,411,32 Years,81,55,26,42,27,15,7,7,0,0,0,0,1,0,1,31,21,10
SAN SABA COUNTY,411,33 Years,75,48,27,34,19,15,6,6,0,2,2,0,0,0,0,33,21,12
SAN SABA COUNTY,411,34 Years,69,50,19,31,21,10,6,6,0,0,0,0,0,0,0,32,23,9
SAN SABA COUNTY,411,35 Years,67,39,28,34,14,20,5,5,0,0,0,0,2,1,1,26,19,7
SAN SABA COUNTY,411,36 Years,59,34,25,25,11,14,0,0,0,0,0,0,3,2,1,31,21,10
SAN SABA COUNTY,411,37 Years,55,31,24,24,12,12,0,0,0,0,0,0,1,0,1,30,19,11
SAN SABA COUNTY,411,38 Years,66,34,32,34,14,20,0,0,0,0,0,0,0,0,0,32,20,12
SAN SABA COUNTY,411,39 Years,58,38,20,28,14,14,4,4,0,0,0,0,0,0,0,26,20,6
SAN SABA COUNTY,411,40 Years,45,28,17,23,12,11,6,6,0,0,0,0,1,1,0,15,9,6
SAN SABA COUNTY,411,41 Years,54,31,23,31,13,18,3,3,0,0,0,0,2,2,0,18,13,5
SAN SABA COUNTY,411,42 Years,48,21,27,28,11,17,2,2,0,0,0,0,2,1,1,16,7,9
SAN SABA COUNTY,411,43 Years,41,16,25,28,10,18,3,3,0,0,0,0,0,0,0,10,3,7
SAN SABA COUNTY,411,44 Years,64,35,29,41,20,21,3,3,0,0,0,0,0,0,0,20,12,8
SAN SABA COUNTY,411,45 Years,58,32,26,37,19,18,1,1,0,0,0,0,0,0,0,20,12,8
SAN SABA COUNTY,411,46 Years,55,30,25,32,19,13,0,0,0,0,0,0,0,0,0,23,11,12
SAN SABA COUNTY,411,47 Years,59,24,35,35,17,18,0,0,0,1,0,1,3,0,3,20,7,13
SAN SABA COUNTY,411,48 Years,56,27,29,38,19,19,0,0,0,0,0,0,2,0,2,16,8,8
SAN SABA COUNTY,411,49 Years,71,33,38,47,22,25,1,1,0,0,0,0,0,0,0,23,10,13
SAN SABA COUNTY,411,50 Years,74,37,37,48,24,24,1,1,0,1,1,0,0,0,0,24,11,13
SAN SABA COUNTY,411,51 Years,60,30,30,37,18,19,1,1,0,0,0,0,0,0,0,22,11,11
SAN SABA COUNTY,411,52 Years,51,25,26,32,14,18,0,0,0,0,0,0,0,0,0,19,11,8
SAN SABA COUNTY,411,53 Years,69,43,26,43,28,15,0,0,0,0,0,0,1,1,0,25,14,11
SAN SABA COUNTY,411,54 Years,75,43,32,49,29,20,0,0,0,0,0,0,1,1,0,25,13,12
SAN SABA COUNTY,411,55 Years,81,39,42,65,29,36,0,0,0,0,0,0,0,0,0,16,10,6
SAN SABA COUNTY,411,56 Years,78,36,42,62,24,38,0,0,0,0,0,0,0,0,0,16,12,4
SAN SABA COUNTY,411,57 Years,73,34,39,45,19,26,0,0,0,0,0,0,5,3,2,23,12,11
SAN SABA COUNTY,411,58 Years,81,36,45,54,21,33,0,0,0,0,0,0,3,2,1,24,13,11
SAN SABA COUNTY,411,59 Years,78,40,38,55,27,28,0,0,0,0,0,0,3,1,2,20,12,8
SAN SABA COUNTY,411,60 Years,88,45,43,68,33,35,0,0,0,0,0,0,1,1,0,19,11,8
SAN SABA COUNTY,411,61 Years,84,43,41,66,31,35,0,0,0,0,0,0,1,0,1,17,12,5
SAN SABA COUNTY,411,62 Years,73,31,42,55,22,33,0,0,0,1,0,1,2,1,1,15,8,7
SAN SABA COUNTY,411,63 Years,77,31,46,61,28,33,0,0,0,0,0,0,2,0,2,14,3,11
SAN SABA COUNTY,411,64 Years,74,34,40,60,28,32,1,1,0,0,0,0,2,1,1,11,4,7
SAN SABA COUNTY,411,65 Years,98,55,43,80,45,35,0,0,0,0,0,0,1,1,0,17,9,8
SAN SABA COUNTY,411,66 Years,88,45,43,73,36,37,0,0,0,0,0,0,0,0,0,15,9,6
SAN SABA COUNTY,411,67 Years,89,45,44,75,34,41,1,1,0,0,0,0,1,1,0,12,9,3
SAN SABA COUNTY,411,68 Years,95,50,45,83,44,39,0,0,0,0,0,0,0,0,0,12,6,6
SAN SABA COUNTY,411,69 Years,85,47,38,76,43,33,0,0,0,0,0,0,1,0,1,8,4,4
SAN SABA COUNTY,411,70 Years,78,39,39,67,33,34,0,0,0,0,0,0,2,2,0,9,4,5
SAN SABA COUNTY,411,71 Years,89,40,49,77,35,42,0,0,0,0,0,0,3,1,2,9,4,5
SAN SABA COUNTY,411,72 Years,102,53,49,85,45,40,0,0,0,0,0,0,2,1,1,15,7,8
SAN SABA COUNTY,411,73 Years,87,42,45,70,34,36,0,0,0,0,0,0,1,1,0,16,7,9
SAN SABA COUNTY,411,74 Years,75,43,32,62,35,27,0,0,0,0,0,0,1,1,0,12,7,5
SAN SABA COUNTY,411,75 Years,73,34,39,59,27,32,0,0,0,0,0,0,3,1,2,11,6,5
SAN SABA COUNTY,411,76 Years,62,32,30,52,26,26,0,0,0,1,1,0,1,0,1,8,5,3
SAN SABA COUNTY,411,77 Years,51,26,25,43,22,21,0,0,0,1,0,1,0,0,0,7,4,3
SAN SABA COUNTY,411,78 Years,56,32,24,51,29,22,0,0,0,0,0,0,0,0,0,5,3,2
SAN SABA COUNTY,411,79 Years,43,24,19,35,19,16,0,0,0,0,0,0,0,0,0,8,5,3
SAN SABA COUNTY,411,80 Years,39,23,16,29,17,12,0,0,0,0,0,0,1,0,1,9,6,3
SAN SABA COUNTY,411,81 Years,41,21,20,35,18,17,0,0,0,0,0,0,1,0,1,5,3,2
SAN SABA COUNTY,411,82 Years,32,16,16,27,15,12,0,0,0,0,0,0,1,0,1,4,1,3
SAN SABA COUNTY,411,83 Years,31,18,13,25,15,10,0,0,0,0,0,0,1,0,1,5,3,2
SAN SABA COUNTY,411,84 Years,33,14,19,31,13,18,0,0,0,0,0,0,0,0,0,2,1,1
SAN SABA COUNTY,411,85 Years,30,13,17,26,11,15,1,0,1,0,0,0,0,0,0,3,2,1
SAN SABA COUNTY,411,86 Years,26,11,15,24,11,13,1,0,1,0,0,0,0,0,0,1,0,1
SAN SABA COUNTY,411,87 Years,26,12,14,23,11,12,0,0,0,0,0,0,0,0,0,3,1,2
SAN SABA COUNTY,411,88 Years,20,5,15,16,5,11,0,0,0,0,0,0,0,0,0,4,0,4
SAN SABA COUNTY,411,89 Years,19,8,11,17,7,10,0,0,0,0,0,0,0,0,0,2,1,1
SAN SABA COUNTY,411,90 Years,15,6,9,14,6,8,0,0,0,0,0,0,0,0,0,1,0,1
SAN SABA COUNTY,411,91 Years,10,5,5,10,5,5,0,0,0,0,0,0,0,0,0,0,0,0
SAN SABA COUNTY,411,92 Years,6,4,2,4,3,1,0,0,0,0,0,0,0,0,0,2,1,1
SAN SABA COUNTY,411,93 Years,6,2,4,5,2,3,0,0,0,0,0,0,0,0,0,1,0,1
SAN SABA COUNTY,411,94 Years,8,3,5,4,1,3,0,0,0,0,0,0,0,0,0,4,2,2
SAN SABA COUNTY,411,95 Years +,23,8,15,14,4,10,1,0,1,0,0,0,0,0,0,8,4,4
SCHLEICHER COUNTY,413,All Ages,2822,1449,1373,1210,613,597,30,11,19,5,2,3,16,7,9,1561,816,745
SCHLEICHER COUNTY,413,< 1 Year,31,16,15,14,8,6,0,0,0,0,0,0,0,0,0,17,8,9
SCHLEICHER COUNTY,413,1 Years,28,13,15,13,6,7,0,0,0,0,0,0,0,0,0,15,7,8
SCHLEICHER COUNTY,413,2 Years,28,14,14,14,6,8,0,0,0,0,0,0,0,0,0,14,8,6
SCHLEICHER COUNTY,413,3 Years,25,13,12,16,7,9,0,0,0,0,0,0,0,0,0,9,6,3
SCHLEICHER COUNTY,413,4 Years,32,15,17,15,7,8,0,0,0,0,0,0,0,0,0,17,8,9
SCHLEICHER COUNTY,413,5 Years,38,17,21,17,7,10,0,0,0,0,0,0,0,0,0,21,10,11
SCHLEICHER COUNTY,413,6 Years,43,19,24,15,6,9,0,0,0,0,0,0,0,0,0,28,13,15
SCHLEICHER COUNTY,413,7 Years,42,21,21,16,8,8,0,0,0,0,0,0,0,0,0,26,13,13
SCHLEICHER COUNTY,413,8 Years,38,17,21,14,6,8,0,0,0,0,0,0,0,0,0,24,11,13
SCHLEICHER COUNTY,413,9 Years,57,31,26,22,12,10,2,0,2,0,0,0,0,0,0,33,19,14
SCHLEICHER COUNTY,413,10 Years,48,23,25,16,8,8,1,0,1,0,0,0,0,0,0,31,15,16
SCHLEICHER COUNTY,413,11 Years,47,21,26,14,5,9,0,0,0,0,0,0,0,0,0,33,16,17
SCHLEICHER COUNTY,413,12 Years,52,26,26,13,8,5,2,2,0,0,0,0,0,0,0,37,16,21
SCHLEICHER COUNTY,413,13 Years,46,29,17,12,8,4,1,0,1,0,0,0,0,0,0,33,21,12
SCHLEICHER COUNTY,413,14 Years,47,28,19,11,8,3,1,0,1,0,0,0,0,0,0,35,20,15
SCHLEICHER COUNTY,413,15 Years,36,20,16,12,8,4,0,0,0,0,0,0,1,1,0,23,11,12
SCHLEICHER COUNTY,413,16 Years,34,20,14,11,6,5,1,1,0,0,0,0,0,0,0,22,13,9
SCHLEICHER COUNTY,413,17 Years,37,16,21,12,5,7,1,1,0,0,0,0,0,0,0,24,10,14
SCHLEICHER COUNTY,413,18 Years,44,21,23,12,6,6,1,1,0,1,0,1,0,0,0,30,14,16
SCHLEICHER COUNTY,413,19 Years,32,17,15,9,5,4,1,0,1,0,0,0,0,0,0,22,12,10
SCHLEICHER COUNTY,413,20 Years,30,13,17,9,5,4,1,0,1,0,0,0,1,0,1,19,8,11
SCHLEICHER COUNTY,413,21 Years,34,20,14,10,6,4,1,0,1,0,0,0,1,0,1,22,14,8
SCHLEICHER COUNTY,413,22 Years,24,11,13,7,3,4,1,0,1,0,0,0,0,0,0,16,8,8
SCHLEICHER COUNTY,413,23 Years,23,10,13,7,3,4,1,0,1,0,0,0,0,0,0,15,7,8
SCHLEICHER COUNTY,413,24 Years,34,21,13,8,4,4,0,0,0,0,0,0,0,0,0,26,17,9
SCHLEICHER COUNTY,413,25 Years,32,20,12,9,5,4,0,0,0,0,0,0,0,0,0,23,15,8
SCHLEICHER COUNTY,413,26 Years,41,22,19,10,6,4,1,0,1,0,0,0,1,1,0,29,15,14
SCHLEICHER COUNTY,413,27 Years,44,23,21,11,6,5,0,0,0,0,0,0,2,1,1,31,16,15
SCHLEICHER COUNTY,413,28 Years,33,17,16,11,5,6,0,0,0,0,0,0,1,1,0,21,11,10
SCHLEICHER COUNTY,413,29 Years,46,22,24,9,3,6,0,0,0,0,0,0,0,0,0,37,19,18
SCHLEICHER COUNTY,413,30 Years,38,17,21,9,3,6,0,0,0,0,0,0,0,0,0,29,14,15
SCHLEICHER COUNTY,413,31 Years,34,17,17,12,5,7,1,0,1,0,0,0,0,0,0,21,12,9
SCHLEICHER COUNTY,413,32 Years,33,21,12,12,6,6,0,0,0,0,0,0,0,0,0,21,15,6
SCHLEICHER COUNTY,413,33 Years,35,20,15,14,7,7,0,0,0,0,0,0,0,0,0,21,13,8
SCHLEICHER COUNTY,413,34 Years,38,22,16,13,6,7,0,0,0,0,0,0,0,0,0,25,16,9
SCHLEICHER COUNTY,413,35 Years,37,20,17,12,6,6,0,0,0,0,0,0,1,0,1,24,14,10
SCHLEICHER COUNTY,413,36 Years,27,13,14,9,5,4,0,0,0,1,0,1,0,0,0,17,8,9
SCHLEICHER COUNTY,413,37 Years,31,19,12,12,8,4,0,0,0,1,0,1,0,0,0,18,11,7
SCHLEICHER COUNTY,413,38 Years,36,21,15,11,6,5,0,0,0,0,0,0,0,0,0,25,15,10
SCHLEICHER COUNTY,413,39 Years,32,17,15,13,7,6,0,0,0,0,0,0,0,0,0,19,10,9
SCHLEICHER COUNTY,413,40 Years,32,18,14,13,8,5,0,0,0,0,0,0,0,0,0,19,10,9
SCHLEICHER COUNTY,413,41 Years,29,16,13,10,6,4,0,0,0,0,0,0,0,0,0,19,10,9
SCHLEICHER COUNTY,413,42 Years,24,12,12,10,6,4,0,0,0,0,0,0,0,0,0,14,6,8
SCHLEICHER COUNTY,413,43 Years,29,15,14,13,7,6,0,0,0,0,0,0,0,0,0,16,8,8
SCHLEICHER COUNTY,413,44 Years,19,10,9,10,6,4,0,0,0,0,0,0,0,0,0,9,4,5
SCHLEICHER COUNTY,413,45 Years,28,14,14,12,7,5,0,0,0,0,0,0,0,0,0,16,7,9
SCHLEICHER COUNTY,413,46 Years,28,15,13,12,8,4,0,0,0,0,0,0,0,0,0,16,7,9
SCHLEICHER COUNTY,413,47 Years,34,19,15,16,10,6,0,0,0,0,0,0,0,0,0,18,9,9
SCHLEICHER COUNTY,413,48 Years,37,22,15,18,12,6,0,0,0,0,0,0,0,0,0,19,10,9
SCHLEICHER COUNTY,413,49 Years,31,16,15,15,8,7,0,0,0,0,0,0,0,0,0,16,8,8
SCHLEICHER COUNTY,413,50 Years,32,14,18,13,7,6,0,0,0,0,0,0,1,1,0,18,6,12
SCHLEICHER COUNTY,413,51 Years,28,14,14,15,9,6,0,0,0,0,0,0,1,0,1,12,5,7
SCHLEICHER COUNTY,413,52 Years,27,12,15,12,4,8,1,0,1,0,0,0,0,0,0,14,8,6
SCHLEICHER COUNTY,413,53 Years,33,18,15,12,5,7,0,0,0,0,0,0,0,0,0,21,13,8
SCHLEICHER COUNTY,413,54 Years,33,17,16,14,7,7,0,0,0,0,0,0,1,1,0,18,9,9
SCHLEICHER COUNTY,413,55 Years,36,17,19,18,9,9,2,1,1,0,0,0,0,0,0,16,7,9
SCHLEICHER COUNTY,413,56 Years,37,17,20,19,9,10,1,1,0,0,0,0,0,0,0,17,7,10
SCHLEICHER COUNTY,413,57 Years,40,20,20,17,8,9,2,1,1,0,0,0,0,0,0,21,11,10
SCHLEICHER COUNTY,413,58 Years,28,14,14,14,7,7,1,1,0,0,0,0,0,0,0,13,6,7
SCHLEICHER COUNTY,413,59 Years,34,17,17,19,8,11,0,0,0,0,0,0,0,0,0,15,9,6
SCHLEICHER COUNTY,413,60 Years,33,16,17,19,8,11,0,0,0,0,0,0,0,0,0,14,8,6
SCHLEICHER COUNTY,413,61 Years,31,16,15,16,8,8,0,0,0,0,0,0,0,0,0,15,8,7
SCHLEICHER COUNTY,413,62 Years,34,16,18,19,9,10,0,0,0,0,0,0,0,0,0,15,7,8
SCHLEICHER COUNTY,413,63 Years,38,19,19,23,11,12,0,0,0,0,0,0,0,0,0,15,8,7
SCHLEICHER COUNTY,413,64 Years,36,17,19,26,12,14,0,0,0,0,0,0,0,0,0,10,5,5
SCHLEICHER COUNTY,413,65 Years,35,20,15,20,12,8,0,0,0,0,0,0,0,0,0,15,8,7
SCHLEICHER COUNTY,413,66 Years,40,23,17,26,15,11,0,0,0,0,0,0,0,0,0,14,8,6
SCHLEICHER COUNTY,413,67 Years,35,17,18,23,11,12,0,0,0,0,0,0,1,0,1,11,6,5
SCHLEICHER COUNTY,413,68 Years,35,21,14,21,12,9,1,1,0,0,0,0,1,0,1,12,8,4
SCHLEICHER COUNTY,413,69 Years,34,18,16,16,9,7,0,0,0,0,0,0,0,0,0,18,9,9
SCHLEICHER COUNTY,413,70 Years,33,15,18,17,8,9,1,0,1,0,0,0,0,0,0,15,7,8
SCHLEICHER COUNTY,413,71 Years,27,16,11,15,8,7,0,0,0,0,0,0,0,0,0,12,8,4
SCHLEICHER COUNTY,413,72 Years,28,14,14,16,8,8,0,0,0,0,0,0,0,0,0,12,6,6
SCHLEICHER COUNTY,413,73 Years,24,11,13,14,7,7,1,0,1,0,0,0,1,1,0,8,3,5
SCHLEICHER COUNTY,413,74 Years,20,9,11,12,5,7,0,0,0,0,0,0,1,0,1,7,4,3
SCHLEICHER COUNTY,413,75 Years,16,7,9,11,4,7,0,0,0,0,0,0,0,0,0,5,3,2
SCHLEICHER COUNTY,413,76 Years,21,9,12,13,4,9,0,0,0,0,0,0,1,0,1,7,5,2
SCHLEICHER COUNTY,413,77 Years,18,9,9,9,4,5,0,0,0,1,1,0,0,0,0,8,4,4
SCHLEICHER COUNTY,413,78 Years,18,8,10,12,5,7,0,0,0,1,1,0,0,0,0,5,2,3
SCHLEICHER COUNTY,413,79 Years,19,10,9,10,4,6,1,1,0,0,0,0,0,0,0,8,5,3
SCHLEICHER COUNTY,413,80 Years,13,7,6,8,4,4,0,0,0,0,0,0,0,0,0,5,3,2
SCHLEICHER COUNTY,413,81 Years,11,3,8,8,2,6,1,0,1,0,0,0,0,0,0,2,1,1
SCHLEICHER COUNTY,413,82 Years,15,6,9,10,5,5,1,0,1,0,0,0,0,0,0,4,1,3
SCHLEICHER COUNTY,413,83 Years,15,8,7,12,7,5,0,0,0,0,0,0,0,0,0,3,1,2
SCHLEICHER COUNTY,413,84 Years,12,7,5,8,5,3,0,0,0,0,0,0,0,0,0,4,2,2
SCHLEICHER COUNTY,413,85 Years,14,7,7,9,5,4,0,0,0,0,0,0,0,0,0,5,2,3
SCHLEICHER COUNTY,413,86 Years,10,5,5,7,4,3,0,0,0,0,0,0,0,0,0,3,1,2
SCHLEICHER COUNTY,413,87 Years,13,7,6,7,3,4,0,0,0,0,0,0,0,0,0,6,4,2
SCHLEICHER COUNTY,413,88 Years,12,6,6,7,3,4,0,0,0,0,0,0,0,0,0,5,3,2
SCHLEICHER COUNTY,413,89 Years,6,5,1,4,3,1,0,0,0,0,0,0,0,0,0,2,2,0
SCHLEICHER COUNTY,413,90 Years,7,3,4,4,2,2,0,0,0,0,0,0,0,0,0,3,1,2
SCHLEICHER COUNTY,413,91 Years,9,5,4,4,3,1,0,0,0,0,0,0,0,0,0,5,2,3
SCHLEICHER COUNTY,413,92 Years,7,3,4,4,2,2,0,0,0,0,0,0,0,0,0,3,1,2
SCHLEICHER COUNTY,413,93 Years,3,1,2,2,1,1,0,0,0,0,0,0,0,0,0,1,0,1
SCHLEICHER COUNTY,413,94 Years,4,1,3,3,1,2,0,0,0,0,0,0,0,0,0,1,0,1
SCHLEICHER COUNTY,413,95 Years +,10,4,6,7,3,4,0,0,0,0,0,0,0,0,0,3,1,2
SCURRY COUNTY,415,All Ages,16697,9095,7602,8521,4515,4006,713,515,198,64,30,34,207,94,113,7192,3941,3251
SCURRY COUNTY,415,< 1 Year,193,102,91,73,34,39,3,1,2,1,1,0,4,3,1,112,63,49
SCURRY COUNTY,415,1 Years,191,95,96,69,32,37,2,1,1,3,1,2,4,2,2,113,59,54
SCURRY COUNTY,415,2 Years,207,107,100,73,36,37,3,1,2,1,0,1,5,3,2,125,67,58
SCURRY COUNTY,415,3 Years,215,111,104,73,37,36,2,1,1,2,1,1,6,3,3,132,69,63
SCURRY COUNTY,415,4 Years,232,121,111,83,43,40,3,1,2,2,1,1,5,2,3,139,74,65
SCURRY COUNTY,415,5 Years,223,111,112,80,40,40,2,0,2,2,1,1,5,2,3,134,68,66
SCURRY COUNTY,415,6 Years,239,121,118,87,44,43,4,2,2,2,0,2,4,1,3,142,74,68
SCURRY COUNTY,415,7 Years,238,126,112,87,46,41,3,2,1,1,0,1,3,1,2,144,77,67
SCURRY COUNTY,415,8 Years,252,134,118,91,45,46,4,2,2,2,1,1,2,1,1,153,85,68
SCURRY COUNTY,415,9 Years,241,128,113,88,50,38,6,0,6,1,0,1,3,1,2,143,77,66
SCURRY COUNTY,415,10 Years,239,135,104,93,52,41,5,2,3,0,0,0,5,3,2,136,78,58
SCURRY COUNTY,415,11 Years,259,141,118,104,59,45,7,1,6,0,0,0,5,2,3,143,79,64
SCURRY COUNTY,415,12 Years,248,141,107,111,68,43,6,4,2,0,0,0,3,2,1,128,67,61
SCURRY COUNTY,415,13 Years,268,149,119,103,57,46,5,4,1,1,1,0,4,1,3,155,86,69
SCURRY COUNTY,415,14 Years,262,150,112,99,57,42,7,4,3,0,0,0,5,3,2,151,86,65
SCURRY COUNTY,415,15 Years,234,127,107,91,59,32,5,4,1,0,0,0,6,3,3,132,61,71
SCURRY COUNTY,415,16 Years,221,108,113,79,42,37,3,3,0,1,0,1,6,2,4,132,61,71
SCURRY COUNTY,415,17 Years,213,104,109,88,44,44,4,3,1,0,0,0,6,1,5,115,56,59
SCURRY COUNTY,415,18 Years,229,120,109,98,55,43,8,7,1,0,0,0,7,3,4,116,55,61
SCURRY COUNTY,415,19 Years,214,112,102,81,41,40,18,15,3,0,0,0,4,1,3,111,55,56
SCURRY COUNTY,415,20 Years,223,128,95,87,53,34,25,19,6,0,0,0,6,2,4,105,54,51
SCURRY COUNTY,415,21 Years,211,126,85,84,51,33,20,16,4,1,1,0,7,4,3,99,54,45
SCURRY COUNTY,415,22 Years,233,125,108,96,52,44,16,12,4,1,1,0,5,3,2,115,57,58
SCURRY COUNTY,415,23 Years,214,117,97,80,40,40,14,11,3,0,0,0,5,3,2,115,63,52
SCURRY COUNTY,415,24 Years,213,119,94,81,46,35,16,11,5,0,0,0,5,4,1,111,58,53
SCURRY COUNTY,415,25 Years,232,134,98,95,45,50,23,20,3,0,0,0,5,2,3,109,67,42
SCURRY COUNTY,415,26 Years,245,138,107,108,57,51,14,11,3,1,0,1,4,2,2,118,68,50
SCURRY COUNTY,415,27 Years,262,143,119,118,66,52,10,9,1,1,0,1,3,1,2,130,67,63
SCURRY COUNTY,415,28 Years,302,186,116,148,97,51,12,10,2,0,0,0,3,1,2,139,78,61
SCURRY COUNTY,415,29 Years,290,186,104,163,101,62,20,16,4,0,0,0,2,0,2,105,69,36
SCURRY COUNTY,415,30 Years,258,154,104,133,80,53,18,13,5,0,0,0,2,1,1,105,60,45
SCURRY COUNTY,415,31 Years,227,141,86,116,70,46,13,12,1,1,1,0,2,2,0,95,56,39
SCURRY COUNTY,415,32 Years,225,132,93,113,66,47,19,16,3,1,1,0,0,0,0,92,49,43
SCURRY COUNTY,415,33 Years,236,136,100,120,71,49,15,12,3,0,0,0,2,1,1,99,52,47
SCURRY COUNTY,415,34 Years,234,146,88,110,69,41,11,10,1,2,1,1,1,1,0,110,65,45
SCURRY COUNTY,415,35 Years,236,133,103,127,69,58,11,11,0,2,2,0,2,1,1,94,50,44
SCURRY COUNTY,415,36 Years,231,122,109,120,63,57,10,8,2,1,1,0,1,1,0,99,49,50
SCURRY COUNTY,415,37 Years,251,143,108,119,66,53,11,9,2,0,0,0,7,5,2,114,63,51
SCURRY COUNTY,415,38 Years,246,142,104,112,62,50,9,7,2,1,0,1,2,0,2,122,73,49
SCURRY COUNTY,415,39 Years,242,146,96,121,70,51,10,7,3,4,2,2,0,0,0,107,67,40
SCURRY COUNTY,415,40 Years,232,136,96,118,67,51,11,10,1,2,1,1,1,1,0,100,57,43
SCURRY COUNTY,415,41 Years,205,122,83,104,57,47,16,14,2,3,1,2,0,0,0,82,50,32
SCURRY COUNTY,415,42 Years,198,124,74,102,61,41,10,9,1,2,1,1,0,0,0,84,53,31
SCURRY COUNTY,415,43 Years,201,121,80,104,61,43,10,7,3,0,0,0,0,0,0,87,53,34
SCURRY COUNTY,415,44 Years,180,106,74,95,52,43,8,6,2,0,0,0,1,0,1,76,48,28
SCURRY COUNTY,415,45 Years,178,105,73,93,52,41,11,10,1,0,0,0,1,1,0,73,42,31
SCURRY COUNTY,415,46 Years,182,110,72,90,50,40,12,8,4,0,0,0,1,1,0,79,51,28
SCURRY COUNTY,415,47 Years,199,118,81,100,59,41,10,9,1,1,0,1,0,0,0,88,50,38
SCURRY COUNTY,415,48 Years,211,127,84,116,67,49,8,6,2,4,1,3,1,0,1,82,53,29
SCURRY COUNTY,415,49 Years,195,118,77,107,64,43,12,10,2,2,1,1,2,0,2,72,43,29
SCURRY COUNTY,415,50 Years,179,109,70,99,56,43,16,14,2,0,0,0,3,2,1,61,37,24
SCURRY COUNTY,415,51 Years,176,104,72,94,54,40,8,7,1,0,0,0,1,0,1,73,43,30
SCURRY COUNTY,415,52 Years,179,108,71,90,53,37,11,8,3,0,0,0,4,3,1,74,44,30
SCURRY COUNTY,415,53 Years,187,106,81,100,57,43,11,7,4,0,0,0,1,1,0,75,41,34
SCURRY COUNTY,415,54 Years,192,108,84,111,58,53,10,8,2,0,0,0,3,2,1,68,40,28
SCURRY COUNTY,415,55 Years,186,107,79,104,56,48,12,8,4,0,0,0,1,0,1,69,43,26
SCURRY COUNTY,415,56 Years,214,118,96,129,66,63,11,8,3,1,1,0,1,0,1,72,43,29
SCURRY COUNTY,415,57 Years,191,106,85,120,62,58,7,6,1,2,2,0,1,0,1,61,36,25
SCURRY COUNTY,415,58 Years,201,111,90,128,69,59,10,8,2,1,1,0,3,2,1,59,31,28
SCURRY COUNTY,415,59 Years,199,105,94,135,70,65,5,4,1,1,0,1,0,0,0,58,31,27
SCURRY COUNTY,415,60 Years,187,95,92,117,56,61,7,4,3,0,0,0,2,1,1,61,34,27
SCURRY COUNTY,415,61 Years,181,96,85,117,61,56,2,1,1,0,0,0,0,0,0,62,34,28
SCURRY COUNTY,415,62 Years,176,87,89,115,59,56,4,1,3,1,1,0,2,0,2,54,26,28
SCURRY COUNTY,415,63 Years,165,90,75,109,61,48,3,1,2,1,1,0,1,1,0,51,26,25
SCURRY COUNTY,415,64 Years,171,94,77,116,63,53,4,1,3,0,0,0,0,0,0,51,30,21
SCURRY COUNTY,415,65 Years,178,83,95,117,54,63,7,4,3,0,0,0,1,0,1,53,25,28
SCURRY COUNTY,415,66 Years,152,73,79,98,49,49,4,2,2,1,0,1,1,0,1,48,22,26
SCURRY COUNTY,415,67 Years,147,70,77,100,50,50,2,0,2,2,1,1,1,0,1,42,19,23
SCURRY COUNTY,415,68 Years,156,75,81,111,51,60,2,1,1,1,1,0,1,0,1,41,22,19
SCURRY COUNTY,415,69 Years,129,58,71,89,36,53,3,1,2,1,0,1,1,0,1,35,21,14
SCURRY COUNTY,415,70 Years,129,67,62,89,40,49,3,2,1,0,0,0,1,0,1,36,25,11
SCURRY COUNTY,415,71 Years,126,62,64,95,46,49,3,2,1,0,0,0,0,0,0,28,14,14
SCURRY COUNTY,415,72 Years,134,60,74,101,43,58,5,3,2,0,0,0,0,0,0,28,14,14
SCURRY COUNTY,415,73 Years,99,53,46,68,35,33,2,2,0,0,0,0,0,0,0,29,16,13
SCURRY COUNTY,415,74 Years,94,46,48,64,31,33,1,1,0,0,0,0,1,0,1,28,14,14
SCURRY COUNTY,415,75 Years,97,44,53,65,30,35,3,3,0,0,0,0,1,0,1,28,11,17
SCURRY COUNTY,415,76 Years,105,51,54,73,33,40,3,3,0,0,0,0,2,2,0,27,13,14
SCURRY COUNTY,415,77 Years,85,41,44,58,28,30,4,1,3,0,0,0,1,1,0,22,11,11
SCURRY COUNTY,415,78 Years,78,32,46,61,25,36,3,1,2,0,0,0,0,0,0,14,6,8
SCURRY COUNTY,415,79 Years,77,29,48,61,23,38,5,2,3,0,0,0,1,0,1,10,4,6
SCURRY COUNTY,415,80 Years,77,32,45,63,24,39,4,3,1,0,0,0,1,0,1,9,5,4
SCURRY COUNTY,415,81 Years,74,29,45,60,22,38,4,1,3,0,0,0,0,0,0,10,6,4
SCURRY COUNTY,415,82 Years,69,24,45,56,19,37,4,1,3,0,0,0,1,0,1,8,4,4
SCURRY COUNTY,415,83 Years,62,24,38,52,20,32,2,0,2,0,0,0,1,0,1,7,4,3
SCURRY COUNTY,415,84 Years,58,28,30,44,24,20,2,0,2,0,0,0,0,0,0,12,4,8
SCURRY COUNTY,415,85 Years,58,23,35,42,20,22,3,0,3,1,0,1,0,0,0,12,3,9
SCURRY COUNTY,415,86 Years,46,17,29,36,14,22,3,1,2,0,0,0,0,0,0,7,2,5
SCURRY COUNTY,415,87 Years,43,19,24,30,13,17,6,3,3,0,0,0,0,0,0,7,3,4
SCURRY COUNTY,415,88 Years,42,16,26,32,11,21,2,1,1,0,0,0,1,1,0,7,3,4
SCURRY COUNTY,415,89 Years,40,13,27,30,8,22,1,1,0,1,0,1,1,1,0,7,3,4
SCURRY COUNTY,415,90 Years,30,10,20,22,7,15,2,1,1,1,0,1,1,0,1,4,2,2
SCURRY COUNTY,415,91 Years,28,10,18,21,7,14,1,1,0,0,0,0,1,0,1,5,2,3
SCURRY COUNTY,415,92 Years,24,10,14,20,8,12,0,0,0,0,0,0,1,0,1,3,2,1
SCURRY COUNTY,415,93 Years,19,8,11,16,7,9,0,0,0,0,0,0,0,0,0,3,1,2
SCURRY COUNTY,415,94 Years,13,5,8,11,4,7,0,0,0,0,0,0,0,0,0,2,1,1
SCURRY COUNTY,415,95 Years +,34,12,22,21,7,14,3,1,2,0,0,0,1,0,1,9,4,5
SHACKELFORD COUNTY,417,All Ages,3382,1631,1751,2926,1395,1531,15,9,6,13,3,10,49,28,21,379,196,183
SHACKELFORD COUNTY,417,< 1 Year,44,19,25,39,17,22,0,0,0,0,0,0,0,0,0,5,2,3
SHACKELFORD COUNTY,417,1 Years,42,21,21,37,19,18,0,0,0,0,0,0,0,0,0,5,2,3
SHACKELFORD COUNTY,417,2 Years,42,24,18,37,20,17,0,0,0,0,0,0,2,2,0,3,2,1
SHACKELFORD COUNTY,417,3 Years,44,24,20,37,19,18,0,0,0,2,1,1,1,1,0,4,3,1
SHACKELFORD COUNTY,417,4 Years,41,21,20,37,19,18,0,0,0,0,0,0,0,0,0,4,2,2
SHACKELFORD COUNTY,417,5 Years,41,20,21,36,18,18,0,0,0,0,0,0,0,0,0,5,2,3
SHACKELFORD COUNTY,417,6 Years,42,21,21,37,18,19,0,0,0,0,0,0,0,0,0,5,3,2
SHACKELFORD COUNTY,417,7 Years,42,23,19,38,21,17,0,0,0,0,0,0,0,0,0,4,2,2
SHACKELFORD COUNTY,417,8 Years,40,23,17,35,20,15,0,0,0,0,0,0,0,0,0,5,3,2
SHACKELFORD COUNTY,417,9 Years,49,29,20,43,25,18,0,0,0,2,2,0,0,0,0,4,2,2
SHACKELFORD COUNTY,417,10 Years,34,15,19,26,11,15,0,0,0,0,0,0,2,1,1,6,3,3
SHACKELFORD COUNTY,417,11 Years,35,20,15,29,17,12,0,0,0,0,0,0,1,1,0,5,2,3
SHACKELFORD COUNTY,417,12 Years,54,25,29,44,20,24,0,0,0,0,0,0,3,1,2,7,4,3
SHACKELFORD COUNTY,417,13 Years,50,27,23,36,19,17,1,0,1,1,0,1,3,1,2,9,7,2
SHACKELFORD COUNTY,417,14 Years,49,20,29,38,15,23,2,1,1,0,0,0,3,1,2,6,3,3
SHACKELFORD COUNTY,417,15 Years,39,18,21,33,15,18,0,0,0,0,0,0,1,1,0,5,2,3
SHACKELFORD COUNTY,417,16 Years,32,16,16,27,14,13,0,0,0,0,0,0,0,0,0,5,2,3
SHACKELFORD COUNTY,417,17 Years,47,20,27,37,15,22,2,2,0,0,0,0,1,1,0,7,2,5
SHACKELFORD COUNTY,417,18 Years,43,20,23,35,15,20,1,1,0,0,0,0,1,1,0,6,3,3
SHACKELFORD COUNTY,417,19 Years,30,14,16,23,11,12,1,0,1,0,0,0,1,1,0,5,2,3
SHACKELFORD COUNTY,417,20 Years,35,13,22,24,8,16,0,0,0,0,0,0,1,1,0,10,4,6
SHACKELFORD COUNTY,417,21 Years,34,17,17,24,12,12,0,0,0,0,0,0,0,0,0,10,5,5
SHACKELFORD COUNTY,417,22 Years,26,13,13,18,9,9,0,0,0,0,0,0,1,0,1,7,4,3
SHACKELFORD COUNTY,417,23 Years,32,8,24,27,6,21,0,0,0,0,0,0,1,1,0,4,1,3
SHACKELFORD COUNTY,417,24 Years,49,18,31,39,12,27,0,0,0,0,0,0,0,0,0,10,6,4
SHACKELFORD COUNTY,417,25 Years,48,21,27,33,15,18,0,0,0,1,0,1,1,0,1,13,6,7
SHACKELFORD COUNTY,417,26 Years,52,20,32,40,15,25,0,0,0,2,0,2,1,1,0,9,4,5
SHACKELFORD COUNTY,417,27 Years,62,22,40,54,18,36,0,0,0,2,0,2,0,0,0,6,4,2
SHACKELFORD COUNTY,417,28 Years,48,22,26,43,18,25,0,0,0,1,0,1,0,0,0,4,4,0
SHACKELFORD COUNTY,417,29 Years,43,22,21,35,16,19,0,0,0,0,0,0,1,0,1,7,6,1
SHACKELFORD COUNTY,417,30 Years,33,15,18,26,11,15,0,0,0,0,0,0,0,0,0,7,4,3
SHACKELFORD COUNTY,417,31 Years,27,11,16,23,9,14,0,0,0,0,0,0,0,0,0,4,2,2
SHACKELFORD COUNTY,417,32 Years,34,19,15,28,14,14,0,0,0,0,0,0,0,0,0,6,5,1
SHACKELFORD COUNTY,417,33 Years,38,21,17,32,17,15,1,1,0,0,0,0,0,0,0,5,3,2
SHACKELFORD COUNTY,417,34 Years,45,22,23,39,20,19,0,0,0,0,0,0,0,0,0,6,2,4
SHACKELFORD COUNTY,417,35 Years,31,15,16,28,15,13,0,0,0,0,0,0,1,0,1,2,0,2
SHACKELFORD COUNTY,417,36 Years,25,9,16,23,8,15,0,0,0,0,0,0,1,1,0,1,0,1
SHACKELFORD COUNTY,417,37 Years,27,14,13,23,11,12,0,0,0,0,0,0,1,1,0,3,2,1
SHACKELFORD COUNTY,417,38 Years,29,15,14,25,13,12,0,0,0,0,0,0,1,1,0,3,1,2
SHACKELFORD COUNTY,417,39 Years,34,16,18,31,14,17,0,0,0,0,0,0,0,0,0,3,2,1
SHACKELFORD COUNTY,417,40 Years,29,16,13,27,15,12,0,0,0,0,0,0,0,0,0,2,1,1
SHACKELFORD COUNTY,417,41 Years,23,13,10,21,12,9,0,0,0,0,0,0,0,0,0,2,1,1
SHACKELFORD COUNTY,417,42 Years,26,14,12,25,14,11,0,0,0,0,0,0,0,0,0,1,0,1
SHACKELFORD COUNTY,417,43 Years,35,13,22,31,13,18,0,0,0,0,0,0,0,0,0,4,0,4
SHACKELFORD COUNTY,417,44 Years,48,24,24,42,22,20,0,0,0,0,0,0,0,0,0,6,2,4
SHACKELFORD COUNTY,417,45 Years,43,24,19,37,23,14,0,0,0,0,0,0,0,0,0,6,1,5
SHACKELFORD COUNTY,417,46 Years,37,18,19,32,15,17,0,0,0,0,0,0,0,0,0,5,3,2
SHACKELFORD COUNTY,417,47 Years,36,18,18,30,14,16,0,0,0,1,0,1,0,0,0,5,4,1
SHACKELFORD COUNTY,417,48 Years,43,18,25,39,16,23,1,1,0,0,0,0,0,0,0,3,1,2
SHACKELFORD COUNTY,417,49 Years,41,20,21,35,17,18,0,0,0,0,0,0,0,0,0,6,3,3
SHACKELFORD COUNTY,417,50 Years,37,21,16,31,19,12,0,0,0,0,0,0,0,0,0,6,2,4
SHACKELFORD COUNTY,417,51 Years,37,20,17,31,16,15,0,0,0,0,0,0,1,1,0,5,3,2
SHACKELFORD COUNTY,417,52 Years,43,21,22,34,15,19,1,1,0,0,0,0,1,1,0,7,4,3
SHACKELFORD COUNTY,417,53 Years,44,20,24,40,17,23,1,1,0,0,0,0,0,0,0,3,2,1
SHACKELFORD COUNTY,417,54 Years,44,25,19,39,22,17,0,0,0,0,0,0,0,0,0,5,3,2
SHACKELFORD COUNTY,417,55 Years,42,18,24,34,14,20,0,0,0,0,0,0,0,0,0,8,4,4
SHACKELFORD COUNTY,417,56 Years,49,18,31,40,14,26,0,0,0,0,0,0,0,0,0,9,4,5
SHACKELFORD COUNTY,417,57 Years,57,24,33,51,21,30,0,0,0,0,0,0,1,0,1,5,3,2
SHACKELFORD COUNTY,417,58 Years,64,36,28,59,34,25,0,0,0,0,0,0,1,0,1,4,2,2
SHACKELFORD COUNTY,417,59 Years,53,28,25,48,24,24,0,0,0,0,0,0,0,0,0,5,4,1
SHACKELFORD COUNTY,417,60 Years,53,25,28,50,24,26,0,0,0,1,0,1,0,0,0,2,1,1
SHACKELFORD COUNTY,417,61 Years,57,31,26,51,28,23,0,0,0,0,0,0,2,1,1,4,2,2
SHACKELFORD COUNTY,417,62 Years,45,22,23,41,20,21,0,0,0,0,0,0,2,1,1,2,1,1
SHACKELFORD COUNTY,417,63 Years,54,27,27,49,24,25,0,0,0,0,0,0,1,1,0,4,2,2
SHACKELFORD COUNTY,417,64 Years,56,27,29,53,26,27,0,0,0,0,0,0,1,1,0,2,0,2
SHACKELFORD COUNTY,417,65 Years,54,26,28,52,25,27,0,0,0,0,0,0,0,0,0,2,1,1
SHACKELFORD COUNTY,417,66 Years,47,23,24,44,21,23,0,0,0,0,0,0,1,1,0,2,1,1
SHACKELFORD COUNTY,417,67 Years,38,15,23,35,14,21,0,0,0,0,0,0,1,0,1,2,1,1
SHACKELFORD COUNTY,417,68 Years,35,13,22,32,13,19,0,0,0,0,0,0,1,0,1,2,0,2
SHACKELFORD COUNTY,417,69 Years,46,21,25,43,21,22,0,0,0,0,0,0,0,0,0,3,0,3
SHACKELFORD COUNTY,417,70 Years,43,23,20,40,21,19,0,0,0,0,0,0,0,0,0,3,2,1
SHACKELFORD COUNTY,417,71 Years,42,23,19,38,20,18,0,0,0,0,0,0,0,0,0,4,3,1
SHACKELFORD COUNTY,417,72 Years,39,24,15,36,22,14,0,0,0,0,0,0,0,0,0,3,2,1
SHACKELFORD COUNTY,417,73 Years,30,16,14,28,15,13,0,0,0,0,0,0,1,0,1,1,1,0
SHACKELFORD COUNTY,417,74 Years,24,13,11,21,11,10,0,0,0,0,0,0,1,1,0,2,1,1
SHACKELFORD COUNTY,417,75 Years,26,14,12,25,14,11,0,0,0,0,0,0,0,0,0,1,0,1
SHACKELFORD COUNTY,417,76 Years,28,15,13,24,13,11,0,0,0,0,0,0,1,0,1,3,2,1
SHACKELFORD COUNTY,417,77 Years,34,10,24,30,9,21,0,0,0,0,0,0,1,0,1,3,1,2
SHACKELFORD COUNTY,417,78 Years,24,9,15,22,8,14,0,0,0,0,0,0,0,0,0,2,1,1
SHACKELFORD COUNTY,417,79 Years,18,10,8,18,10,8,0,0,0,0,0,0,0,0,0,0,0,0
SHACKELFORD COUNTY,417,80 Years,20,13,7,17,10,7,0,0,0,0,0,0,0,0,0,3,3,0
SHACKELFORD COUNTY,417,81 Years,23,12,11,21,10,11,0,0,0,0,0,0,0,0,0,2,2,0
SHACKELFORD COUNTY,417,82 Years,16,9,7,15,8,7,1,1,0,0,0,0,0,0,0,0,0,0
SHACKELFORD COUNTY,417,83 Years,14,8,6,13,8,5,1,0,1,0,0,0,0,0,0,0,0,0
SHACKELFORD COUNTY,417,84 Years,13,7,6,13,7,6,0,0,0,0,0,0,0,0,0,0,0,0
SHACKELFORD COUNTY,417,85 Years,17,7,10,15,6,9,1,0,1,0,0,0,0,0,0,1,1,0
SHACKELFORD COUNTY,417,86 Years,10,5,5,7,3,4,1,0,1,0,0,0,1,1,0,1,1,0
SHACKELFORD COUNTY,417,87 Years,7,4,3,6,3,3,0,0,0,0,0,0,1,1,0,0,0,0
SHACKELFORD COUNTY,417,88 Years,6,3,3,6,3,3,0,0,0,0,0,0,0,0,0,0,0,0
SHACKELFORD COUNTY,417,89 Years,7,2,5,7,2,5,0,0,0,0,0,0,0,0,0,0,0,0
SHACKELFORD COUNTY,417,90 Years,8,2,6,8,2,6,0,0,0,0,0,0,0,0,0,0,0,0
SHACKELFORD COUNTY,417,91 Years,6,2,4,5,2,3,0,0,0,0,0,0,0,0,0,1,0,1
SHACKELFORD COUNTY,417,92 Years,5,3,2,4,2,2,0,0,0,0,0,0,0,0,0,1,1,0
SHACKELFORD COUNTY,417,93 Years,4,2,2,3,1,2,0,0,0,0,0,0,0,0,0,1,1,0
SHACKELFORD COUNTY,417,94 Years,3,1,2,3,1,2,0,0,0,0,0,0,0,0,0,0,0,0
SHACKELFORD COUNTY,417,95 Years +,7,2,5,6,2,4,0,0,0,0,0,0,1,0,1,0,0,0
SHELBY COUNTY,419,All Ages,24249,12010,12239,14772,7319,7453,4120,1891,2229,138,69,69,330,156,174,4889,2575,2314
SHELBY COUNTY,419,< 1 Year,329,161,168,166,83,83,48,23,25,0,0,0,7,4,3,108,51,57
SHELBY COUNTY,419,1 Years,323,162,161,161,80,81,47,24,23,0,0,0,7,4,3,108,54,54
SHELBY COUNTY,419,2 Years,347,168,179,170,83,87,46,24,22,3,2,1,9,5,4,119,54,65
SHELBY COUNTY,419,3 Years,364,178,186,173,84,89,46,23,23,9,5,4,11,5,6,125,61,64
SHELBY COUNTY,419,4 Years,374,182,192,171,85,86,44,21,23,15,8,7,13,6,7,131,62,69
SHELBY COUNTY,419,5 Years,370,190,180,172,89,83,45,23,22,16,9,7,13,6,7,124,63,61
SHELBY COUNTY,419,6 Years,361,181,180,163,84,79,42,22,20,12,6,6,10,4,6,134,65,69
SHELBY COUNTY,419,7 Years,351,177,174,157,81,76,42,21,21,8,5,3,8,5,3,136,65,71
SHELBY COUNTY,419,8 Years,341,169,172,148,76,72,46,23,23,6,3,3,5,3,2,136,64,72
SHELBY COUNTY,419,9 Years,357,170,187,155,81,74,57,26,31,3,1,2,6,1,5,136,61,75
SHELBY COUNTY,419,10 Years,350,187,163,156,83,73,63,35,28,1,0,1,9,5,4,121,64,57
SHELBY COUNTY,419,11 Years,351,176,175,160,72,88,70,40,30,1,1,0,9,5,4,111,58,53
SHELBY COUNTY,419,12 Years,345,178,167,165,77,88,74,45,29,0,0,0,8,5,3,98,51,47
SHELBY COUNTY,419,13 Years,357,195,162,174,92,82,67,39,28,0,0,0,8,3,5,108,61,47
SHELBY COUNTY,419,14 Years,350,184,166,178,97,81,63,29,34,1,0,1,8,3,5,100,55,45
SHELBY COUNTY,419,15 Years,361,196,165,180,93,87,71,41,30,0,0,0,5,3,2,105,59,46
SHELBY COUNTY,419,16 Years,355,198,157,168,86,82,75,42,33,1,1,0,5,2,3,106,67,39
SHELBY COUNTY,419,17 Years,320,174,146,158,89,69,58,29,29,0,0,0,5,2,3,99,54,45
SHELBY COUNTY,419,18 Years,325,172,153,165,83,82,59,28,31,1,1,0,3,2,1,97,58,39
SHELBY COUNTY,419,19 Years,286,149,137,133,72,61,65,29,36,2,2,0,4,2,2,82,44,38
SHELBY COUNTY,419,20 Years,257,133,124,130,69,61,53,23,30,1,1,0,4,2,2,69,38,31
SHELBY COUNTY,419,21 Years,253,122,131,136,66,70,42,17,25,0,0,0,4,1,3,71,38,33
SHELBY COUNTY,419,22 Years,241,121,120,131,65,66,45,24,21,0,0,0,7,4,3,58,28,30
SHELBY COUNTY,419,23 Years,241,114,127,131,63,68,54,24,30,0,0,0,6,5,1,50,22,28
SHELBY COUNTY,419,24 Years,250,119,131,141,71,70,53,23,30,0,0,0,5,4,1,51,21,30
SHELBY COUNTY,419,25 Years,265,114,151,157,69,88,53,24,29,0,0,0,4,2,2,51,19,32
SHELBY COUNTY,419,26 Years,299,155,144,178,91,87,58,31,27,3,1,2,5,1,4,55,31,24
SHELBY COUNTY,419,27 Years,308,137,171,171,73,98,69,27,42,1,1,0,5,2,3,62,34,28
SHELBY COUNTY,419,28 Years,320,148,172,184,93,91,69,19,50,2,0,2,5,2,3,60,34,26
SHELBY COUNTY,419,29 Years,308,144,164,190,98,92,60,18,42,2,1,1,3,1,2,53,26,27
SHELBY COUNTY,419,30 Years,304,134,170,182,83,99,50,16,34,2,0,2,5,3,2,65,32,33
SHELBY COUNTY,419,31 Years,308,151,157,185,93,92,51,21,30,2,0,2,2,1,1,68,36,32
SHELBY COUNTY,419,32 Years,292,138,154,169,83,86,52,17,35,1,1,0,2,1,1,68,36,32
SHELBY COUNTY,419,33 Years,291,143,148,168,86,82,52,20,32,0,0,0,2,1,1,69,36,33
SHELBY COUNTY,419,34 Years,283,145,138,163,83,80,47,22,25,1,0,1,3,2,1,69,38,31
SHELBY COUNTY,419,35 Years,289,146,143,167,82,85,45,18,27,1,0,1,3,1,2,73,45,28
SHELBY COUNTY,419,36 Years,285,148,137,170,87,83,46,21,25,1,1,0,5,3,2,63,36,27
SHELBY COUNTY,419,37 Years,257,130,127,145,75,70,49,20,29,0,0,0,3,1,2,60,34,26
SHELBY COUNTY,419,38 Years,284,150,134,169,85,84,45,22,23,1,1,0,0,0,0,69,42,27
SHELBY COUNTY,419,39 Years,281,139,142,176,80,96,46,24,22,0,0,0,2,0,2,57,35,22
SHELBY COUNTY,419,40 Years,277,137,140,167,85,82,43,19,24,1,0,1,4,1,3,62,32,30
SHELBY COUNTY,419,41 Years,286,138,148,169,89,80,46,18,28,0,0,0,2,0,2,69,31,38
SHELBY COUNTY,419,42 Years,256,134,122,141,74,67,43,20,23,2,0,2,2,2,0,68,38,30
SHELBY COUNTY,419,43 Years,267,122,145,150,72,78,38,14,24,1,0,1,2,1,1,76,35,41
SHELBY COUNTY,419,44 Years,285,142,143,167,87,80,46,22,24,1,1,0,2,1,1,69,31,38
SHELBY COUNTY,419,45 Years,290,138,152,170,78,92,45,19,26,1,1,0,2,2,0,72,38,34
SHELBY COUNTY,419,46 Years,255,130,125,155,84,71,39,13,26,0,0,0,1,0,1,60,33,27
SHELBY COUNTY,419,47 Years,278,131,147,176,82,94,45,16,29,1,0,1,1,1,0,55,32,23
SHELBY COUNTY,419,48 Years,308,151,157,200,98,102,53,23,30,1,0,1,2,0,2,52,30,22
SHELBY COUNTY,419,49 Years,310,165,145,195,104,91,56,26,30,1,1,0,2,0,2,56,34,22
SHELBY COUNTY,419,50 Years,329,165,164,225,118,107,53,20,33,0,0,0,1,0,1,50,27,23
SHELBY COUNTY,419,51 Years,279,150,129,178,98,80,56,23,33,0,0,0,0,0,0,45,29,16
SHELBY COUNTY,419,52 Years,292,138,154,195,91,104,55,25,30,2,1,1,2,2,0,38,19,19
SHELBY COUNTY,419,53 Years,280,136,144,177,79,98,51,30,21,1,0,1,2,1,1,49,26,23
SHELBY COUNTY,419,54 Years,306,151,155,191,90,101,64,34,30,0,0,0,3,2,1,48,25,23
SHELBY COUNTY,419,55 Years,308,162,146,195,101,94,70,34,36,2,2,0,1,0,1,40,25,15
SHELBY COUNTY,419,56 Years,313,170,143,205,108,97,66,37,29,3,1,2,4,2,2,35,22,13
SHELBY COUNTY,419,57 Years,314,167,147,223,125,98,56,25,31,1,0,1,4,2,2,30,15,15
SHELBY COUNTY,419,58 Years,307,154,153,217,113,104,60,25,35,0,0,0,1,0,1,29,16,13
SHELBY COUNTY,419,59 Years,336,178,158,238,121,117,63,31,32,1,1,0,2,0,2,32,25,7
SHELBY COUNTY,419,60 Years,324,159,165,231,105,126,54,31,23,0,0,0,4,1,3,35,22,13
SHELBY COUNTY,419,61 Years,328,163,165,235,116,119,56,28,28,1,1,0,4,3,1,32,15,17
SHELBY COUNTY,419,62 Years,304,146,158,224,107,117,52,20,32,1,1,0,2,1,1,25,17,8
SHELBY COUNTY,419,63 Years,305,150,155,225,110,115,55,27,28,1,0,1,2,0,2,22,13,9
SHELBY COUNTY,419,64 Years,294,148,146,217,116,101,53,21,32,1,0,1,5,1,4,18,10,8
SHELBY COUNTY,419,65 Years,255,124,131,174,89,85,61,27,34,1,1,0,1,0,1,18,7,11
SHELBY COUNTY,419,66 Years,266,122,144,200,96,104,44,16,28,1,0,1,1,1,0,20,9,11
SHELBY COUNTY,419,67 Years,257,114,143,201,92,109,37,12,25,1,0,1,4,2,2,14,8,6
SHELBY COUNTY,419,68 Years,263,136,127,198,102,96,49,26,23,2,1,1,2,1,1,12,6,6
SHELBY COUNTY,419,69 Years,261,124,137,193,92,101,51,23,28,1,0,1,3,1,2,13,8,5
SHELBY COUNTY,419,70 Years,234,119,115,178,93,85,42,18,24,0,0,0,2,2,0,12,6,6
SHELBY COUNTY,419,71 Years,242,121,121,201,100,101,30,14,16,1,0,1,2,1,1,8,6,2
SHELBY COUNTY,419,72 Years,232,118,114,188,100,88,30,12,18,1,0,1,1,0,1,12,6,6
SHELBY COUNTY,419,73 Years,187,91,96,153,75,78,21,10,11,1,0,1,2,1,1,10,5,5
SHELBY COUNTY,419,74 Years,175,83,92,144,66,78,19,13,6,1,0,1,1,1,0,10,3,7
SHELBY COUNTY,419,75 Years,195,94,101,163,78,85,22,10,12,0,0,0,2,1,1,8,5,3
SHELBY COUNTY,419,76 Years,168,81,87,142,67,75,15,7,8,2,2,0,1,1,0,8,4,4
SHELBY COUNTY,419,77 Years,167,76,91,144,65,79,16,7,9,1,1,0,1,0,1,5,3,2
SHELBY COUNTY,419,78 Years,167,79,88,140,66,74,20,9,11,1,1,0,3,1,2,3,2,1
SHELBY COUNTY,419,79 Years,141,62,79,118,53,65,20,6,14,1,1,0,0,0,0,2,2,0
SHELBY COUNTY,419,80 Years,117,47,70,96,39,57,17,4,13,1,1,0,1,1,0,2,2,0
SHELBY COUNTY,419,81 Years,128,54,74,108,47,61,16,6,10,0,0,0,2,1,1,2,0,2
SHELBY COUNTY,419,82 Years,117,55,62,97,46,51,12,6,6,0,0,0,3,1,2,5,2,3
SHELBY COUNTY,419,83 Years,102,53,49,82,42,40,12,7,5,0,0,0,2,1,1,6,3,3
SHELBY COUNTY,419,84 Years,95,47,48,74,38,36,16,7,9,0,0,0,2,1,1,3,1,2
SHELBY COUNTY,419,85 Years,92,38,54,71,32,39,15,4,11,0,0,0,3,1,2,3,1,2
SHELBY COUNTY,419,86 Years,75,29,46,62,23,39,11,5,6,0,0,0,0,0,0,2,1,1
SHELBY COUNTY,419,87 Years,58,24,34,47,18,29,8,4,4,0,0,0,0,0,0,3,2,1
SHELBY COUNTY,419,88 Years,54,25,29,43,20,23,7,3,4,0,0,0,1,1,0,3,1,2
SHELBY COUNTY,419,89 Years,49,19,30,38,14,24,6,2,4,1,0,1,1,1,0,3,2,1
SHELBY COUNTY,419,90 Years,45,15,30,33,11,22,8,3,5,0,0,0,2,0,2,2,1,1
SHELBY COUNTY,419,91 Years,34,15,19,26,11,15,6,2,4,0,0,0,0,0,0,2,2,0
SHELBY COUNTY,419,92 Years,26,12,14,20,9,11,5,2,3,0,0,0,0,0,0,1,1,0
SHELBY COUNTY,419,93 Years,22,7,15,16,5,11,4,1,3,0,0,0,1,0,1,1,1,0
SHELBY COUNTY,419,94 Years,17,7,10,11,4,7,5,2,3,0,0,0,0,0,0,1,1,0
SHELBY COUNTY,419,95 Years +,44,16,28,29,10,19,10,4,6,1,0,1,1,0,1,3,2,1
SHERMAN COUNTY,421,All Ages,3077,1578,1499,1599,810,789,13,12,1,5,4,1,34,19,15,1426,733,693
SHERMAN COUNTY,421,< 1 Year,48,25,23,12,6,6,0,0,0,0,0,0,0,0,0,36,19,17
SHERMAN COUNTY,421,1 Years,45,24,21,14,7,7,0,0,0,0,0,0,0,0,0,31,17,14
SHERMAN COUNTY,421,2 Years,44,23,21,14,7,7,0,0,0,0,0,0,0,0,0,30,16,14
SHERMAN COUNTY,421,3 Years,42,20,22,18,7,11,0,0,0,0,0,0,0,0,0,24,13,11
SHERMAN COUNTY,421,4 Years,41,19,22,14,6,8,0,0,0,0,0,0,0,0,0,27,13,14
SHERMAN COUNTY,421,5 Years,45,22,23,13,7,6,0,0,0,0,0,0,2,1,1,30,14,16
SHERMAN COUNTY,421,6 Years,45,21,24,12,6,6,0,0,0,0,0,0,2,1,1,31,14,17
SHERMAN COUNTY,421,7 Years,47,24,23,15,9,6,0,0,0,0,0,0,3,2,1,29,13,16
SHERMAN COUNTY,421,8 Years,43,22,21,15,8,7,0,0,0,0,0,0,2,1,1,26,13,13
SHERMAN COUNTY,421,9 Years,34,14,20,12,2,10,0,0,0,0,0,0,0,0,0,22,12,10
SHERMAN COUNTY,421,10 Years,44,20,24,24,12,12,0,0,0,0,0,0,0,0,0,20,8,12
SHERMAN COUNTY,421,11 Years,47,23,24,17,9,8,0,0,0,0,0,0,0,0,0,30,14,16
SHERMAN COUNTY,421,12 Years,40,23,17,13,6,7,0,0,0,0,0,0,1,1,0,26,16,10
SHERMAN COUNTY,421,13 Years,44,28,16,14,8,6,0,0,0,0,0,0,0,0,0,30,20,10
SHERMAN COUNTY,421,14 Years,50,24,26,21,12,9,0,0,0,0,0,0,0,0,0,29,12,17
SHERMAN COUNTY,421,15 Years,50,23,27,23,10,13,0,0,0,1,0,1,1,0,1,25,13,12
SHERMAN COUNTY,421,16 Years,49,24,25,22,10,12,0,0,0,1,1,0,0,0,0,26,13,13
SHERMAN COUNTY,421,17 Years,44,26,18,16,10,6,0,0,0,1,1,0,0,0,0,27,15,12
SHERMAN COUNTY,421,18 Years,47,24,23,14,9,5,0,0,0,0,0,0,2,1,1,31,14,17
SHERMAN COUNTY,421,19 Years,33,17,16,10,6,4,1,1,0,0,0,0,1,1,0,21,9,12
SHERMAN COUNTY,421,20 Years,25,9,16,9,5,4,0,0,0,0,0,0,1,0,1,15,4,11
SHERMAN COUNTY,421,21 Years,36,20,16,10,5,5,1,1,0,0,0,0,0,0,0,25,14,11
SHERMAN COUNTY,421,22 Years,37,21,16,11,7,4,1,1,0,0,0,0,0,0,0,25,13,12
SHERMAN COUNTY,421,23 Years,41,20,21,12,7,5,0,0,0,0,0,0,1,1,0,28,12,16
SHERMAN COUNTY,421,24 Years,44,21,23,12,7,5,0,0,0,0,0,0,1,1,0,31,13,18
SHERMAN COUNTY,421,25 Years,51,21,30,20,9,11,0,0,0,0,0,0,0,0,0,31,12,19
SHERMAN COUNTY,421,26 Years,54,30,24,26,14,12,0,0,0,0,0,0,0,0,0,28,16,12
SHERMAN COUNTY,421,27 Years,42,25,17,19,13,6,0,0,0,0,0,0,0,0,0,23,12,11
SHERMAN COUNTY,421,28 Years,39,21,18,13,7,6,0,0,0,0,0,0,1,1,0,25,13,12
SHERMAN COUNTY,421,29 Years,26,13,13,9,3,6,0,0,0,0,0,0,0,0,0,17,10,7
SHERMAN COUNTY,421,30 Years,25,13,12,11,5,6,0,0,0,0,0,0,0,0,0,14,8,6
SHERMAN COUNTY,421,31 Years,21,14,7,8,6,2,0,0,0,0,0,0,0,0,0,13,8,5
SHERMAN COUNTY,421,32 Years,34,18,16,17,7,10,0,0,0,0,0,0,0,0,0,17,11,6
SHERMAN COUNTY,421,33 Years,26,19,7,13,8,5,1,1,0,0,0,0,0,0,0,12,10,2
SHERMAN COUNTY,421,34 Years,25,14,11,12,6,6,1,1,0,0,0,0,0,0,0,12,7,5
SHERMAN COUNTY,421,35 Years,29,9,20,17,6,11,0,0,0,0,0,0,0,0,0,12,3,9
SHERMAN COUNTY,421,36 Years,36,15,21,20,8,12,0,0,0,0,0,0,0,0,0,16,7,9
SHERMAN COUNTY,421,37 Years,28,12,16,17,8,9,0,0,0,0,0,0,0,0,0,11,4,7
SHERMAN COUNTY,421,38 Years,26,14,12,14,7,7,0,0,0,0,0,0,0,0,0,12,7,5
SHERMAN COUNTY,421,39 Years,27,16,11,14,7,7,0,0,0,0,0,0,0,0,0,13,9,4
SHERMAN COUNTY,421,40 Years,28,15,13,13,6,7,0,0,0,0,0,0,1,1,0,14,8,6
SHERMAN COUNTY,421,41 Years,31,15,16,16,7,9,0,0,0,0,0,0,1,0,1,14,8,6
SHERMAN COUNTY,421,42 Years,28,16,12,10,7,3,0,0,0,0,0,0,1,1,0,17,8,9
SHERMAN COUNTY,421,43 Years,37,23,14,17,10,7,0,0,0,1,1,0,1,1,0,18,11,7
SHERMAN COUNTY,421,44 Years,46,24,22,20,12,8,0,0,0,0,0,0,1,0,1,25,12,13
SHERMAN COUNTY,421,45 Years,33,18,15,14,8,6,0,0,0,0,0,0,1,0,1,18,10,8
SHERMAN COUNTY,421,46 Years,35,16,19,19,9,10,0,0,0,0,0,0,1,1,0,15,6,9
SHERMAN COUNTY,421,47 Years,48,27,21,29,15,14,0,0,0,0,0,0,1,1,0,18,11,7
SHERMAN COUNTY,421,48 Years,42,18,24,27,11,16,0,0,0,0,0,0,0,0,0,15,7,8
SHERMAN COUNTY,421,49 Years,42,22,20,22,11,11,0,0,0,0,0,0,1,1,0,19,10,9
SHERMAN COUNTY,421,50 Years,41,21,20,21,11,10,0,0,0,0,0,0,0,0,0,20,10,10
SHERMAN COUNTY,421,51 Years,35,12,23,16,5,11,0,0,0,0,0,0,0,0,0,19,7,12
SHERMAN COUNTY,421,52 Years,37,17,20,23,8,15,0,0,0,0,0,0,0,0,0,14,9,5
SHERMAN COUNTY,421,53 Years,49,20,29,22,9,13,1,0,1,1,1,0,0,0,0,25,10,15
SHERMAN COUNTY,421,54 Years,49,26,23,25,14,11,0,0,0,0,0,0,0,0,0,24,12,12
SHERMAN COUNTY,421,55 Years,49,29,20,33,20,13,1,1,0,0,0,0,1,0,1,14,8,6
SHERMAN COUNTY,421,56 Years,40,25,15,26,14,12,0,0,0,0,0,0,1,0,1,13,11,2
SHERMAN COUNTY,421,57 Years,44,23,21,26,15,11,0,0,0,0,0,0,0,0,0,18,8,10
SHERMAN COUNTY,421,58 Years,43,22,21,28,12,16,0,0,0,0,0,0,1,1,0,14,9,5
SHERMAN COUNTY,421,59 Years,37,22,15,23,12,11,0,0,0,0,0,0,1,1,0,13,9,4
SHERMAN COUNTY,421,60 Years,41,18,23,28,12,16,0,0,0,0,0,0,0,0,0,13,6,7
SHERMAN COUNTY,421,61 Years,47,22,25,32,15,17,0,0,0,0,0,0,0,0,0,15,7,8
SHERMAN COUNTY,421,62 Years,35,19,16,25,14,11,0,0,0,0,0,0,0,0,0,10,5,5
SHERMAN COUNTY,421,63 Years,39,25,14,25,16,9,0,0,0,0,0,0,0,0,0,14,9,5
SHERMAN COUNTY,421,64 Years,43,24,19,29,16,13,1,1,0,0,0,0,0,0,0,13,7,6
SHERMAN COUNTY,421,65 Years,26,12,14,16,7,9,0,0,0,0,0,0,0,0,0,10,5,5
SHERMAN COUNTY,421,66 Years,22,13,9,17,9,8,0,0,0,0,0,0,0,0,0,5,4,1
SHERMAN COUNTY,421,67 Years,29,15,14,24,12,12,1,1,0,0,0,0,0,0,0,4,2,2
SHERMAN COUNTY,421,68 Years,31,17,14,24,12,12,1,1,0,0,0,0,1,0,1,5,4,1
SHERMAN COUNTY,421,69 Years,27,15,12,21,11,10,1,1,0,0,0,0,0,0,0,5,3,2
SHERMAN COUNTY,421,70 Years,23,12,11,20,11,9,0,0,0,0,0,0,0,0,0,3,1,2
SHERMAN COUNTY,421,71 Years,26,14,12,21,10,11,0,0,0,0,0,0,0,0,0,5,4,1
SHERMAN COUNTY,421,72 Years,29,14,15,26,13,13,0,0,0,0,0,0,0,0,0,3,1,2
SHERMAN COUNTY,421,73 Years,24,12,12,22,12,10,0,0,0,0,0,0,0,0,0,2,0,2
SHERMAN COUNTY,421,74 Years,19,10,9,18,9,9,0,0,0,0,0,0,0,0,0,1,1,0
SHERMAN COUNTY,421,75 Years,22,13,9,18,10,8,0,0,0,0,0,0,0,0,0,4,3,1
SHERMAN COUNTY,421,76 Years,19,9,10,15,6,9,0,0,0,0,0,0,0,0,0,4,3,1
SHERMAN COUNTY,421,77 Years,21,11,10,17,9,8,0,0,0,0,0,0,0,0,0,4,2,2
SHERMAN COUNTY,421,78 Years,28,16,12,25,16,9,0,0,0,0,0,0,1,0,1,2,0,2
SHERMAN COUNTY,421,79 Years,18,9,9,16,9,7,0,0,0,0,0,0,0,0,0,2,0,2
SHERMAN COUNTY,421,80 Years,16,8,8,15,7,8,0,0,0,0,0,0,0,0,0,1,1,0
SHERMAN COUNTY,421,81 Years,16,9,7,14,8,6,0,0,0,0,0,0,0,0,0,2,1,1
SHERMAN COUNTY,421,82 Years,10,5,5,8,4,4,0,0,0,0,0,0,0,0,0,2,1,1
SHERMAN COUNTY,421,83 Years,12,9,3,9,6,3,1,1,0,0,0,0,0,0,0,2,2,0
SHERMAN COUNTY,421,84 Years,14,7,7,11,6,5,1,1,0,0,0,0,0,0,0,2,0,2
SHERMAN COUNTY,421,85 Years,13,6,7,11,5,6,0,0,0,0,0,0,0,0,0,2,1,1
SHERMAN COUNTY,421,86 Years,11,4,7,8,3,5,0,0,0,0,0,0,0,0,0,3,1,2
SHERMAN COUNTY,421,87 Years,10,3,7,8,3,5,0,0,0,0,0,0,0,0,0,2,0,2
SHERMAN COUNTY,421,88 Years,8,4,4,7,3,4,0,0,0,0,0,0,0,0,0,1,1,0
SHERMAN COUNTY,421,89 Years,9,4,5,7,3,4,0,0,0,0,0,0,0,0,0,2,1,1
SHERMAN COUNTY,421,90 Years,6,3,3,6,3,3,0,0,0,0,0,0,0,0,0,0,0,0
SHERMAN COUNTY,421,91 Years,7,3,4,6,3,3,0,0,0,0,0,0,1,0,1,0,0,0
SHERMAN COUNTY,421,92 Years,5,2,3,4,2,2,0,0,0,0,0,0,0,0,0,1,0,1
SHERMAN COUNTY,421,93 Years,4,2,2,4,2,2,0,0,0,0,0,0,0,0,0,0,0,0
SHERMAN COUNTY,421,94 Years,3,1,2,3,1,2,0,0,0,0,0,0,0,0,0,0,0,0
SHERMAN COUNTY,421,95 Years +,16,6,10,12,4,8,0,0,0,0,0,0,0,0,0,4,2,2
SMITH COUNTY,423,All Ages,231516,111660,119856,136782,65504,71278,39341,18434,20907,3850,1942,1908,4913,2403,2510,46630,23377,23253
SMITH COUNTY,423,< 1 Year,2992,1510,1482,1344,678,666,504,257,247,39,18,21,152,68,84,953,489,464
SMITH COUNTY,423,1 Years,3043,1533,1510,1348,687,661,518,257,261,46,23,23,163,78,85,968,488,480
SMITH COUNTY,423,2 Years,3147,1595,1552,1413,712,701,521,263,258,49,29,20,160,84,76,1004,507,497
SMITH COUNTY,423,3 Years,3224,1622,1602,1442,721,721,556,279,277,48,28,20,158,84,74,1020,510,510
SMITH COUNTY,423,4 Years,3273,1662,1611,1472,735,737,557,286,271,48,28,20,150,85,65,1046,528,518
SMITH COUNTY,423,5 Years,3270,1668,1602,1460,732,728,563,291,272,49,29,20,144,82,62,1054,534,520
SMITH COUNTY,423,6 Years,3240,1648,1592,1442,723,719,544,280,264,55,30,25,139,78,61,1060,537,523
SMITH COUNTY,423,7 Years,3174,1592,1582,1412,688,724,541,277,264,53,28,25,134,71,63,1034,528,506
SMITH COUNTY,423,8 Years,3141,1571,1570,1397,684,713,533,272,261,52,26,26,126,60,66,1033,529,504
SMITH COUNTY,423,9 Years,2995,1506,1489,1343,676,667,524,255,269,42,32,10,109,49,60,977,494,483
SMITH COUNTY,423,10 Years,2978,1514,1464,1359,688,671,545,294,251,56,30,26,104,50,54,914,452,462
SMITH COUNTY,423,11 Years,3018,1564,1454,1365,711,654,536,284,252,59,24,35,122,61,61,936,484,452
SMITH COUNTY,423,12 Years,3202,1634,1568,1461,785,676,550,278,272,54,24,30,96,46,50,1041,501,540
SMITH COUNTY,423,13 Years,3160,1597,1563,1502,773,729,544,268,276,45,27,18,96,51,45,973,478,495
SMITH COUNTY,423,14 Years,3050,1550,1500,1429,730,699,563,278,285,57,29,28,92,49,43,909,464,445
SMITH COUNTY,423,15 Years,3183,1635,1548,1463,756,707,558,287,271,63,29,34,113,61,52,986,502,484
SMITH COUNTY,423,16 Years,3207,1573,1634,1481,721,760,574,291,283,65,28,37,101,50,51,986,483,503
SMITH COUNTY,423,17 Years,3177,1574,1603,1507,745,762,534,271,263,64,26,38,86,45,41,986,487,499
SMITH COUNTY,423,18 Years,3462,1734,1728,1624,812,812,752,385,367,69,30,39,81,40,41,936,467,469
SMITH COUNTY,423,19 Years,3249,1661,1588,1459,735,724,773,410,363,72,34,38,79,43,36,866,439,427
SMITH COUNTY,423,20 Years,3070,1526,1544,1409,697,712,702,355,347,63,30,33,81,48,33,815,396,419
SMITH COUNTY,423,21 Years,3071,1514,1557,1429,684,745,740,390,350,56,25,31,76,39,37,770,376,394
SMITH COUNTY,423,22 Years,2775,1395,1380,1337,690,647,541,278,263,58,23,35,78,38,40,761,366,395
SMITH COUNTY,423,23 Years,2875,1479,1396,1451,763,688,547,279,268,62,31,31,81,41,40,734,365,369
SMITH COUNTY,423,24 Years,2935,1490,1445,1499,762,737,584,295,289,40,26,14,68,33,35,744,374,370
SMITH COUNTY,423,25 Years,2960,1485,1475,1535,784,751,594,293,301,44,23,21,74,34,40,713,351,362
SMITH COUNTY,423,26 Years,3004,1496,1508,1525,781,744,644,302,342,52,26,26,74,38,36,709,349,360
SMITH COUNTY,423,27 Years,3072,1520,1552,1585,783,802,633,298,335,41,25,16,78,41,37,735,373,362
SMITH COUNTY,423,28 Years,3666,1771,1895,2022,981,1041,747,341,406,45,28,17,82,38,44,770,383,387
SMITH COUNTY,423,29 Years,3550,1713,1837,2034,1002,1032,655,294,361,47,29,18,87,42,45,727,346,381
SMITH COUNTY,423,30 Years,3336,1613,1723,1972,947,1025,586,271,315,45,29,16,66,34,32,667,332,335
SMITH COUNTY,423,31 Years,3450,1638,1812,2065,985,1080,618,278,340,46,30,16,59,24,35,662,321,341
SMITH COUNTY,423,32 Years,3395,1601,1794,2024,954,1070,614,271,343,65,37,28,58,25,33,634,314,320
SMITH COUNTY,423,33 Years,3219,1515,1704,1884,866,1018,588,271,317,67,36,31,45,26,19,635,316,319
SMITH COUNTY,423,34 Years,3131,1485,1646,1825,859,966,561,248,313,61,29,32,49,24,25,635,325,310
SMITH COUNTY,423,35 Years,3060,1457,1603,1788,852,936,528,240,288,72,36,36,56,29,27,616,300,316
SMITH COUNTY,423,36 Years,3031,1494,1537,1758,884,874,516,227,289,74,36,38,44,22,22,639,325,314
SMITH COUNTY,423,37 Years,2890,1401,1489,1720,845,875,487,211,276,50,31,19,42,20,22,591,294,297
SMITH COUNTY,423,38 Years,2863,1411,1452,1652,823,829,523,239,284,61,34,27,43,22,21,584,293,291
SMITH COUNTY,423,39 Years,2848,1421,1427,1646,835,811,512,238,274,71,37,34,42,19,23,577,292,285
SMITH COUNTY,423,40 Years,2715,1275,1440,1595,767,828,439,197,242,61,30,31,38,12,26,582,269,313
SMITH COUNTY,423,41 Years,2621,1259,1362,1537,751,786,403,180,223,60,24,36,28,11,17,593,293,300
SMITH COUNTY,423,42 Years,2530,1224,1306,1492,725,767,365,165,200,52,23,29,29,12,17,592,299,293
SMITH COUNTY,423,43 Years,2569,1245,1324,1478,714,764,388,175,213,68,35,33,30,13,17,605,308,297
SMITH COUNTY,423,44 Years,2536,1191,1345,1490,712,778,387,161,226,55,27,28,37,15,22,567,276,291
SMITH COUNTY,423,45 Years,2464,1156,1308,1404,663,741,399,173,226,65,29,36,31,10,21,565,281,284
SMITH COUNTY,423,46 Years,2574,1243,1331,1468,720,748,450,198,252,75,34,41,25,9,16,556,282,274
SMITH COUNTY,423,47 Years,2656,1251,1405,1561,744,817,464,207,257,70,30,40,28,11,17,533,259,274
SMITH COUNTY,423,48 Years,2884,1360,1524,1761,822,939,474,215,259,81,36,45,27,11,16,541,276,265
SMITH COUNTY,423,49 Years,2758,1320,1438,1687,806,881,440,201,239,80,34,46,29,13,16,522,266,256
SMITH COUNTY,423,50 Years,2641,1297,1344,1678,831,847,395,177,218,57,34,23,21,11,10,490,244,246
SMITH COUNTY,423,51 Years,2609,1252,1357,1612,776,836,418,184,234,62,27,35,30,15,15,487,250,237
SMITH COUNTY,423,52 Years,2590,1226,1364,1615,778,837,431,193,238,62,30,32,31,16,15,451,209,242
SMITH COUNTY,423,53 Years,2542,1252,1290,1564,762,802,453,205,248,45,28,17,31,14,17,449,243,206
SMITH COUNTY,423,54 Years,2632,1271,1361,1636,778,858,473,217,256,42,27,15,32,15,17,449,234,215
SMITH COUNTY,423,55 Years,2802,1335,1467,1828,854,974,474,220,254,55,24,31,38,17,21,407,220,187
SMITH COUNTY,423,56 Years,2827,1333,1494,1934,906,1028,455,203,252,54,22,32,33,12,21,351,190,161
SMITH COUNTY,423,57 Years,2766,1296,1470,1850,867,983,490,213,277,42,24,18,34,13,21,350,179,171
SMITH COUNTY,423,58 Years,2827,1328,1499,1963,904,1059,445,201,244,41,27,14,42,26,16,336,170,166
SMITH COUNTY,423,59 Years,2882,1377,1505,1968,936,1032,481,215,266,53,27,26,35,19,16,345,180,165
SMITH COUNTY,423,60 Years,2780,1333,1447,1926,931,995,448,193,255,42,23,19,33,17,16,331,169,162
SMITH COUNTY,423,61 Years,2811,1316,1495,1981,943,1038,449,184,265,36,23,13,31,16,15,314,150,164
SMITH COUNTY,423,62 Years,2762,1315,1447,1951,941,1010,460,197,263,26,14,12,37,18,19,288,145,143
SMITH COUNTY,423,63 Years,2791,1335,1456,1993,957,1036,449,199,250,32,19,13,33,11,22,284,149,135
SMITH COUNTY,423,64 Years,2728,1250,1478,1968,893,1075,460,200,260,29,14,15,29,11,18,242,132,110
SMITH COUNTY,423,65 Years,2627,1231,1396,1944,907,1037,425,185,240,18,4,14,28,13,15,212,122,90
SMITH COUNTY,423,66 Years,2412,1140,1272,1790,845,945,385,167,218,23,8,15,29,14,15,185,106,79
SMITH COUNTY,423,67 Years,2356,1167,1189,1784,872,912,361,176,185,25,11,14,27,14,13,159,94,65
SMITH COUNTY,423,68 Years,2268,1071,1197,1695,790,905,366,180,186,25,12,13,25,12,13,157,77,80
SMITH COUNTY,423,69 Years,2302,1068,1234,1768,812,956,338,157,181,22,9,13,26,11,15,148,79,69
SMITH COUNTY,423,70 Years,2117,970,1147,1644,740,904,308,145,163,22,9,13,23,9,14,120,67,53
SMITH COUNTY,423,71 Years,2176,1019,1157,1728,804,924,298,140,158,17,7,10,29,11,18,104,57,47
SMITH COUNTY,423,72 Years,2199,994,1205,1774,814,960,279,119,160,16,3,13,28,10,18,102,48,54
SMITH COUNTY,423,73 Years,1734,787,947,1397,639,758,210,86,124,13,5,8,21,10,11,93,47,46
SMITH COUNTY,423,74 Years,1714,765,949,1383,620,763,211,89,122,7,3,4,25,10,15,88,43,45
SMITH COUNTY,423,75 Years,1658,742,916,1359,609,750,187,77,110,10,6,4,19,8,11,83,42,41
SMITH COUNTY,423,76 Years,1560,703,857,1281,573,708,186,85,101,11,6,5,14,5,9,68,34,34
SMITH COUNTY,423,77 Years,1414,637,777,1185,528,657,149,68,81,10,5,5,13,6,7,57,30,27
SMITH COUNTY,423,78 Years,1336,575,761,1116,475,641,153,68,85,8,5,3,15,6,9,44,21,23
SMITH COUNTY,423,79 Years,1272,553,719,1056,462,594,148,60,88,8,4,4,16,6,10,44,21,23
SMITH COUNTY,423,80 Years,1116,491,625,937,414,523,117,49,68,7,3,4,11,5,6,44,20,24
SMITH COUNTY,423,81 Years,1038,460,578,867,395,472,112,41,71,5,2,3,12,5,7,42,17,25
SMITH COUNTY,423,82 Years,959,419,540,804,356,448,107,43,64,7,3,4,8,4,4,33,13,20
SMITH COUNTY,423,83 Years,913,385,528,763,325,438,99,39,60,6,2,4,9,4,5,36,15,21
SMITH COUNTY,423,84 Years,869,332,537,725,284,441,106,33,73,5,2,3,7,2,5,26,11,15
SMITH COUNTY,423,85 Years,747,293,454,621,251,370,92,30,62,5,2,3,7,3,4,22,7,15
SMITH COUNTY,423,86 Years,658,255,403,536,215,321,87,28,59,6,2,4,7,3,4,22,7,15
SMITH COUNTY,423,87 Years,594,217,377,491,185,306,74,24,50,2,1,1,6,2,4,21,5,16
SMITH COUNTY,423,88 Years,545,212,333,453,183,270,65,21,44,5,2,3,6,2,4,16,4,12
SMITH COUNTY,423,89 Years,451,165,286,383,142,241,48,16,32,3,1,2,5,2,3,12,4,8
SMITH COUNTY,423,90 Years,388,144,244,329,126,203,42,11,31,2,1,1,5,2,3,10,4,6
SMITH COUNTY,423,91 Years,320,119,201,268,105,163,38,9,29,1,1,0,3,1,2,10,3,7
SMITH COUNTY,423,92 Years,286,96,190,239,83,156,35,9,26,1,0,1,2,1,1,9,3,6
SMITH COUNTY,423,93 Years,220,72,148,179,59,120,26,8,18,2,1,1,3,1,2,10,3,7
SMITH COUNTY,423,94 Years,169,52,117,136,44,92,24,5,19,1,1,0,1,0,1,7,2,5
SMITH COUNTY,423,95 Years +,415,118,297,324,97,227,65,11,54,7,3,4,3,1,2,16,6,10
SOMERVELL COUNTY,425,All Ages,9569,4689,4880,7161,3489,3672,61,32,29,51,27,24,201,81,120,2095,1060,1035
SOMERVELL COUNTY,425,< 1 Year,104,56,48,65,34,31,0,0,0,0,0,0,0,0,0,39,22,17
SOMERVELL COUNTY,425,1 Years,104,56,48,60,32,28,0,0,0,0,0,0,2,2,0,42,22,20
SOMERVELL COUNTY,425,2 Years,115,56,59,67,33,34,0,0,0,2,1,1,5,2,3,41,20,21
SOMERVELL COUNTY,425,3 Years,108,54,54,63,32,31,0,0,0,2,1,1,4,1,3,39,20,19
SOMERVELL COUNTY,425,4 Years,107,55,52,60,31,29,0,0,0,0,0,0,2,1,1,45,23,22
SOMERVELL COUNTY,425,5 Years,114,58,56,64,33,31,0,0,0,0,0,0,1,1,0,49,24,25
SOMERVELL COUNTY,425,6 Years,122,60,62,63,31,32,0,0,0,3,2,1,2,1,1,54,26,28
SOMERVELL COUNTY,425,7 Years,116,57,59,67,32,35,0,0,0,2,1,1,3,1,2,44,23,21
SOMERVELL COUNTY,425,8 Years,120,60,60,68,32,36,0,0,0,4,2,2,3,2,1,45,24,21
SOMERVELL COUNTY,425,9 Years,130,64,66,75,37,38,0,0,0,3,3,0,0,0,0,52,24,28
SOMERVELL COUNTY,425,10 Years,99,45,54,70,33,37,2,0,2,0,0,0,1,1,0,26,11,15
SOMERVELL COUNTY,425,11 Years,124,59,65,90,47,43,2,0,2,0,0,0,2,1,1,30,11,19
SOMERVELL COUNTY,425,12 Years,116,55,61,80,40,40,1,1,0,1,0,1,1,0,1,33,14,19
SOMERVELL COUNTY,425,13 Years,113,52,61,75,37,38,1,0,1,1,0,1,7,1,6,29,14,15
SOMERVELL COUNTY,425,14 Years,104,56,48,64,38,26,4,1,3,2,1,1,5,2,3,29,14,15
SOMERVELL COUNTY,425,15 Years,104,44,60,67,30,37,2,0,2,1,1,0,4,2,2,30,11,19
SOMERVELL COUNTY,425,16 Years,125,49,76,72,29,43,1,0,1,1,1,0,5,3,2,46,16,30
SOMERVELL COUNTY,425,17 Years,118,54,64,78,38,40,0,0,0,0,0,0,5,2,3,35,14,21
SOMERVELL COUNTY,425,18 Years,114,50,64,66,28,38,0,0,0,0,0,0,6,1,5,42,21,21
SOMERVELL COUNTY,425,19 Years,103,50,53,49,23,26,4,3,1,0,0,0,5,1,4,45,23,22
SOMERVELL COUNTY,425,20 Years,93,53,40,48,25,23,5,4,1,1,1,0,7,4,3,32,19,13
SOMERVELL COUNTY,425,21 Years,101,53,48,56,28,28,3,2,1,0,0,0,4,1,3,38,22,16
SOMERVELL COUNTY,425,22 Years,119,68,51,67,37,30,3,2,1,0,0,0,3,2,1,46,27,19
SOMERVELL COUNTY,425,23 Years,116,62,54,78,41,37,2,1,1,1,1,0,2,2,0,33,17,16
SOMERVELL COUNTY,425,24 Years,126,65,61,74,37,37,3,2,1,1,1,0,3,2,1,45,23,22
SOMERVELL COUNTY,425,25 Years,125,62,63,81,43,38,7,5,2,1,0,1,3,0,3,33,14,19
SOMERVELL COUNTY,425,26 Years,162,66,96,113,43,70,4,1,3,1,0,1,4,1,3,40,21,19
SOMERVELL COUNTY,425,27 Years,155,67,88,105,42,63,3,1,2,0,0,0,3,2,1,44,22,22
SOMERVELL COUNTY,425,28 Years,125,59,66,88,42,46,1,0,1,0,0,0,4,1,3,32,16,16
SOMERVELL COUNTY,425,29 Years,120,61,59,75,39,36,0,0,0,0,0,0,8,3,5,37,19,18
SOMERVELL COUNTY,425,30 Years,124,68,56,93,51,42,0,0,0,0,0,0,2,1,1,29,16,13
SOMERVELL COUNTY,425,31 Years,119,62,57,100,51,49,0,0,0,0,0,0,0,0,0,19,11,8
SOMERVELL COUNTY,425,32 Years,106,55,51,87,45,42,0,0,0,0,0,0,0,0,0,19,10,9
SOMERVELL COUNTY,425,33 Years,115,58,57,91,44,47,0,0,0,0,0,0,1,0,1,23,14,9
SOMERVELL COUNTY,425,34 Years,100,49,51,78,36,42,1,0,1,0,0,0,0,0,0,21,13,8
SOMERVELL COUNTY,425,35 Years,101,49,52,81,39,42,1,0,1,0,0,0,1,0,1,18,10,8
SOMERVELL COUNTY,425,36 Years,97,53,44,78,44,34,1,0,1,0,0,0,1,0,1,17,9,8
SOMERVELL COUNTY,425,37 Years,107,52,55,73,37,36,1,0,1,1,0,1,3,3,0,29,12,17
SOMERVELL COUNTY,425,38 Years,102,58,44,75,40,35,0,0,0,1,0,1,1,1,0,25,17,8
SOMERVELL COUNTY,425,39 Years,96,53,43,66,32,34,1,1,0,2,0,2,1,0,1,26,20,6
SOMERVELL COUNTY,425,40 Years,109,52,57,71,33,38,0,0,0,1,0,1,1,0,1,36,19,17
SOMERVELL COUNTY,425,41 Years,107,49,58,77,33,44,0,0,0,0,0,0,3,1,2,27,15,12
SOMERVELL COUNTY,425,42 Years,104,47,57,79,34,45,0,0,0,0,0,0,2,1,1,23,12,11
SOMERVELL COUNTY,425,43 Years,103,50,53,68,32,36,0,0,0,1,1,0,2,2,0,32,15,17
SOMERVELL COUNTY,425,44 Years,103,50,53,75,35,40,0,0,0,1,1,0,0,0,0,27,14,13
SOMERVELL COUNTY,425,45 Years,96,40,56,65,31,34,1,1,0,2,1,1,2,0,2,26,7,19
SOMERVELL COUNTY,425,46 Years,102,49,53,72,40,32,1,1,0,1,0,1,3,1,2,25,7,18
SOMERVELL COUNTY,425,47 Years,93,45,48,63,31,32,0,0,0,2,1,1,3,1,2,25,12,13
SOMERVELL COUNTY,425,48 Years,105,56,49,79,41,38,1,1,0,0,0,0,2,1,1,23,13,10
SOMERVELL COUNTY,425,49 Years,110,57,53,89,44,45,0,0,0,1,1,0,0,0,0,20,12,8
SOMERVELL COUNTY,425,50 Years,115,50,65,87,41,46,0,0,0,0,0,0,6,2,4,22,7,15
SOMERVELL COUNTY,425,51 Years,89,37,52,67,30,37,0,0,0,0,0,0,2,1,1,20,6,14
SOMERVELL COUNTY,425,52 Years,110,53,57,79,37,42,0,0,0,0,0,0,2,0,2,29,16,13
SOMERVELL COUNTY,425,53 Years,119,60,59,91,44,47,2,2,0,1,1,0,1,0,1,24,13,11
SOMERVELL COUNTY,425,54 Years,125,67,58,99,51,48,1,1,0,0,0,0,2,0,2,23,15,8
SOMERVELL COUNTY,425,55 Years,140,71,69,113,55,58,0,0,0,0,0,0,1,0,1,26,16,10
SOMERVELL COUNTY,425,56 Years,131,71,60,105,53,52,0,0,0,1,1,0,3,3,0,22,14,8
SOMERVELL COUNTY,425,57 Years,132,76,56,116,69,47,0,0,0,0,0,0,2,1,1,14,6,8
SOMERVELL COUNTY,425,58 Years,153,86,67,130,76,54,1,1,0,0,0,0,4,1,3,18,8,10
SOMERVELL COUNTY,425,59 Years,131,62,69,116,57,59,0,0,0,1,0,1,1,0,1,13,5,8
SOMERVELL COUNTY,425,60 Years,139,66,73,122,57,65,0,0,0,0,0,0,2,1,1,15,8,7
SOMERVELL COUNTY,425,61 Years,134,71,63,118,63,55,0,0,0,0,0,0,1,0,1,15,8,7
SOMERVELL COUNTY,425,62 Years,130,65,65,113,58,55,0,0,0,0,0,0,2,1,1,15,6,9
SOMERVELL COUNTY,425,63 Years,121,65,56,106,57,49,0,0,0,0,0,0,5,3,2,10,5,5
SOMERVELL COUNTY,425,64 Years,120,54,66,107,47,60,0,0,0,0,0,0,3,1,2,10,6,4
SOMERVELL COUNTY,425,65 Years,126,51,75,112,44,68,0,0,0,0,0,0,2,1,1,12,6,6
SOMERVELL COUNTY,425,66 Years,134,57,77,116,47,69,0,0,0,0,0,0,2,1,1,16,9,7
SOMERVELL COUNTY,425,67 Years,138,65,73,123,56,67,0,0,0,0,0,0,2,2,0,13,7,6
SOMERVELL COUNTY,425,68 Years,130,70,60,116,60,56,1,1,0,0,0,0,3,1,2,10,8,2
SOMERVELL COUNTY,425,69 Years,142,71,71,128,64,64,0,0,0,1,0,1,3,1,2,10,6,4
SOMERVELL COUNTY,425,70 Years,144,78,66,130,71,59,0,0,0,2,1,1,1,0,1,11,6,5
SOMERVELL COUNTY,425,71 Years,141,78,63,131,72,59,0,0,0,2,1,1,0,0,0,8,5,3
SOMERVELL COUNTY,425,72 Years,111,51,60,102,49,53,0,0,0,0,0,0,2,0,2,7,2,5
SOMERVELL COUNTY,425,73 Years,90,42,48,83,39,44,0,0,0,0,0,0,1,0,1,6,3,3
SOMERVELL COUNTY,425,74 Years,80,39,41,74,36,38,0,0,0,0,0,0,1,1,0,5,2,3
SOMERVELL COUNTY,425,75 Years,88,46,42,81,43,38,0,0,0,1,0,1,1,0,1,5,3,2
SOMERVELL COUNTY,425,76 Years,75,43,32,65,37,28,0,0,0,1,1,0,3,2,1,6,3,3
SOMERVELL COUNTY,425,77 Years,72,41,31,67,39,28,0,0,0,0,0,0,1,0,1,4,2,2
SOMERVELL COUNTY,425,78 Years,63,30,33,59,28,31,0,0,0,0,0,0,1,1,0,3,1,2
SOMERVELL COUNTY,425,79 Years,52,24,28,50,23,27,0,0,0,0,0,0,0,0,0,2,1,1
SOMERVELL COUNTY,425,80 Years,50,22,28,44,19,25,0,0,0,1,1,0,2,0,2,3,2,1
SOMERVELL COUNTY,425,81 Years,57,20,37,52,18,34,0,0,0,0,0,0,1,0,1,4,2,2
SOMERVELL COUNTY,425,82 Years,61,23,38,53,20,33,0,0,0,0,0,0,1,0,1,7,3,4
SOMERVELL COUNTY,425,83 Years,45,18,27,41,16,25,0,0,0,0,0,0,0,0,0,4,2,2
SOMERVELL COUNTY,425,84 Years,33,17,16,31,15,16,0,0,0,0,0,0,0,0,0,2,2,0
SOMERVELL COUNTY,425,85 Years,43,17,26,39,15,24,0,0,0,0,0,0,1,0,1,3,2,1
SOMERVELL COUNTY,425,86 Years,38,13,25,36,12,24,0,0,0,0,0,0,0,0,0,2,1,1
SOMERVELL COUNTY,425,87 Years,28,11,17,27,11,16,0,0,0,0,0,0,1,0,1,0,0,0
SOMERVELL COUNTY,425,88 Years,21,8,13,17,5,12,0,0,0,0,0,0,0,0,0,4,3,1
SOMERVELL COUNTY,425,89 Years,23,9,14,20,6,14,0,0,0,0,0,0,1,1,0,2,2,0
SOMERVELL COUNTY,425,90 Years,20,10,10,18,8,10,0,0,0,0,0,0,1,1,0,1,1,0
SOMERVELL COUNTY,425,91 Years,18,7,11,18,7,11,0,0,0,0,0,0,0,0,0,0,0,0
SOMERVELL COUNTY,425,92 Years,13,3,10,13,3,10,0,0,0,0,0,0,0,0,0,0,0,0
SOMERVELL COUNTY,425,93 Years,8,3,5,8,3,5,0,0,0,0,0,0,0,0,0,0,0,0
SOMERVELL COUNTY,425,94 Years,11,4,7,11,4,7,0,0,0,0,0,0,0,0,0,0,0,0
SOMERVELL COUNTY,425,95 Years +,24,6,18,19,4,15,0,0,0,0,0,0,1,0,1,4,2,2
STARR COUNTY,427,All Ages,63690,31183,32507,2698,1366,1332,19,17,2,121,55,66,67,36,31,60785,29709,31076
STARR COUNTY,427,< 1 Year,1107,557,550,52,30,22,2,1,1,1,0,1,2,1,1,1050,525,525
STARR COUNTY,427,1 Years,1111,562,549,60,39,21,2,1,1,2,1,1,3,1,2,1044,520,524
STARR COUNTY,427,2 Years,1126,574,552,72,49,23,0,0,0,3,1,2,3,1,2,1048,523,525
STARR COUNTY,427,3 Years,1155,582,573,71,48,23,0,0,0,2,1,1,3,1,2,1079,532,547
STARR COUNTY,427,4 Years,1194,594,600,76,41,35,0,0,0,1,0,1,3,1,2,1114,552,562
STARR COUNTY,427,5 Years,1220,598,622,57,25,32,0,0,0,0,0,0,2,1,1,1161,572,589
STARR COUNTY,427,6 Years,1229,622,607,65,27,38,0,0,0,0,0,0,2,2,0,1162,593,569
STARR COUNTY,427,7 Years,1214,604,610,52,20,32,0,0,0,0,0,0,0,0,0,1162,584,578
STARR COUNTY,427,8 Years,1229,618,611,53,27,26,0,0,0,1,1,0,2,2,0,1173,588,585
STARR COUNTY,427,9 Years,1002,507,495,39,20,19,0,0,0,0,0,0,0,0,0,963,487,476
STARR COUNTY,427,10 Years,996,486,510,34,17,17,0,0,0,1,1,0,2,2,0,959,466,493
STARR COUNTY,427,11 Years,966,480,486,40,21,19,0,0,0,2,0,2,1,1,0,923,458,465
STARR COUNTY,427,12 Years,1018,518,500,43,23,20,0,0,0,1,0,1,2,1,1,972,494,478
STARR COUNTY,427,13 Years,1043,511,532,40,19,21,0,0,0,3,0,3,0,0,0,1000,492,508
STARR COUNTY,427,14 Years,1032,504,528,41,22,19,0,0,0,4,1,3,1,1,0,986,480,506
STARR COUNTY,427,15 Years,1006,478,528,31,16,15,0,0,0,4,2,2,0,0,0,971,460,511
STARR COUNTY,427,16 Years,1014,502,512,39,21,18,0,0,0,2,1,1,0,0,0,973,480,493
STARR COUNTY,427,17 Years,1041,512,529,45,25,20,0,0,0,2,2,0,0,0,0,994,485,509
STARR COUNTY,427,18 Years,1024,509,515,42,22,20,0,0,0,1,1,0,1,0,1,980,486,494
STARR COUNTY,427,19 Years,994,524,470,40,22,18,0,0,0,2,1,1,1,1,0,951,500,451
STARR COUNTY,427,20 Years,939,484,455,39,22,17,0,0,0,0,0,0,1,1,0,899,461,438
STARR COUNTY,427,21 Years,950,491,459,41,24,17,1,1,0,1,1,0,2,0,2,905,465,440
STARR COUNTY,427,22 Years,941,505,436,31,14,17,1,1,0,2,2,0,0,0,0,907,488,419
STARR COUNTY,427,23 Years,1013,521,492,37,19,18,0,0,0,2,1,1,0,0,0,974,501,473
STARR COUNTY,427,24 Years,971,503,468,30,17,13,2,2,0,1,0,1,2,1,1,936,483,453
STARR COUNTY,427,25 Years,981,512,469,33,17,16,1,1,0,1,1,0,1,1,0,945,492,453
STARR COUNTY,427,26 Years,1004,529,475,39,22,17,0,0,0,1,0,1,2,2,0,962,505,457
STARR COUNTY,427,27 Years,1000,515,485,38,19,19,0,0,0,2,1,1,2,2,0,958,493,465
STARR COUNTY,427,28 Years,979,516,463,47,25,22,1,1,0,0,0,0,1,1,0,930,489,441
STARR COUNTY,427,29 Years,953,506,447,43,24,19,1,1,0,0,0,0,0,0,0,909,481,428
STARR COUNTY,427,30 Years,852,446,406,41,26,15,0,0,0,0,0,0,0,0,0,811,420,391
STARR COUNTY,427,31 Years,826,427,399,37,20,17,0,0,0,0,0,0,2,1,1,787,406,381
STARR COUNTY,427,32 Years,780,396,384,37,18,19,0,0,0,1,1,0,0,0,0,742,377,365
STARR COUNTY,427,33 Years,796,390,406,28,16,12,1,1,0,0,0,0,0,0,0,767,373,394
STARR COUNTY,427,34 Years,811,398,413,31,15,16,0,0,0,1,1,0,2,1,1,777,381,396
STARR COUNTY,427,35 Years,757,397,360,31,18,13,0,0,0,1,1,0,2,2,0,723,376,347
STARR COUNTY,427,36 Years,744,383,361,36,19,17,0,0,0,3,2,1,0,0,0,705,362,343
STARR COUNTY,427,37 Years,777,393,384,31,15,16,1,1,0,1,0,1,2,0,2,742,377,365
STARR COUNTY,427,38 Years,773,382,391,36,17,19,0,0,0,1,0,1,1,0,1,735,365,370
STARR COUNTY,427,39 Years,786,393,393,28,12,16,0,0,0,1,1,0,0,0,0,757,380,377
STARR COUNTY,427,40 Years,710,350,360,18,6,12,1,1,0,0,0,0,0,0,0,691,343,348
STARR COUNTY,427,41 Years,702,321,381,25,9,16,0,0,0,3,3,0,0,0,0,674,309,365
STARR COUNTY,427,42 Years,681,327,354,26,9,17,0,0,0,3,1,2,1,0,1,651,317,334
STARR COUNTY,427,43 Years,730,342,388,26,10,16,1,1,0,2,1,1,0,0,0,701,330,371
STARR COUNTY,427,44 Years,771,375,396,23,12,11,1,1,0,5,1,4,0,0,0,742,361,381
STARR COUNTY,427,45 Years,724,345,379,18,11,7,1,1,0,3,1,2,1,0,1,701,332,369
STARR COUNTY,427,46 Years,709,345,364,20,8,12,0,0,0,4,1,3,0,0,0,685,336,349
STARR COUNTY,427,47 Years,757,352,405,26,13,13,0,0,0,1,0,1,0,0,0,730,339,391
STARR COUNTY,427,48 Years,740,356,384,33,16,17,0,0,0,2,1,1,1,0,1,704,339,365
STARR COUNTY,427,49 Years,742,361,381,28,14,14,0,0,0,2,1,1,0,0,0,712,346,366
STARR COUNTY,427,50 Years,736,350,386,30,16,14,0,0,0,3,1,2,0,0,0,703,333,370
STARR COUNTY,427,51 Years,706,324,382,30,15,15,0,0,0,2,1,1,1,1,0,673,307,366
STARR COUNTY,427,52 Years,689,295,394,31,14,17,1,1,0,2,1,1,0,0,0,655,279,376
STARR COUNTY,427,53 Years,651,293,358,24,10,14,1,1,0,3,2,1,0,0,0,623,280,343
STARR COUNTY,427,54 Years,613,292,321,28,12,16,0,0,0,5,2,3,0,0,0,580,278,302
STARR COUNTY,427,55 Years,615,293,322,31,15,16,0,0,0,3,2,1,0,0,0,581,276,305
STARR COUNTY,427,56 Years,603,290,313,19,10,9,0,0,0,2,1,1,1,0,1,581,279,302
STARR COUNTY,427,57 Years,575,268,307,23,8,15,0,0,0,1,0,1,0,0,0,551,260,291
STARR COUNTY,427,58 Years,603,286,317,25,8,17,0,0,0,1,0,1,0,0,0,577,278,299
STARR COUNTY,427,59 Years,637,290,347,24,13,11,0,0,0,0,0,0,2,1,1,611,276,335
STARR COUNTY,427,60 Years,571,253,318,21,12,9,0,0,0,2,1,1,0,0,0,548,240,308
STARR COUNTY,427,61 Years,547,250,297,26,14,12,0,0,0,3,2,1,0,0,0,518,234,284
STARR COUNTY,427,62 Years,532,256,276,19,9,10,0,0,0,2,0,2,2,1,1,509,246,263
STARR COUNTY,427,63 Years,523,248,275,21,10,11,0,0,0,2,1,1,1,1,0,499,236,263
STARR COUNTY,427,64 Years,496,230,266,19,10,9,0,0,0,1,0,1,0,0,0,476,220,256
STARR COUNTY,427,65 Years,493,226,267,19,12,7,0,0,0,1,0,1,2,1,1,471,213,258
STARR COUNTY,427,66 Years,469,211,258,25,13,12,0,0,0,1,1,0,2,1,1,441,196,245
STARR COUNTY,427,67 Years,451,197,254,18,6,12,0,0,0,0,0,0,1,0,1,432,191,241
STARR COUNTY,427,68 Years,464,210,254,21,10,11,0,0,0,0,0,0,0,0,0,443,200,243
STARR COUNTY,427,69 Years,493,232,261,16,8,8,0,0,0,1,0,1,0,0,0,476,224,252
STARR COUNTY,427,70 Years,473,206,267,11,6,5,0,0,0,3,1,2,1,1,0,458,198,260
STARR COUNTY,427,71 Years,451,191,260,15,7,8,0,0,0,1,1,0,1,1,0,434,182,252
STARR COUNTY,427,72 Years,432,192,240,18,7,11,0,0,0,1,1,0,1,0,1,412,184,228
STARR COUNTY,427,73 Years,392,175,217,15,3,12,0,0,0,1,0,1,1,0,1,375,172,203
STARR COUNTY,427,74 Years,379,174,205,18,7,11,0,0,0,0,0,0,0,0,0,361,167,194
STARR COUNTY,427,75 Years,334,154,180,17,7,10,0,0,0,0,0,0,0,0,0,317,147,170
STARR COUNTY,427,76 Years,325,157,168,17,7,10,0,0,0,0,0,0,0,0,0,308,150,158
STARR COUNTY,427,77 Years,273,135,138,14,7,7,0,0,0,1,0,1,0,0,0,258,128,130
STARR COUNTY,427,78 Years,295,136,159,15,7,8,0,0,0,0,0,0,0,0,0,280,129,151
STARR COUNTY,427,79 Years,283,134,149,15,7,8,0,0,0,0,0,0,0,0,0,268,127,141
STARR COUNTY,427,80 Years,260,119,141,14,7,7,0,0,0,0,0,0,0,0,0,246,112,134
STARR COUNTY,427,81 Years,231,106,125,13,6,7,0,0,0,1,1,0,0,0,0,217,99,118
STARR COUNTY,427,82 Years,204,88,116,11,5,6,0,0,0,0,0,0,0,0,0,193,83,110
STARR COUNTY,427,83 Years,202,89,113,10,4,6,0,0,0,0,0,0,0,0,0,192,85,107
STARR COUNTY,427,84 Years,179,81,98,9,4,5,0,0,0,0,0,0,0,0,0,170,77,93
STARR COUNTY,427,85 Years,133,61,72,9,4,5,0,0,0,0,0,0,0,0,0,124,57,67
STARR COUNTY,427,86 Years,107,45,62,8,4,4,0,0,0,0,0,0,0,0,0,99,41,58
STARR COUNTY,427,87 Years,109,52,57,7,3,4,0,0,0,1,1,0,0,0,0,101,48,53
STARR COUNTY,427,88 Years,98,40,58,6,3,3,0,0,0,0,0,0,0,0,0,92,37,55
STARR COUNTY,427,89 Years,94,34,60,6,3,3,0,0,0,1,0,1,0,0,0,87,31,56
STARR COUNTY,427,90 Years,69,28,41,5,3,2,0,0,0,0,0,0,0,0,0,64,25,39
STARR COUNTY,427,91 Years,60,18,42,5,2,3,0,0,0,0,0,0,0,0,0,55,16,39
STARR COUNTY,427,92 Years,56,18,38,4,2,2,0,0,0,0,0,0,0,0,0,52,16,36
STARR COUNTY,427,93 Years,43,16,27,4,2,2,0,0,0,0,0,0,0,0,0,39,14,25
STARR COUNTY,427,94 Years,32,11,21,4,1,3,0,0,0,0,0,0,0,0,0,28,10,18
STARR COUNTY,427,95 Years +,89,26,63,9,2,7,0,0,0,0,0,0,0,0,0,80,24,56
STEPHENS COUNTY,429,All Ages,9556,5040,4516,6685,3473,3212,199,134,65,46,26,20,159,84,75,2467,1323,1144
STEPHENS COUNTY,429,< 1 Year,124,64,60,63,34,29,2,1,1,0,0,0,5,1,4,54,28,26
STEPHENS COUNTY,429,1 Years,121,60,61,65,34,31,2,0,2,0,0,0,2,1,1,52,25,27
STEPHENS COUNTY,429,2 Years,118,56,62,64,33,31,1,0,1,0,0,0,6,2,4,47,21,26
STEPHENS COUNTY,429,3 Years,121,62,59,65,36,29,0,0,0,2,1,1,8,4,4,46,21,25
STEPHENS COUNTY,429,4 Years,118,61,57,60,33,27,0,0,0,2,1,1,9,5,4,47,22,25
STEPHENS COUNTY,429,5 Years,132,72,60,68,39,29,0,0,0,2,1,1,9,5,4,53,27,26
STEPHENS COUNTY,429,6 Years,124,67,57,64,37,27,1,0,1,4,3,1,8,4,4,47,23,24
STEPHENS COUNTY,429,7 Years,120,60,60,62,35,27,2,0,2,2,1,1,7,3,4,47,21,26
STEPHENS COUNTY,429,8 Years,119,62,57,66,38,28,1,0,1,1,1,0,4,1,3,47,22,25
STEPHENS COUNTY,429,9 Years,133,78,55,73,43,30,1,0,1,0,0,0,3,2,1,56,33,23
STEPHENS COUNTY,429,10 Years,108,60,48,58,33,25,2,2,0,0,0,0,4,2,2,44,23,21
STEPHENS COUNTY,429,11 Years,107,59,48,63,37,26,1,1,0,1,0,1,2,2,0,40,19,21
STEPHENS COUNTY,429,12 Years,129,68,61,78,39,39,2,1,1,1,0,1,2,1,1,46,27,19
STEPHENS COUNTY,429,13 Years,122,57,65,73,34,39,1,0,1,1,0,1,0,0,0,47,23,24
STEPHENS COUNTY,429,14 Years,111,56,55,65,33,32,2,1,1,0,0,0,2,1,1,42,21,21
STEPHENS COUNTY,429,15 Years,135,66,69,75,34,41,3,0,3,1,1,0,4,4,0,52,27,25
STEPHENS COUNTY,429,16 Years,112,51,61,64,29,35,2,0,2,1,1,0,1,1,0,44,20,24
STEPHENS COUNTY,429,17 Years,109,62,47,61,37,24,3,2,1,0,0,0,5,4,1,40,19,21
STEPHENS COUNTY,429,18 Years,121,69,52,65,40,25,5,4,1,0,0,0,3,2,1,48,23,25
STEPHENS COUNTY,429,19 Years,108,63,45,52,29,23,4,3,1,1,1,0,2,2,0,49,28,21
STEPHENS COUNTY,429,20 Years,125,81,44,72,45,27,4,3,1,0,0,0,4,4,0,45,29,16
STEPHENS COUNTY,429,21 Years,122,81,41,68,45,23,4,4,0,0,0,0,3,2,1,47,30,17
STEPHENS COUNTY,429,22 Years,124,79,45,73,43,30,5,3,2,0,0,0,3,2,1,43,31,12
STEPHENS COUNTY,429,23 Years,116,70,46,67,40,27,3,2,1,1,1,0,3,3,0,42,24,18
STEPHENS COUNTY,429,24 Years,146,80,66,90,50,40,1,1,0,1,1,0,3,2,1,51,26,25
STEPHENS COUNTY,429,25 Years,128,71,57,79,43,36,1,1,0,0,0,0,2,0,2,46,27,19
STEPHENS COUNTY,429,26 Years,140,83,57,91,51,40,2,2,0,0,0,0,2,1,1,45,29,16
STEPHENS COUNTY,429,27 Years,130,82,48,84,49,35,2,2,0,0,0,0,2,2,0,42,29,13
STEPHENS COUNTY,429,28 Years,138,80,58,88,49,39,3,3,0,1,1,0,0,0,0,46,27,19
STEPHENS COUNTY,429,29 Years,129,80,49,88,55,33,4,3,1,1,1,0,0,0,0,36,21,15
STEPHENS COUNTY,429,30 Years,127,80,47,83,54,29,5,5,0,0,0,0,3,2,1,36,19,17
STEPHENS COUNTY,429,31 Years,131,82,49,81,52,29,4,4,0,0,0,0,2,1,1,44,25,19
STEPHENS COUNTY,429,32 Years,119,65,54,80,44,36,5,5,0,0,0,0,0,0,0,34,16,18
STEPHENS COUNTY,429,33 Years,118,68,50,83,47,36,4,4,0,0,0,0,0,0,0,31,17,14
STEPHENS COUNTY,429,34 Years,120,74,46,80,47,33,3,3,0,0,0,0,3,2,1,34,22,12
STEPHENS COUNTY,429,35 Years,113,57,56,73,35,38,5,4,1,0,0,0,0,0,0,35,18,17
STEPHENS COUNTY,429,36 Years,120,66,54,81,45,36,4,3,1,0,0,0,1,1,0,34,17,17
STEPHENS COUNTY,429,37 Years,123,70,53,88,50,38,4,3,1,0,0,0,0,0,0,31,17,14
STEPHENS COUNTY,429,38 Years,109,61,48,71,43,28,5,4,1,1,0,1,2,0,2,30,14,16
STEPHENS COUNTY,429,39 Years,110,64,46,71,40,31,4,4,0,2,1,1,1,1,0,32,18,14
STEPHENS COUNTY,429,40 Years,98,58,40,62,34,28,3,3,0,1,0,1,0,0,0,32,21,11
STEPHENS COUNTY,429,41 Years,92,52,40,66,37,29,2,2,0,1,0,1,1,0,1,22,13,9
STEPHENS COUNTY,429,42 Years,108,48,60,76,34,42,4,2,2,2,1,1,2,1,1,24,10,14
STEPHENS COUNTY,429,43 Years,93,53,40,62,36,26,2,1,1,0,0,0,1,0,1,28,16,12
STEPHENS COUNTY,429,44 Years,87,52,35,61,37,24,4,2,2,0,0,0,0,0,0,22,13,9
STEPHENS COUNTY,429,45 Years,90,53,37,64,35,29,4,3,1,0,0,0,0,0,0,22,15,7
STEPHENS COUNTY,429,46 Years,98,47,51,68,33,35,2,2,0,0,0,0,0,0,0,28,12,16
STEPHENS COUNTY,429,47 Years,96,51,45,66,35,31,5,5,0,0,0,0,2,0,2,23,11,12
STEPHENS COUNTY,429,48 Years,107,52,55,75,35,40,4,3,1,1,1,0,1,0,1,26,13,13
STEPHENS COUNTY,429,49 Years,106,53,53,77,34,43,2,2,0,0,0,0,3,2,1,24,15,9
STEPHENS COUNTY,429,50 Years,97,51,46,72,38,34,1,1,0,0,0,0,0,0,0,24,12,12
STEPHENS COUNTY,429,51 Years,107,58,49,77,41,36,1,1,0,0,0,0,0,0,0,29,16,13
STEPHENS COUNTY,429,52 Years,99,54,45,72,38,34,1,1,0,0,0,0,1,1,0,25,14,11
STEPHENS COUNTY,429,53 Years,93,55,38,69,39,30,1,1,0,0,0,0,1,0,1,22,15,7
STEPHENS COUNTY,429,54 Years,100,54,46,75,39,36,1,0,1,0,0,0,0,0,0,24,15,9
STEPHENS COUNTY,429,55 Years,107,48,59,85,37,48,1,0,1,0,0,0,0,0,0,21,11,10
STEPHENS COUNTY,429,56 Years,111,55,56,84,43,41,1,0,1,0,0,0,2,1,1,24,11,13
STEPHENS COUNTY,429,57 Years,140,66,74,113,53,60,1,1,0,0,0,0,1,0,1,25,12,13
STEPHENS COUNTY,429,58 Years,146,80,66,112,60,52,1,1,0,0,0,0,0,0,0,33,19,14
STEPHENS COUNTY,429,59 Years,141,61,80,108,45,63,3,1,2,0,0,0,2,1,1,28,14,14
STEPHENS COUNTY,429,60 Years,114,56,58,92,45,47,4,2,2,1,0,1,0,0,0,17,9,8
STEPHENS COUNTY,429,61 Years,101,50,51,82,41,41,3,2,1,0,0,0,2,2,0,14,5,9
STEPHENS COUNTY,429,62 Years,112,51,61,91,40,51,2,2,0,0,0,0,3,2,1,16,7,9
STEPHENS COUNTY,429,63 Years,120,53,67,100,42,58,2,1,1,1,0,1,2,1,1,15,9,6
STEPHENS COUNTY,429,64 Years,124,61,63,101,49,52,4,1,3,1,0,1,1,1,0,17,10,7
STEPHENS COUNTY,429,65 Years,115,59,56,101,49,52,2,2,0,0,0,0,1,1,0,11,7,4
STEPHENS COUNTY,429,66 Years,133,69,64,121,63,58,2,1,1,0,0,0,2,0,2,8,5,3
STEPHENS COUNTY,429,67 Years,135,64,71,121,59,62,2,1,1,0,0,0,2,0,2,10,4,6
STEPHENS COUNTY,429,68 Years,115,51,64,103,48,55,3,1,2,0,0,0,2,0,2,7,2,5
STEPHENS COUNTY,429,69 Years,118,58,60,109,54,55,2,1,1,0,0,0,0,0,0,7,3,4
STEPHENS COUNTY,429,70 Years,114,59,55,99,52,47,2,2,0,0,0,0,1,0,1,12,5,7
STEPHENS COUNTY,429,71 Years,103,53,50,94,48,46,0,0,0,0,0,0,2,1,1,7,4,3
STEPHENS COUNTY,429,72 Years,103,42,61,97,41,56,1,0,1,1,0,1,1,0,1,3,1,2
STEPHENS COUNTY,429,73 Years,87,44,43,77,37,40,2,1,1,1,1,0,0,0,0,7,5,2
STEPHENS COUNTY,429,74 Years,83,41,42,73,35,38,1,0,1,1,1,0,0,0,0,8,5,3
STEPHENS COUNTY,429,75 Years,91,44,47,84,39,45,0,0,0,0,0,0,0,0,0,7,5,2
STEPHENS COUNTY,429,76 Years,76,36,40,66,31,35,1,1,0,4,2,2,0,0,0,5,2,3
STEPHENS COUNTY,429,77 Years,66,32,34,59,28,31,1,1,0,2,1,1,0,0,0,4,2,2
STEPHENS COUNTY,429,78 Years,69,36,33,64,33,31,1,0,1,1,1,0,0,0,0,3,2,1
STEPHENS COUNTY,429,79 Years,69,36,33,62,32,30,0,0,0,0,0,0,0,0,0,7,4,3
STEPHENS COUNTY,429,80 Years,59,28,31,52,24,28,3,2,1,0,0,0,0,0,0,4,2,2
STEPHENS COUNTY,429,81 Years,55,24,31,47,21,26,1,0,1,0,0,0,1,0,1,6,3,3
STEPHENS COUNTY,429,82 Years,51,22,29,46,20,26,1,0,1,1,1,0,0,0,0,3,1,2
STEPHENS COUNTY,429,83 Years,40,15,25,37,14,23,0,0,0,1,1,0,0,0,0,2,0,2
STEPHENS COUNTY,429,84 Years,45,21,24,40,18,22,1,0,1,0,0,0,0,0,0,4,3,1
STEPHENS COUNTY,429,85 Years,39,17,22,35,14,21,1,1,0,0,0,0,0,0,0,3,2,1
STEPHENS COUNTY,429,86 Years,37,13,24,29,11,18,2,0,2,0,0,0,0,0,0,6,2,4
STEPHENS COUNTY,429,87 Years,29,13,16,26,12,14,0,0,0,0,0,0,0,0,0,3,1,2
STEPHENS COUNTY,429,88 Years,29,13,16,27,11,16,0,0,0,0,0,0,0,0,0,2,2,0
STEPHENS COUNTY,429,89 Years,22,10,12,22,10,12,0,0,0,0,0,0,0,0,0,0,0,0
STEPHENS COUNTY,429,90 Years,25,13,12,22,11,11,0,0,0,0,0,0,0,0,0,3,2,1
STEPHENS COUNTY,429,91 Years,15,5,10,13,4,9,0,0,0,0,0,0,0,0,0,2,1,1
STEPHENS COUNTY,429,92 Years,12,5,7,11,4,7,0,0,0,0,0,0,0,0,0,1,1,0
STEPHENS COUNTY,429,93 Years,13,5,8,10,4,6,1,1,0,0,0,0,0,0,0,2,0,2
STEPHENS COUNTY,429,94 Years,13,4,9,11,4,7,1,0,1,0,0,0,0,0,0,1,0,1
STEPHENS COUNTY,429,95 Years +,28,9,19,22,8,14,2,1,1,0,0,0,2,0,2,2,0,2
STERLING COUNTY,431,All Ages,1254,626,628,797,389,408,10,9,1,0,0,0,32,16,16,415,212,203
STERLING COUNTY,431,< 1 Year,13,8,5,8,4,4,0,0,0,0,0,0,0,0,0,5,4,1
STERLING COUNTY,431,1 Years,14,9,5,9,5,4,0,0,0,0,0,0,0,0,0,5,4,1
STERLING COUNTY,431,2 Years,14,7,7,10,5,5,0,0,0,0,0,0,0,0,0,4,2,2
STERLING COUNTY,431,3 Years,14,6,8,9,4,5,0,0,0,0,0,0,0,0,0,5,2,3
STERLING COUNTY,431,4 Years,15,7,8,9,4,5,0,0,0,0,0,0,0,0,0,6,3,3
STERLING COUNTY,431,5 Years,16,7,9,9,4,5,0,0,0,0,0,0,0,0,0,7,3,4
STERLING COUNTY,431,6 Years,13,7,6,7,4,3,0,0,0,0,0,0,0,0,0,6,3,3
STERLING COUNTY,431,7 Years,10,5,5,5,3,2,0,0,0,0,0,0,0,0,0,5,2,3
STERLING COUNTY,431,8 Years,9,4,5,6,2,4,0,0,0,0,0,0,0,0,0,3,2,1
STERLING COUNTY,431,9 Years,12,6,6,7,3,4,1,1,0,0,0,0,1,1,0,3,1,2
STERLING COUNTY,431,10 Years,17,10,7,11,7,4,1,1,0,0,0,0,1,1,0,4,1,3
STERLING COUNTY,431,11 Years,21,12,9,15,9,6,1,1,0,0,0,0,0,0,0,5,2,3
STERLING COUNTY,431,12 Years,20,7,13,12,5,7,0,0,0,0,0,0,1,0,1,7,2,5
STERLING COUNTY,431,13 Years,17,8,9,11,4,7,0,0,0,0,0,0,1,1,0,5,3,2
STERLING COUNTY,431,14 Years,13,8,5,5,3,2,1,1,0,0,0,0,1,0,1,6,4,2
STERLING COUNTY,431,15 Years,17,11,6,8,5,3,0,0,0,0,0,0,2,1,1,7,5,2
STERLING COUNTY,431,16 Years,14,6,8,10,5,5,0,0,0,0,0,0,0,0,0,4,1,3
STERLING COUNTY,431,17 Years,17,8,9,10,6,4,0,0,0,0,0,0,1,0,1,6,2,4
STERLING COUNTY,431,18 Years,16,9,7,8,5,3,0,0,0,0,0,0,1,0,1,7,4,3
STERLING COUNTY,431,19 Years,14,7,7,7,4,3,0,0,0,0,0,0,1,1,0,6,2,4
STERLING COUNTY,431,20 Years,13,9,4,7,5,2,0,0,0,0,0,0,1,1,0,5,3,2
STERLING COUNTY,431,21 Years,13,8,5,8,5,3,0,0,0,0,0,0,0,0,0,5,3,2
STERLING COUNTY,431,22 Years,17,10,7,8,5,3,0,0,0,0,0,0,1,1,0,8,4,4
STERLING COUNTY,431,23 Years,11,4,7,6,2,4,0,0,0,0,0,0,0,0,0,5,2,3
STERLING COUNTY,431,24 Years,14,10,4,8,5,3,0,0,0,0,0,0,1,1,0,5,4,1
STERLING COUNTY,431,25 Years,12,8,4,4,2,2,0,0,0,0,0,0,1,0,1,7,6,1
STERLING COUNTY,431,26 Years,17,12,5,7,5,2,0,0,0,0,0,0,0,0,0,10,7,3
STERLING COUNTY,431,27 Years,16,8,8,6,2,4,0,0,0,0,0,0,0,0,0,10,6,4
STERLING COUNTY,431,28 Years,11,4,7,6,1,5,0,0,0,0,0,0,0,0,0,5,3,2
STERLING COUNTY,431,29 Years,12,6,6,9,4,5,0,0,0,0,0,0,0,0,0,3,2,1
STERLING COUNTY,431,30 Years,13,7,6,5,3,2,0,0,0,0,0,0,0,0,0,8,4,4
STERLING COUNTY,431,31 Years,11,6,5,5,3,2,0,0,0,0,0,0,0,0,0,6,3,3
STERLING COUNTY,431,32 Years,11,8,3,6,5,1,0,0,0,0,0,0,0,0,0,5,3,2
STERLING COUNTY,431,33 Years,16,9,7,10,6,4,0,0,0,0,0,0,1,0,1,5,3,2
STERLING COUNTY,431,34 Years,13,5,8,6,2,4,0,0,0,0,0,0,1,0,1,6,3,3
STERLING COUNTY,431,35 Years,10,7,3,7,5,2,0,0,0,0,0,0,0,0,0,3,2,1
STERLING COUNTY,431,36 Years,14,8,6,8,5,3,1,1,0,0,0,0,0,0,0,5,2,3
STERLING COUNTY,431,37 Years,19,7,12,13,4,9,0,0,0,0,0,0,1,0,1,5,3,2
STERLING COUNTY,431,38 Years,14,6,8,10,5,5,0,0,0,0,0,0,0,0,0,4,1,3
STERLING COUNTY,431,39 Years,15,8,7,11,5,6,0,0,0,0,0,0,0,0,0,4,3,1
STERLING COUNTY,431,40 Years,17,6,11,12,4,8,0,0,0,0,0,0,0,0,0,5,2,3
STERLING COUNTY,431,41 Years,14,4,10,9,2,7,0,0,0,0,0,0,1,1,0,4,1,3
STERLING COUNTY,431,42 Years,14,7,7,8,3,5,0,0,0,0,0,0,0,0,0,6,4,2
STERLING COUNTY,431,43 Years,13,8,5,7,4,3,0,0,0,0,0,0,0,0,0,6,4,2
STERLING COUNTY,431,44 Years,8,4,4,6,3,3,0,0,0,0,0,0,0,0,0,2,1,1
STERLING COUNTY,431,45 Years,6,4,2,5,3,2,0,0,0,0,0,0,0,0,0,1,1,0
STERLING COUNTY,431,46 Years,11,4,7,7,4,3,0,0,0,0,0,0,0,0,0,4,0,4
STERLING COUNTY,431,47 Years,9,3,6,6,2,4,0,0,0,0,0,0,0,0,0,3,1,2
STERLING COUNTY,431,48 Years,8,1,7,4,1,3,0,0,0,0,0,0,0,0,0,4,0,4
STERLING COUNTY,431,49 Years,13,7,6,9,5,4,0,0,0,0,0,0,0,0,0,4,2,2
STERLING COUNTY,431,50 Years,14,6,8,10,4,6,0,0,0,0,0,0,0,0,0,4,2,2
STERLING COUNTY,431,51 Years,15,6,9,8,3,5,1,1,0,0,0,0,0,0,0,6,2,4
STERLING COUNTY,431,52 Years,18,10,8,9,5,4,0,0,0,0,0,0,0,0,0,9,5,4
STERLING COUNTY,431,53 Years,15,5,10,10,3,7,0,0,0,0,0,0,0,0,0,5,2,3
STERLING COUNTY,431,54 Years,15,6,9,10,4,6,0,0,0,0,0,0,1,0,1,4,2,2
STERLING COUNTY,431,55 Years,20,9,11,13,5,8,0,0,0,0,0,0,0,0,0,7,4,3
STERLING COUNTY,431,56 Years,19,9,10,12,6,6,0,0,0,0,0,0,0,0,0,7,3,4
STERLING COUNTY,431,57 Years,16,9,7,10,6,4,0,0,0,0,0,0,1,1,0,5,2,3
STERLING COUNTY,431,58 Years,17,10,7,10,5,5,0,0,0,0,0,0,1,1,0,6,4,2
STERLING COUNTY,431,59 Years,19,12,7,11,8,3,1,1,0,0,0,0,0,0,0,7,3,4
STERLING COUNTY,431,60 Years,20,10,10,14,8,6,0,0,0,0,0,0,0,0,0,6,2,4
STERLING COUNTY,431,61 Years,22,13,9,17,10,7,0,0,0,0,0,0,0,0,0,5,3,2
STERLING COUNTY,431,62 Years,21,9,12,14,5,9,0,0,0,0,0,0,2,0,2,5,4,1
STERLING COUNTY,431,63 Years,17,7,10,13,6,7,0,0,0,0,0,0,2,0,2,2,1,1
STERLING COUNTY,431,64 Years,19,9,10,12,4,8,0,0,0,0,0,0,1,1,0,6,4,2
STERLING COUNTY,431,65 Years,18,7,11,11,4,7,0,0,0,0,0,0,0,0,0,7,3,4
STERLING COUNTY,431,66 Years,10,3,7,8,3,5,0,0,0,0,0,0,0,0,0,2,0,2
STERLING COUNTY,431,67 Years,13,7,6,9,4,5,0,0,0,0,0,0,1,1,0,3,2,1
STERLING COUNTY,431,68 Years,12,4,8,10,3,7,0,0,0,0,0,0,0,0,0,2,1,1
STERLING COUNTY,431,69 Years,15,10,5,12,8,4,0,0,0,0,0,0,0,0,0,3,2,1
STERLING COUNTY,431,70 Years,18,7,11,16,6,10,0,0,0,0,0,0,1,1,0,1,0,1
STERLING COUNTY,431,71 Years,17,11,6,13,8,5,0,0,0,0,0,0,0,0,0,4,3,1
STERLING COUNTY,431,72 Years,19,12,7,13,10,3,0,0,0,0,0,0,1,0,1,5,2,3
STERLING COUNTY,431,73 Years,11,7,4,6,4,2,0,0,0,0,0,0,0,0,0,5,3,2
STERLING COUNTY,431,74 Years,8,5,3,6,4,2,0,0,0,0,0,0,0,0,0,2,1,1
STERLING COUNTY,431,75 Years,12,8,4,9,5,4,0,0,0,0,0,0,1,1,0,2,2,0
STERLING COUNTY,431,76 Years,11,5,6,7,3,4,0,0,0,0,0,0,1,1,0,3,1,2
STERLING COUNTY,431,77 Years,8,4,4,6,3,3,0,0,0,0,0,0,0,0,0,2,1,1
STERLING COUNTY,431,78 Years,11,3,8,8,2,6,1,1,0,0,0,0,0,0,0,2,0,2
STERLING COUNTY,431,79 Years,8,4,4,6,3,3,0,0,0,0,0,0,0,0,0,2,1,1
STERLING COUNTY,431,80 Years,6,2,4,4,1,3,0,0,0,0,0,0,0,0,0,2,1,1
STERLING COUNTY,431,81 Years,5,1,4,3,1,2,0,0,0,0,0,0,0,0,0,2,0,2
STERLING COUNTY,431,82 Years,11,5,6,9,5,4,0,0,0,0,0,0,0,0,0,2,0,2
STERLING COUNTY,431,83 Years,7,1,6,6,1,5,0,0,0,0,0,0,0,0,0,1,0,1
STERLING COUNTY,431,84 Years,12,6,6,10,4,6,0,0,0,0,0,0,0,0,0,2,2,0
STERLING COUNTY,431,85 Years,12,5,7,10,3,7,0,0,0,0,0,0,0,0,0,2,2,0
STERLING COUNTY,431,86 Years,7,4,3,6,3,3,0,0,0,0,0,0,0,0,0,1,1,0
STERLING COUNTY,431,87 Years,7,4,3,6,3,3,0,0,0,0,0,0,0,0,0,1,1,0
STERLING COUNTY,431,88 Years,7,4,3,6,3,3,0,0,0,0,0,0,0,0,0,1,1,0
STERLING COUNTY,431,89 Years,8,3,5,6,2,4,0,0,0,0,0,0,0,0,0,2,1,1
STERLING COUNTY,431,90 Years,5,4,1,3,2,1,0,0,0,0,0,0,0,0,0,2,2,0
STERLING COUNTY,431,91 Years,6,2,4,4,2,2,0,0,0,0,0,0,0,0,0,2,0,2
STERLING COUNTY,431,92 Years,6,2,4,5,2,3,0,0,0,0,0,0,0,0,0,1,0,1
STERLING COUNTY,431,93 Years,3,2,1,3,2,1,0,0,0,0,0,0,0,0,0,0,0,0
STERLING COUNTY,431,94 Years,5,1,4,2,1,1,1,0,1,0,0,0,1,0,1,1,0,1
STERLING COUNTY,431,95 Years +,8,3,5,2,1,1,1,1,0,0,0,0,0,0,0,5,1,4
STONEWALL COUNTY,433,All Ages,1382,668,714,1086,529,557,29,15,14,12,4,8,22,9,13,233,111,122
STONEWALL COUNTY,433,< 1 Year,13,7,6,12,7,5,0,0,0,0,0,0,0,0,0,1,0,1
STONEWALL COUNTY,433,1 Years,14,8,6,11,6,5,0,0,0,0,0,0,0,0,0,3,2,1
STONEWALL COUNTY,433,2 Years,16,11,5,11,8,3,0,0,0,0,0,0,0,0,0,5,3,2
STONEWALL COUNTY,433,3 Years,18,9,9,12,7,5,0,0,0,0,0,0,1,0,1,5,2,3
STONEWALL COUNTY,433,4 Years,18,9,9,13,8,5,0,0,0,0,0,0,1,0,1,4,1,3
STONEWALL COUNTY,433,5 Years,19,10,9,15,8,7,0,0,0,0,0,0,1,0,1,3,2,1
STONEWALL COUNTY,433,6 Years,15,7,8,10,5,5,0,0,0,0,0,0,0,0,0,5,2,3
STONEWALL COUNTY,433,7 Years,14,8,6,10,6,4,0,0,0,0,0,0,0,0,0,4,2,2
STONEWALL COUNTY,433,8 Years,11,6,5,8,5,3,0,0,0,0,0,0,0,0,0,3,1,2
STONEWALL COUNTY,433,9 Years,11,3,8,7,2,5,0,0,0,0,0,0,0,0,0,4,1,3
STONEWALL COUNTY,433,10 Years,19,7,12,10,4,6,1,0,1,1,0,1,1,1,0,6,2,4
STONEWALL COUNTY,433,11 Years,9,3,6,5,2,3,1,0,1,0,0,0,0,0,0,3,1,2
STONEWALL COUNTY,433,12 Years,15,6,9,12,4,8,0,0,0,0,0,0,0,0,0,3,2,1
STONEWALL COUNTY,433,13 Years,18,9,9,12,6,6,0,0,0,0,0,0,0,0,0,6,3,3
STONEWALL COUNTY,433,14 Years,17,10,7,13,7,6,0,0,0,0,0,0,0,0,0,4,3,1
STONEWALL COUNTY,433,15 Years,19,9,10,9,4,5,0,0,0,2,2,0,0,0,0,8,3,5
STONEWALL COUNTY,433,16 Years,20,11,9,12,6,6,0,0,0,3,1,2,1,1,0,4,3,1
STONEWALL COUNTY,433,17 Years,16,9,7,10,5,5,1,0,1,1,0,1,0,0,0,4,4,0
STONEWALL COUNTY,433,18 Years,14,6,8,10,4,6,0,0,0,0,0,0,1,0,1,3,2,1
STONEWALL COUNTY,433,19 Years,11,4,7,6,3,3,0,0,0,0,0,0,1,0,1,4,1,3
STONEWALL COUNTY,433,20 Years,14,5,9,7,3,4,1,1,0,0,0,0,1,0,1,5,1,4
STONEWALL COUNTY,433,21 Years,12,5,7,8,3,5,1,1,0,0,0,0,1,0,1,2,1,1
STONEWALL COUNTY,433,22 Years,10,3,7,8,2,6,1,1,0,0,0,0,0,0,0,1,0,1
STONEWALL COUNTY,433,23 Years,11,5,6,8,3,5,1,1,0,0,0,0,0,0,0,2,1,1
STONEWALL COUNTY,433,24 Years,14,4,10,10,3,7,1,0,1,0,0,0,0,0,0,3,1,2
STONEWALL COUNTY,433,25 Years,15,6,9,8,3,5,0,0,0,0,0,0,0,0,0,7,3,4
STONEWALL COUNTY,433,26 Years,15,8,7,10,5,5,0,0,0,0,0,0,0,0,0,5,3,2
STONEWALL COUNTY,433,27 Years,13,7,6,8,4,4,0,0,0,0,0,0,1,1,0,4,2,2
STONEWALL COUNTY,433,28 Years,8,6,2,5,4,1,1,1,0,0,0,0,0,0,0,2,1,1
STONEWALL COUNTY,433,29 Years,15,9,6,11,7,4,3,1,2,0,0,0,1,1,0,0,0,0
STONEWALL COUNTY,433,30 Years,10,5,5,8,5,3,1,0,1,0,0,0,0,0,0,1,0,1
STONEWALL COUNTY,433,31 Years,7,5,2,5,3,2,0,0,0,0,0,0,0,0,0,2,2,0
STONEWALL COUNTY,433,32 Years,7,5,2,4,4,0,0,0,0,0,0,0,0,0,0,3,1,2
STONEWALL COUNTY,433,33 Years,12,5,7,8,3,5,0,0,0,0,0,0,0,0,0,4,2,2
STONEWALL COUNTY,433,34 Years,10,4,6,8,4,4,0,0,0,0,0,0,0,0,0,2,0,2
STONEWALL COUNTY,433,35 Years,9,4,5,9,4,5,0,0,0,0,0,0,0,0,0,0,0,0
STONEWALL COUNTY,433,36 Years,16,10,6,10,6,4,0,0,0,2,0,2,0,0,0,4,4,0
STONEWALL COUNTY,433,37 Years,17,9,8,13,7,6,0,0,0,1,0,1,0,0,0,3,2,1
STONEWALL COUNTY,433,38 Years,17,7,10,13,6,7,0,0,0,1,1,0,0,0,0,3,0,3
STONEWALL COUNTY,433,39 Years,15,7,8,12,6,6,0,0,0,0,0,0,0,0,0,3,1,2
STONEWALL COUNTY,433,40 Years,14,5,9,11,4,7,1,0,1,0,0,0,0,0,0,2,1,1
STONEWALL COUNTY,433,41 Years,12,5,7,8,3,5,1,0,1,0,0,0,0,0,0,3,2,1
STONEWALL COUNTY,433,42 Years,12,5,7,10,5,5,0,0,0,0,0,0,1,0,1,1,0,1
STONEWALL COUNTY,433,43 Years,11,7,4,9,5,4,1,1,0,0,0,0,0,0,0,1,1,0
STONEWALL COUNTY,433,44 Years,14,5,9,12,5,7,0,0,0,1,0,1,0,0,0,1,0,1
STONEWALL COUNTY,433,45 Years,14,10,4,11,7,4,0,0,0,0,0,0,0,0,0,3,3,0
STONEWALL COUNTY,433,46 Years,12,7,5,10,5,5,0,0,0,0,0,0,0,0,0,2,2,0
STONEWALL COUNTY,433,47 Years,14,6,8,9,4,5,0,0,0,0,0,0,0,0,0,5,2,3
STONEWALL COUNTY,433,48 Years,17,8,9,13,7,6,0,0,0,0,0,0,0,0,0,4,1,3
STONEWALL COUNTY,433,49 Years,13,7,6,11,6,5,0,0,0,0,0,0,0,0,0,2,1,1
STONEWALL COUNTY,433,50 Years,13,9,4,8,6,2,1,1,0,0,0,0,1,1,0,3,1,2
STONEWALL COUNTY,433,51 Years,12,8,4,8,6,2,0,0,0,0,0,0,0,0,0,4,2,2
STONEWALL COUNTY,433,52 Years,13,7,6,11,6,5,0,0,0,0,0,0,0,0,0,2,1,1
STONEWALL COUNTY,433,53 Years,19,10,9,19,10,9,0,0,0,0,0,0,0,0,0,0,0,0
STONEWALL COUNTY,433,54 Years,17,10,7,14,8,6,2,2,0,0,0,0,0,0,0,1,0,1
STONEWALL COUNTY,433,55 Years,21,8,13,18,7,11,1,0,1,0,0,0,1,1,0,1,0,1
STONEWALL COUNTY,433,56 Years,19,10,9,16,9,7,0,0,0,0,0,0,0,0,0,3,1,2
STONEWALL COUNTY,433,57 Years,22,13,9,18,10,8,0,0,0,0,0,0,0,0,0,4,3,1
STONEWALL COUNTY,433,58 Years,18,10,8,15,8,7,0,0,0,0,0,0,0,0,0,3,2,1
STONEWALL COUNTY,433,59 Years,16,9,7,14,7,7,1,1,0,0,0,0,0,0,0,1,1,0
STONEWALL COUNTY,433,60 Years,17,8,9,16,7,9,0,0,0,0,0,0,0,0,0,1,1,0
STONEWALL COUNTY,433,61 Years,20,13,7,17,10,7,0,0,0,0,0,0,0,0,0,3,3,0
STONEWALL COUNTY,433,62 Years,22,11,11,16,8,8,0,0,0,0,0,0,0,0,0,6,3,3
STONEWALL COUNTY,433,63 Years,21,10,11,16,8,8,1,0,1,0,0,0,1,1,0,3,1,2
STONEWALL COUNTY,433,64 Years,20,6,14,19,6,13,0,0,0,0,0,0,0,0,0,1,0,1
STONEWALL COUNTY,433,65 Years,15,8,7,13,7,6,0,0,0,0,0,0,0,0,0,2,1,1
STONEWALL COUNTY,433,66 Years,16,7,9,13,6,7,0,0,0,0,0,0,1,1,0,2,0,2
STONEWALL COUNTY,433,67 Years,17,9,8,15,8,7,0,0,0,0,0,0,1,1,0,1,0,1
STONEWALL COUNTY,433,68 Years,17,9,8,16,8,8,0,0,0,0,0,0,0,0,0,1,1,0
STONEWALL COUNTY,433,69 Years,16,8,8,15,8,7,0,0,0,0,0,0,0,0,0,1,0,1
STONEWALL COUNTY,433,70 Years,22,9,13,19,8,11,0,0,0,0,0,0,1,0,1,2,1,1
STONEWALL COUNTY,433,71 Years,16,7,9,14,6,8,0,0,0,0,0,0,1,0,1,1,1,0
STONEWALL COUNTY,433,72 Years,18,8,10,15,7,8,0,0,0,0,0,0,0,0,0,3,1,2
STONEWALL COUNTY,433,73 Years,17,7,10,16,7,9,0,0,0,0,0,0,0,0,0,1,0,1
STONEWALL COUNTY,433,74 Years,18,8,10,17,8,9,0,0,0,0,0,0,0,0,0,1,0,1
STONEWALL COUNTY,433,75 Years,22,10,12,20,9,11,0,0,0,0,0,0,1,0,1,1,1,0
STONEWALL COUNTY,433,76 Years,12,6,6,10,5,5,1,0,1,0,0,0,0,0,0,1,1,0
STONEWALL COUNTY,433,77 Years,9,2,7,8,2,6,0,0,0,0,0,0,0,0,0,1,0,1
STONEWALL COUNTY,433,78 Years,11,5,6,10,4,6,0,0,0,0,0,0,0,0,0,1,1,0
STONEWALL COUNTY,433,79 Years,12,7,5,10,6,4,1,1,0,0,0,0,0,0,0,1,0,1
STONEWALL COUNTY,433,80 Years,21,7,14,19,6,13,1,1,0,0,0,0,0,0,0,1,0,1
STONEWALL COUNTY,433,81 Years,15,5,10,13,4,9,1,1,0,0,0,0,0,0,0,1,0,1
STONEWALL COUNTY,433,82 Years,12,6,6,11,5,6,1,1,0,0,0,0,0,0,0,0,0,0
STONEWALL COUNTY,433,83 Years,13,5,8,11,5,6,1,0,1,0,0,0,0,0,0,1,0,1
STONEWALL COUNTY,433,84 Years,9,2,7,8,2,6,1,0,1,0,0,0,0,0,0,0,0,0
STONEWALL COUNTY,433,85 Years,13,4,9,12,3,9,0,0,0,0,0,0,0,0,0,1,1,0
STONEWALL COUNTY,433,86 Years,14,5,9,14,5,9,0,0,0,0,0,0,0,0,0,0,0,0
STONEWALL COUNTY,433,87 Years,15,9,6,12,7,5,0,0,0,0,0,0,1,0,1,2,2,0
STONEWALL COUNTY,433,88 Years,13,7,6,11,6,5,0,0,0,0,0,0,0,0,0,2,1,1
STONEWALL COUNTY,433,89 Years,11,5,6,10,5,5,0,0,0,0,0,0,0,0,0,1,0,1
STONEWALL COUNTY,433,90 Years,10,5,5,9,5,4,0,0,0,0,0,0,0,0,0,1,0,1
STONEWALL COUNTY,433,91 Years,7,3,4,7,3,4,0,0,0,0,0,0,0,0,0,0,0,0
STONEWALL COUNTY,433,92 Years,6,3,3,6,3,3,0,0,0,0,0,0,0,0,0,0,0,0
STONEWALL COUNTY,433,93 Years,7,4,3,5,3,2,0,0,0,0,0,0,0,0,0,2,1,1
STONEWALL COUNTY,433,94 Years,7,4,3,5,3,2,0,0,0,0,0,0,0,0,0,2,1,1
STONEWALL COUNTY,433,95 Years +,14,6,8,12,6,6,0,0,0,0,0,0,1,0,1,1,0,1
SUTTON COUNTY,435,All Ages,3664,1861,1803,1325,689,636,2,2,0,8,4,4,20,12,8,2309,1154,1155
SUTTON COUNTY,435,< 1 Year,50,26,24,13,7,6,0,0,0,0,0,0,0,0,0,37,19,18
SUTTON COUNTY,435,1 Years,43,21,22,12,5,7,0,0,0,0,0,0,0,0,0,31,16,15
SUTTON COUNTY,435,2 Years,54,27,27,16,9,7,0,0,0,0,0,0,0,0,0,38,18,20
SUTTON COUNTY,435,3 Years,51,27,24,15,9,6,0,0,0,0,0,0,0,0,0,36,18,18
SUTTON COUNTY,435,4 Years,55,30,25,17,11,6,0,0,0,1,1,0,1,1,0,36,17,19
SUTTON COUNTY,435,5 Years,50,26,24,17,8,9,0,0,0,0,0,0,1,1,0,32,17,15
SUTTON COUNTY,435,6 Years,50,26,24,18,10,8,0,0,0,0,0,0,0,0,0,32,16,16
SUTTON COUNTY,435,7 Years,53,30,23,19,11,8,0,0,0,0,0,0,0,0,0,34,19,15
SUTTON COUNTY,435,8 Years,48,27,21,16,9,7,0,0,0,0,0,0,0,0,0,32,18,14
SUTTON COUNTY,435,9 Years,59,24,35,18,6,12,0,0,0,0,0,0,0,0,0,41,18,23
SUTTON COUNTY,435,10 Years,50,27,23,17,10,7,0,0,0,0,0,0,0,0,0,33,17,16
SUTTON COUNTY,435,11 Years,45,21,24,13,8,5,0,0,0,0,0,0,0,0,0,32,13,19
SUTTON COUNTY,435,12 Years,40,20,20,10,5,5,0,0,0,0,0,0,0,0,0,30,15,15
SUTTON COUNTY,435,13 Years,34,17,17,7,4,3,0,0,0,0,0,0,0,0,0,27,13,14
SUTTON COUNTY,435,14 Years,35,17,18,8,4,4,0,0,0,0,0,0,1,1,0,26,12,14
SUTTON COUNTY,435,15 Years,38,18,20,9,4,5,0,0,0,0,0,0,1,1,0,28,13,15
SUTTON COUNTY,435,16 Years,38,21,17,11,6,5,0,0,0,0,0,0,0,0,0,27,15,12
SUTTON COUNTY,435,17 Years,37,16,21,13,7,6,0,0,0,0,0,0,1,0,1,23,9,14
SUTTON COUNTY,435,18 Years,38,17,21,13,7,6,0,0,0,0,0,0,0,0,0,25,10,15
SUTTON COUNTY,435,19 Years,43,20,23,9,5,4,0,0,0,0,0,0,2,0,2,32,15,17
SUTTON COUNTY,435,20 Years,43,27,16,11,7,4,0,0,0,0,0,0,1,0,1,31,20,11
SUTTON COUNTY,435,21 Years,34,17,17,11,6,5,0,0,0,0,0,0,0,0,0,23,11,12
SUTTON COUNTY,435,22 Years,42,22,20,13,7,6,0,0,0,0,0,0,1,0,1,28,15,13
SUTTON COUNTY,435,23 Years,45,24,21,14,7,7,0,0,0,0,0,0,0,0,0,31,17,14
SUTTON COUNTY,435,24 Years,50,29,21,17,8,9,0,0,0,0,0,0,0,0,0,33,21,12
SUTTON COUNTY,435,25 Years,52,26,26,21,9,12,0,0,0,0,0,0,0,0,0,31,17,14
SUTTON COUNTY,435,26 Years,66,33,33,21,10,11,0,0,0,0,0,0,1,1,0,44,22,22
SUTTON COUNTY,435,27 Years,65,28,37,18,9,9,0,0,0,0,0,0,1,1,0,46,18,28
SUTTON COUNTY,435,28 Years,52,24,28,12,4,8,0,0,0,0,0,0,1,1,0,39,19,20
SUTTON COUNTY,435,29 Years,41,22,19,3,1,2,0,0,0,0,0,0,1,1,0,37,20,17
SUTTON COUNTY,435,30 Years,46,26,20,10,7,3,0,0,0,0,0,0,0,0,0,36,19,17
SUTTON COUNTY,435,31 Years,48,27,21,15,11,4,0,0,0,0,0,0,0,0,0,33,16,17
SUTTON COUNTY,435,32 Years,44,25,19,12,8,4,0,0,0,0,0,0,0,0,0,32,17,15
SUTTON COUNTY,435,33 Years,36,15,21,13,6,7,0,0,0,0,0,0,0,0,0,23,9,14
SUTTON COUNTY,435,34 Years,37,16,21,11,4,7,0,0,0,0,0,0,0,0,0,26,12,14
SUTTON COUNTY,435,35 Years,42,20,22,12,5,7,0,0,0,0,0,0,0,0,0,30,15,15
SUTTON COUNTY,435,36 Years,41,20,21,14,7,7,0,0,0,0,0,0,0,0,0,27,13,14
SUTTON COUNTY,435,37 Years,42,22,20,14,8,6,0,0,0,0,0,0,0,0,0,28,14,14
SUTTON COUNTY,435,38 Years,40,19,21,11,4,7,0,0,0,0,0,0,1,0,1,28,15,13
SUTTON COUNTY,435,39 Years,43,20,23,10,4,6,0,0,0,0,0,0,0,0,0,33,16,17
SUTTON COUNTY,435,40 Years,38,21,17,11,5,6,0,0,0,0,0,0,1,1,0,26,15,11
SUTTON COUNTY,435,41 Years,37,19,18,13,7,6,0,0,0,0,0,0,0,0,0,24,12,12
SUTTON COUNTY,435,42 Years,27,13,14,7,4,3,0,0,0,0,0,0,0,0,0,20,9,11
SUTTON COUNTY,435,43 Years,37,16,21,12,4,8,0,0,0,0,0,0,0,0,0,25,12,13
SUTTON COUNTY,435,44 Years,38,18,20,10,6,4,1,1,0,1,0,1,0,0,0,26,11,15
SUTTON COUNTY,435,45 Years,40,19,21,13,6,7,0,0,0,0,0,0,1,1,0,26,12,14
SUTTON COUNTY,435,46 Years,42,19,23,13,7,6,0,0,0,0,0,0,0,0,0,29,12,17
SUTTON COUNTY,435,47 Years,41,18,23,16,6,10,0,0,0,0,0,0,0,0,0,25,12,13
SUTTON COUNTY,435,48 Years,42,19,23,18,7,11,0,0,0,0,0,0,0,0,0,24,12,12
SUTTON COUNTY,435,49 Years,52,24,28,16,7,9,0,0,0,0,0,0,0,0,0,36,17,19
SUTTON COUNTY,435,50 Years,49,27,22,16,9,7,1,1,0,0,0,0,0,0,0,32,17,15
SUTTON COUNTY,435,51 Years,43,23,20,20,12,8,0,0,0,0,0,0,0,0,0,23,11,12
SUTTON COUNTY,435,52 Years,42,24,18,14,8,6,0,0,0,0,0,0,0,0,0,28,16,12
SUTTON COUNTY,435,53 Years,43,26,17,17,9,8,0,0,0,0,0,0,1,0,1,25,17,8
SUTTON COUNTY,435,54 Years,39,19,20,18,8,10,0,0,0,2,0,2,0,0,0,19,11,8
SUTTON COUNTY,435,55 Years,46,19,27,19,7,12,0,0,0,1,0,1,0,0,0,26,12,14
SUTTON COUNTY,435,56 Years,48,26,22,22,12,10,0,0,0,0,0,0,0,0,0,26,14,12
SUTTON COUNTY,435,57 Years,55,31,24,24,12,12,0,0,0,0,0,0,0,0,0,31,19,12
SUTTON COUNTY,435,58 Years,46,25,21,22,11,11,0,0,0,0,0,0,0,0,0,24,14,10
SUTTON COUNTY,435,59 Years,51,26,25,22,13,9,0,0,0,1,1,0,0,0,0,28,12,16
SUTTON COUNTY,435,60 Years,46,25,21,19,12,7,0,0,0,1,1,0,0,0,0,26,12,14
SUTTON COUNTY,435,61 Years,47,26,21,18,12,6,0,0,0,0,0,0,0,0,0,29,14,15
SUTTON COUNTY,435,62 Years,42,21,21,18,9,9,0,0,0,0,0,0,0,0,0,24,12,12
SUTTON COUNTY,435,63 Years,48,26,22,24,12,12,0,0,0,0,0,0,0,0,0,24,14,10
SUTTON COUNTY,435,64 Years,47,25,22,22,13,9,0,0,0,0,0,0,0,0,0,25,12,13
SUTTON COUNTY,435,65 Years,53,25,28,24,13,11,0,0,0,0,0,0,0,0,0,29,12,17
SUTTON COUNTY,435,66 Years,49,22,27,23,11,12,0,0,0,0,0,0,0,0,0,26,11,15
SUTTON COUNTY,435,67 Years,43,23,20,18,10,8,0,0,0,0,0,0,0,0,0,25,13,12
SUTTON COUNTY,435,68 Years,48,27,21,22,14,8,0,0,0,0,0,0,0,0,0,26,13,13
SUTTON COUNTY,435,69 Years,37,18,19,21,11,10,0,0,0,0,0,0,0,0,0,16,7,9
SUTTON COUNTY,435,70 Years,42,24,18,19,11,8,0,0,0,0,0,0,0,0,0,23,13,10
SUTTON COUNTY,435,71 Years,41,25,16,20,13,7,0,0,0,0,0,0,0,0,0,21,12,9
SUTTON COUNTY,435,72 Years,42,24,18,26,17,9,0,0,0,0,0,0,0,0,0,16,7,9
SUTTON COUNTY,435,73 Years,36,20,16,20,13,7,0,0,0,0,0,0,0,0,0,16,7,9
SUTTON COUNTY,435,74 Years,28,15,13,14,8,6,0,0,0,0,0,0,1,1,0,13,6,7
SUTTON COUNTY,435,75 Years,31,17,14,14,7,7,0,0,0,1,1,0,0,0,0,16,9,7
SUTTON COUNTY,435,76 Years,27,16,11,15,10,5,0,0,0,0,0,0,0,0,0,12,6,6
SUTTON COUNTY,435,77 Years,24,16,8,14,8,6,0,0,0,0,0,0,1,1,0,9,7,2
SUTTON COUNTY,435,78 Years,18,7,11,9,4,5,0,0,0,0,0,0,0,0,0,9,3,6
SUTTON COUNTY,435,79 Years,16,8,8,9,5,4,0,0,0,0,0,0,0,0,0,7,3,4
SUTTON COUNTY,435,80 Years,17,9,8,8,3,5,0,0,0,0,0,0,0,0,0,9,6,3
SUTTON COUNTY,435,81 Years,13,7,6,7,3,4,0,0,0,0,0,0,0,0,0,6,4,2
SUTTON COUNTY,435,82 Years,18,10,8,8,4,4,0,0,0,0,0,0,0,0,0,10,6,4
SUTTON COUNTY,435,83 Years,22,9,13,10,3,7,0,0,0,0,0,0,0,0,0,12,6,6
SUTTON COUNTY,435,84 Years,14,5,9,6,2,4,0,0,0,0,0,0,0,0,0,8,3,5
SUTTON COUNTY,435,85 Years,11,5,6,7,3,4,0,0,0,0,0,0,0,0,0,4,2,2
SUTTON COUNTY,435,86 Years,14,7,7,7,2,5,0,0,0,0,0,0,0,0,0,7,5,2
SUTTON COUNTY,435,87 Years,18,8,10,7,3,4,0,0,0,0,0,0,0,0,0,11,5,6
SUTTON COUNTY,435,88 Years,16,8,8,7,3,4,0,0,0,0,0,0,0,0,0,9,5,4
SUTTON COUNTY,435,89 Years,18,8,10,6,2,4,0,0,0,0,0,0,0,0,0,12,6,6
SUTTON COUNTY,435,90 Years,12,4,8,6,3,3,0,0,0,0,0,0,0,0,0,6,1,5
SUTTON COUNTY,435,91 Years,11,4,7,5,2,3,0,0,0,0,0,0,0,0,0,6,2,4
SUTTON COUNTY,435,92 Years,9,2,7,3,0,3,0,0,0,0,0,0,0,0,0,6,2,4
SUTTON COUNTY,435,93 Years,9,4,5,3,2,1,0,0,0,0,0,0,0,0,0,6,2,4
SUTTON COUNTY,435,94 Years,6,3,3,2,1,1,0,0,0,0,0,0,0,0,0,4,2,2
SUTTON COUNTY,435,95 Years +,15,6,9,7,3,4,0,0,0,0,0,0,1,0,1,7,3,4
SWISHER COUNTY,437,All Ages,7439,3986,3453,3418,1699,1719,599,415,184,7,2,5,140,71,69,3275,1799,1476
SWISHER COUNTY,437,< 1 Year,81,43,38,28,15,13,4,1,3,0,0,0,0,0,0,49,27,22
SWISHER COUNTY,437,1 Years,78,39,39,28,13,15,3,1,2,0,0,0,0,0,0,47,25,22
SWISHER COUNTY,437,2 Years,81,41,40,27,14,13,5,1,4,0,0,0,5,3,2,44,23,21
SWISHER COUNTY,437,3 Years,90,45,45,33,17,16,5,2,3,0,0,0,7,4,3,45,22,23
SWISHER COUNTY,437,4 Years,92,49,43,30,17,13,6,3,3,0,0,0,5,4,1,51,25,26
SWISHER COUNTY,437,5 Years,96,48,48,30,16,14,6,3,3,0,0,0,3,2,1,57,27,30
SWISHER COUNTY,437,6 Years,93,45,48,26,12,14,6,3,3,0,0,0,0,0,0,61,30,31
SWISHER COUNTY,437,7 Years,101,48,53,29,15,14,4,2,2,0,0,0,3,1,2,65,30,35
SWISHER COUNTY,437,8 Years,101,52,49,30,15,15,5,4,1,0,0,0,0,0,0,66,33,33
SWISHER COUNTY,437,9 Years,121,53,68,36,13,23,5,3,2,0,0,0,5,3,2,75,34,41
SWISHER COUNTY,437,10 Years,112,53,59,33,12,21,8,2,6,0,0,0,4,3,1,67,36,31
SWISHER COUNTY,437,11 Years,103,53,50,38,17,21,5,2,3,0,0,0,4,1,3,56,33,23
SWISHER COUNTY,437,12 Years,110,55,55,35,17,18,9,4,5,0,0,0,6,3,3,60,31,29
SWISHER COUNTY,437,13 Years,109,53,56,39,18,21,12,5,7,0,0,0,4,2,2,54,28,26
SWISHER COUNTY,437,14 Years,120,72,48,46,26,20,10,6,4,0,0,0,5,3,2,59,37,22
SWISHER COUNTY,437,15 Years,108,57,51,39,19,20,10,5,5,0,0,0,3,2,1,56,31,25
SWISHER COUNTY,437,16 Years,97,55,42,38,21,17,7,4,3,0,0,0,3,2,1,49,28,21
SWISHER COUNTY,437,17 Years,88,52,36,34,19,15,7,4,3,0,0,0,2,2,0,45,27,18
SWISHER COUNTY,437,18 Years,108,66,42,37,19,18,7,4,3,0,0,0,2,2,0,62,41,21
SWISHER COUNTY,437,19 Years,93,53,40,32,16,16,11,7,4,0,0,0,4,1,3,46,29,17
SWISHER COUNTY,437,20 Years,99,58,41,38,24,14,9,6,3,0,0,0,1,0,1,51,28,23
SWISHER COUNTY,437,21 Years,86,53,33,22,11,11,11,10,1,0,0,0,2,1,1,51,31,20
SWISHER COUNTY,437,22 Years,99,63,36,29,19,10,18,12,6,0,0,0,2,1,1,50,31,19
SWISHER COUNTY,437,23 Years,95,58,37,36,20,16,14,10,4,0,0,0,1,0,1,44,28,16
SWISHER COUNTY,437,24 Years,109,72,37,37,17,20,20,18,2,0,0,0,2,1,1,50,36,14
SWISHER COUNTY,437,25 Years,101,57,44,34,15,19,12,10,2,0,0,0,2,1,1,53,31,22
SWISHER COUNTY,437,26 Years,109,58,51,41,16,25,15,13,2,0,0,0,3,1,2,50,28,22
SWISHER COUNTY,437,27 Years,108,62,46,44,22,22,13,12,1,0,0,0,1,1,0,50,27,23
SWISHER COUNTY,437,28 Years,104,62,42,41,20,21,15,13,2,0,0,0,1,1,0,47,28,19
SWISHER COUNTY,437,29 Years,94,63,31,36,25,11,11,10,1,0,0,0,1,1,0,46,27,19
SWISHER COUNTY,437,30 Years,83,53,30,25,16,9,13,10,3,0,0,0,0,0,0,45,27,18
SWISHER COUNTY,437,31 Years,100,62,38,29,16,13,14,13,1,1,1,0,2,1,1,54,31,23
SWISHER COUNTY,437,32 Years,107,64,43,32,15,17,11,11,0,0,0,0,1,0,1,63,38,25
SWISHER COUNTY,437,33 Years,103,72,31,31,18,13,11,11,0,0,0,0,2,1,1,59,42,17
SWISHER COUNTY,437,34 Years,100,59,41,35,18,17,17,13,4,0,0,0,1,1,0,47,27,20
SWISHER COUNTY,437,35 Years,89,49,40,30,14,16,12,11,1,0,0,0,2,1,1,45,23,22
SWISHER COUNTY,437,36 Years,86,43,43,32,14,18,9,7,2,0,0,0,1,0,1,44,22,22
SWISHER COUNTY,437,37 Years,93,50,43,36,13,23,15,14,1,0,0,0,1,0,1,41,23,18
SWISHER COUNTY,437,38 Years,87,49,38,38,16,22,8,6,2,0,0,0,1,0,1,40,27,13
SWISHER COUNTY,437,39 Years,84,48,36,36,17,19,7,5,2,0,0,0,0,0,0,41,26,15
SWISHER COUNTY,437,40 Years,85,48,37,36,16,20,8,6,2,0,0,0,1,1,0,40,25,15
SWISHER COUNTY,437,41 Years,80,41,39,32,13,19,10,8,2,0,0,0,1,0,1,37,20,17
SWISHER COUNTY,437,42 Years,79,45,34,35,17,18,8,6,2,0,0,0,0,0,0,36,22,14
SWISHER COUNTY,437,43 Years,80,47,33,36,18,18,10,6,4,0,0,0,0,0,0,34,23,11
SWISHER COUNTY,437,44 Years,81,45,36,36,19,17,8,6,2,0,0,0,2,1,1,35,19,16
SWISHER COUNTY,437,45 Years,61,36,25,28,15,13,5,3,2,0,0,0,3,2,1,25,16,9
SWISHER COUNTY,437,46 Years,73,42,31,32,15,17,11,10,1,0,0,0,2,2,0,28,15,13
SWISHER COUNTY,437,47 Years,66,37,29,27,17,10,5,5,0,0,0,0,2,0,2,32,15,17
SWISHER COUNTY,437,48 Years,69,33,36,31,15,16,5,4,1,0,0,0,2,1,1,31,13,18
SWISHER COUNTY,437,49 Years,78,39,39,36,17,19,6,5,1,0,0,0,0,0,0,36,17,19
SWISHER COUNTY,437,50 Years,86,41,45,36,16,20,9,8,1,1,0,1,0,0,0,40,17,23
SWISHER COUNTY,437,51 Years,72,41,31,37,20,17,5,4,1,0,0,0,1,0,1,29,17,12
SWISHER COUNTY,437,52 Years,73,44,29,35,20,15,4,4,0,0,0,0,2,1,1,32,19,13
SWISHER COUNTY,437,53 Years,82,42,40,42,23,19,7,2,5,0,0,0,1,0,1,32,17,15
SWISHER COUNTY,437,54 Years,88,50,38,47,27,20,6,4,2,0,0,0,1,0,1,34,19,15
SWISHER COUNTY,437,55 Years,94,50,44,42,21,21,7,5,2,0,0,0,2,1,1,43,23,20
SWISHER COUNTY,437,56 Years,92,50,42,47,25,22,6,5,1,0,0,0,0,0,0,39,20,19
SWISHER COUNTY,437,57 Years,85,40,45,49,21,28,4,3,1,0,0,0,0,0,0,32,16,16
SWISHER COUNTY,437,58 Years,97,48,49,54,25,29,7,4,3,0,0,0,1,0,1,35,19,16
SWISHER COUNTY,437,59 Years,86,45,41,51,27,24,6,4,2,0,0,0,1,0,1,28,14,14
SWISHER COUNTY,437,60 Years,83,44,39,53,27,26,3,3,0,0,0,0,1,1,0,26,13,13
SWISHER COUNTY,437,61 Years,88,49,39,45,24,21,5,3,2,0,0,0,0,0,0,38,22,16
SWISHER COUNTY,437,62 Years,90,45,45,54,27,27,5,2,3,0,0,0,0,0,0,31,16,15
SWISHER COUNTY,437,63 Years,84,42,42,55,29,26,2,1,1,0,0,0,0,0,0,27,12,15
SWISHER COUNTY,437,64 Years,85,41,44,54,28,26,1,1,0,0,0,0,1,0,1,29,12,17
SWISHER COUNTY,437,65 Years,82,45,37,57,30,27,4,3,1,0,0,0,1,1,0,20,11,9
SWISHER COUNTY,437,66 Years,88,48,40,61,32,29,4,1,3,0,0,0,1,1,0,22,14,8
SWISHER COUNTY,437,67 Years,91,47,44,59,30,29,7,3,4,0,0,0,0,0,0,25,14,11
SWISHER COUNTY,437,68 Years,88,43,45,62,30,32,3,1,2,1,0,1,2,2,0,20,10,10
SWISHER COUNTY,437,69 Years,79,40,39,53,28,25,3,1,2,1,0,1,2,1,1,20,10,10
SWISHER COUNTY,437,70 Years,75,43,32,51,29,22,3,1,2,0,0,0,1,0,1,20,13,7
SWISHER COUNTY,437,71 Years,76,44,32,52,30,22,2,1,1,0,0,0,3,2,1,19,11,8
SWISHER COUNTY,437,72 Years,67,33,34,49,26,23,2,0,2,0,0,0,3,1,2,13,6,7
SWISHER COUNTY,437,73 Years,63,29,34,46,23,23,2,0,2,0,0,0,1,0,1,14,6,8
SWISHER COUNTY,437,74 Years,59,25,34,39,18,21,3,1,2,0,0,0,2,0,2,15,6,9
SWISHER COUNTY,437,75 Years,68,34,34,48,25,23,2,2,0,1,0,1,1,0,1,16,7,9
SWISHER COUNTY,437,76 Years,63,33,30,43,24,19,3,2,1,1,0,1,0,0,0,16,7,9
SWISHER COUNTY,437,77 Years,52,27,25,35,19,16,2,1,1,0,0,0,0,0,0,15,7,8
SWISHER COUNTY,437,78 Years,50,26,24,35,19,16,0,0,0,1,1,0,1,1,0,13,5,8
SWISHER COUNTY,437,79 Years,49,25,24,35,19,16,2,0,2,0,0,0,0,0,0,12,6,6
SWISHER COUNTY,437,80 Years,50,27,23,31,19,12,3,1,2,0,0,0,1,0,1,15,7,8
SWISHER COUNTY,437,81 Years,44,22,22,26,14,12,3,2,1,0,0,0,0,0,0,15,6,9
SWISHER COUNTY,437,82 Years,37,14,23,26,9,17,1,0,1,0,0,0,0,0,0,10,5,5
SWISHER COUNTY,437,83 Years,39,8,31,33,7,26,1,0,1,0,0,0,0,0,0,5,1,4
SWISHER COUNTY,437,84 Years,29,7,22,23,4,19,0,0,0,0,0,0,0,0,0,6,3,3
SWISHER COUNTY,437,85 Years,32,12,20,25,9,16,1,0,1,0,0,0,0,0,0,6,3,3
SWISHER COUNTY,437,86 Years,33,13,20,25,10,15,1,0,1,0,0,0,0,0,0,7,3,4
SWISHER COUNTY,437,87 Years,28,13,15,21,10,11,0,0,0,0,0,0,0,0,0,7,3,4
SWISHER COUNTY,437,88 Years,21,9,12,16,5,11,0,0,0,0,0,0,1,1,0,4,3,1
SWISHER COUNTY,437,89 Years,28,13,15,23,10,13,0,0,0,0,0,0,0,0,0,5,3,2
SWISHER COUNTY,437,90 Years,21,8,13,16,5,11,0,0,0,0,0,0,2,1,1,3,2,1
SWISHER COUNTY,437,91 Years,13,3,10,10,2,8,0,0,0,0,0,0,0,0,0,3,1,2
SWISHER COUNTY,437,92 Years,13,6,7,9,4,5,0,0,0,0,0,0,0,0,0,4,2,2
SWISHER COUNTY,437,93 Years,15,6,9,9,4,5,2,1,1,0,0,0,1,0,1,3,1,2
SWISHER COUNTY,437,94 Years,7,3,4,4,1,3,1,1,0,0,0,0,0,0,0,2,1,1
SWISHER COUNTY,437,95 Years +,24,8,16,16,5,11,1,0,1,0,0,0,1,0,1,6,3,3
TARRANT COUNTY,439,All Ages,2060239,1006919,1053320,948033,461597,486436,336986,158529,178457,116598,56827,59771,60716,30409,30307,597906,299557,298349
TARRANT COUNTY,439,< 1 Year,26409,13555,12854,8579,4362,4217,4890,2437,2453,846,455,391,1473,784,689,10621,5517,5104
TARRANT COUNTY,439,1 Years,26685,13676,13009,8660,4417,4243,4888,2457,2431,876,473,403,1493,795,698,10768,5534,5234
TARRANT COUNTY,439,2 Years,27488,14066,13422,9047,4618,4429,4956,2484,2472,934,495,439,1564,830,734,10987,5639,5348
TARRANT COUNTY,439,3 Years,28290,14527,13763,9461,4875,4586,4929,2507,2422,1102,579,523,1616,854,762,11182,5712,5470
TARRANT COUNTY,439,4 Years,28927,14818,14109,9827,5067,4760,4935,2479,2456,1254,640,614,1630,852,778,11281,5780,5501
TARRANT COUNTY,439,5 Years,29037,14904,14133,10054,5185,4869,4823,2427,2396,1362,694,668,1575,823,752,11223,5775,5448
TARRANT COUNTY,439,6 Years,29021,14793,14228,10141,5201,4940,4752,2390,2362,1363,674,689,1524,776,748,11241,5752,5489
TARRANT COUNTY,439,7 Years,28885,14761,14124,10171,5203,4968,4628,2360,2268,1368,688,680,1491,767,724,11227,5743,5484
TARRANT COUNTY,439,8 Years,29118,14768,14350,10245,5232,5013,4642,2354,2288,1366,675,691,1471,748,723,11394,5759,5635
TARRANT COUNTY,439,9 Years,28158,14135,14023,9760,4959,4801,4482,2218,2264,1283,637,646,1351,690,661,11282,5631,5651
TARRANT COUNTY,439,10 Years,29755,14952,14803,10260,5222,5038,5013,2510,2503,1386,667,719,1318,684,634,11778,5869,5909
TARRANT COUNTY,439,11 Years,30509,15591,14918,10352,5346,5006,5238,2620,2618,1575,809,766,1377,731,646,11967,6085,5882
TARRANT COUNTY,439,12 Years,30655,15664,14991,10415,5356,5059,5267,2663,2604,1503,776,727,1352,707,645,12118,6162,5956
TARRANT COUNTY,439,13 Years,30423,15536,14887,10398,5328,5070,5289,2644,2645,1464,774,690,1335,699,636,11937,6091,5846
TARRANT COUNTY,439,14 Years,30336,15430,14906,10480,5388,5092,5388,2706,2682,1487,756,731,1314,663,651,11667,5917,5750
TARRANT COUNTY,439,15 Years,30374,15434,14940,10422,5315,5107,5392,2712,2680,1625,825,800,1318,660,658,11617,5922,5695
TARRANT COUNTY,439,16 Years,29923,15173,14750,10463,5336,5127,5295,2683,2612,1600,811,789,1346,661,685,11219,5682,5537
TARRANT COUNTY,439,17 Years,30033,15199,14834,10403,5291,5112,5338,2683,2655,1546,791,755,1566,759,807,11180,5675,5505
TARRANT COUNTY,439,18 Years,29610,14946,14664,10249,5168,5081,5197,2617,2580,1676,851,825,1520,811,709,10968,5499,5469
TARRANT COUNTY,439,19 Years,28601,14469,14132,9697,5063,4634,5272,2653,2619,1725,862,863,1203,639,564,10704,5252,5452
TARRANT COUNTY,439,20 Years,27155,13666,13489,9311,4812,4499,4996,2460,2536,1531,789,742,1195,622,573,10122,4983,5139
TARRANT COUNTY,439,21 Years,27470,13803,13667,9621,4923,4698,5124,2496,2628,1680,876,804,1170,586,584,9875,4922,4953
TARRANT COUNTY,439,22 Years,28114,14135,13979,10228,5211,5017,5114,2568,2546,1764,922,842,1160,600,560,9848,4834,5014
TARRANT COUNTY,439,23 Years,29347,14621,14726,10989,5473,5516,5255,2633,2622,1906,997,909,1179,603,576,10018,4915,5103
TARRANT COUNTY,439,24 Years,30193,15056,15137,11637,5791,5846,5336,2636,2700,2191,1156,1035,1164,626,538,9865,4847,5018
TARRANT COUNTY,439,25 Years,30852,15403,15449,12383,6195,6188,5445,2684,2761,2203,1130,1073,1006,561,445,9815,4833,4982
TARRANT COUNTY,439,26 Years,30957,15506,15451,12758,6382,6376,5556,2828,2728,2222,1105,1117,720,391,329,9701,4800,4901
TARRANT COUNTY,439,27 Years,30642,15346,15296,12864,6456,6408,5329,2677,2652,2200,1083,1117,593,296,297,9656,4834,4822
TARRANT COUNTY,439,28 Years,30506,15106,15400,13223,6511,6712,4982,2428,2554,2097,1067,1030,796,363,433,9408,4737,4671
TARRANT COUNTY,439,29 Years,30392,15023,15369,13458,6529,6929,4658,2243,2415,2180,1076,1104,792,374,418,9304,4801,4503
TARRANT COUNTY,439,30 Years,30027,14748,15279,13339,6441,6898,4570,2169,2401,2206,1048,1158,779,373,406,9133,4717,4416
TARRANT COUNTY,439,31 Years,29295,14226,15069,13132,6314,6818,4580,2077,2503,2200,1058,1142,648,297,351,8735,4480,4255
TARRANT COUNTY,439,32 Years,29231,14216,15015,13245,6381,6864,4592,2052,2540,2183,1076,1107,567,236,331,8644,4471,4173
TARRANT COUNTY,439,33 Years,29149,14217,14932,13318,6484,6834,4742,2141,2601,2039,1005,1034,529,228,301,8521,4359,4162
TARRANT COUNTY,439,34 Years,29197,14269,14928,13294,6556,6738,4800,2218,2582,2017,1012,1005,573,233,340,8513,4250,4263
TARRANT COUNTY,439,35 Years,28856,14162,14694,12932,6424,6508,4828,2201,2627,1969,974,995,589,285,304,8538,4278,4260
TARRANT COUNTY,439,36 Years,29507,14493,15014,13345,6639,6706,4966,2226,2740,1901,925,976,630,318,312,8665,4385,4280
TARRANT COUNTY,439,37 Years,29315,14251,15064,13331,6576,6755,4950,2196,2754,1806,828,978,632,312,320,8596,4339,4257
TARRANT COUNTY,439,38 Years,29257,14175,15082,13364,6624,6740,4916,2163,2753,1733,783,950,607,292,315,8637,4313,4324
TARRANT COUNTY,439,39 Years,29146,14130,15016,13087,6486,6601,5109,2254,2855,1662,787,875,604,285,319,8684,4318,4366
TARRANT COUNTY,439,40 Years,27476,13361,14115,12157,6022,6135,4861,2170,2691,1614,768,846,581,266,315,8263,4135,4128
TARRANT COUNTY,439,41 Years,27012,13150,13862,11854,5862,5992,4675,2104,2571,1557,726,831,562,278,284,8364,4180,4184
TARRANT COUNTY,439,42 Years,26457,12942,13515,11509,5774,5735,4554,2035,2519,1555,708,847,570,264,306,8269,4161,4108
TARRANT COUNTY,439,43 Years,26470,12908,13562,11454,5667,5787,4516,2094,2422,1778,827,951,537,251,286,8185,4069,4116
TARRANT COUNTY,439,44 Years,26710,13041,13669,11582,5764,5818,4506,2044,2462,1821,835,986,539,254,285,8262,4144,4118
TARRANT COUNTY,439,45 Years,26222,12575,13647,11420,5560,5860,4551,2059,2492,1828,825,1003,492,219,273,7931,3912,4019
TARRANT COUNTY,439,46 Years,26328,12669,13659,11670,5722,5948,4544,2060,2484,1794,819,975,484,216,268,7836,3852,3984
TARRANT COUNTY,439,47 Years,27438,13328,14110,12552,6323,6229,4693,2083,2610,1909,884,1025,491,221,270,7793,3817,3976
TARRANT COUNTY,439,48 Years,28597,13923,14674,13706,6863,6843,4876,2237,2639,1872,845,1027,576,288,288,7567,3690,3877
TARRANT COUNTY,439,49 Years,28598,13906,14692,13827,6859,6968,4846,2177,2669,1880,844,1036,598,291,307,7447,3735,3712
TARRANT COUNTY,439,50 Years,26951,13061,13890,13097,6435,6662,4525,2075,2450,1773,816,957,526,247,279,7030,3488,3542
TARRANT COUNTY,439,51 Years,25847,12689,13158,12528,6187,6341,4435,2061,2374,1610,765,845,505,238,267,6769,3438,3331
TARRANT COUNTY,439,52 Years,25265,12368,12897,12431,6148,6283,4388,2005,2383,1498,693,805,506,235,271,6442,3287,3155
TARRANT COUNTY,439,53 Years,25563,12432,13131,12668,6146,6522,4537,2062,2475,1482,721,761,475,218,257,6401,3285,3116
TARRANT COUNTY,439,54 Years,26490,12897,13593,13579,6620,6959,4609,2106,2503,1443,717,726,523,251,272,6336,3203,3133
TARRANT COUNTY,439,55 Years,26521,12933,13588,14285,6942,7343,4492,2099,2393,1442,704,738,486,255,231,5816,2933,2883
TARRANT COUNTY,439,56 Years,26272,12978,13294,14539,7164,7375,4427,2100,2327,1398,701,697,508,254,254,5400,2759,2641
TARRANT COUNTY,439,57 Years,25746,12594,13152,14732,7198,7534,4243,1947,2296,1264,630,634,494,234,260,5013,2585,2428
TARRANT COUNTY,439,58 Years,25641,12533,13108,14933,7276,7657,4130,1910,2220,1296,627,669,483,241,242,4799,2479,2320
TARRANT COUNTY,439,59 Years,25298,12318,12980,14972,7323,7649,4015,1868,2147,1270,606,664,450,226,224,4591,2295,2296
TARRANT COUNTY,439,60 Years,23857,11714,12143,14265,7036,7229,3805,1793,2012,1188,583,605,416,205,211,4183,2097,2086
TARRANT COUNTY,439,61 Years,23316,11417,11899,14130,6894,7236,3698,1725,1973,1183,594,589,428,220,208,3877,1984,1893
TARRANT COUNTY,439,62 Years,22345,10724,11621,13655,6612,7043,3464,1532,1932,1161,543,618,429,235,194,3636,1802,1834
TARRANT COUNTY,439,63 Years,21428,10134,11294,13089,6274,6815,3363,1464,1899,1161,548,613,407,219,188,3408,1629,1779
TARRANT COUNTY,439,64 Years,20808,9830,10978,12906,6156,6750,3216,1410,1806,1080,528,552,357,183,174,3249,1553,1696
TARRANT COUNTY,439,65 Years,19256,8996,10260,12195,5784,6411,2872,1246,1626,965,425,540,334,166,168,2890,1375,1515
TARRANT COUNTY,439,66 Years,18050,8412,9638,11658,5443,6215,2543,1118,1425,978,451,527,290,136,154,2581,1264,1317
TARRANT COUNTY,439,67 Years,17104,7938,9166,11178,5228,5950,2360,1028,1332,968,439,529,303,145,158,2295,1098,1197
TARRANT COUNTY,439,68 Years,15977,7350,8627,10318,4822,5496,2250,956,1294,910,388,522,269,132,137,2230,1052,1178
TARRANT COUNTY,439,69 Years,15484,7092,8392,10148,4683,5465,2039,832,1207,904,416,488,266,128,138,2127,1033,1094
TARRANT COUNTY,439,70 Years,14789,6768,8021,9918,4559,5359,1905,769,1136,835,403,432,234,117,117,1897,920,977
TARRANT COUNTY,439,71 Years,14763,6741,8022,10369,4784,5585,1712,707,1005,742,336,406,221,105,116,1719,809,910
TARRANT COUNTY,439,72 Years,14333,6559,7774,10308,4782,5526,1532,651,881,648,295,353,211,84,127,1634,747,887
TARRANT COUNTY,439,73 Years,11433,5211,6222,8022,3678,4344,1231,505,726,554,273,281,185,86,99,1441,669,772
TARRANT COUNTY,439,74 Years,10472,4691,5781,7333,3306,4027,1087,439,648,536,250,286,140,67,73,1376,629,747
TARRANT COUNTY,439,75 Years,10182,4484,5698,7305,3260,4045,1031,412,619,482,219,263,146,63,83,1218,530,688
TARRANT COUNTY,439,76 Years,9536,4141,5395,6944,3064,3880,939,366,573,437,200,237,140,54,86,1076,457,619
TARRANT COUNTY,439,77 Years,8239,3591,4648,5999,2664,3335,837,303,534,372,179,193,108,50,58,923,395,528
TARRANT COUNTY,439,78 Years,7575,3193,4382,5469,2354,3115,798,283,515,338,160,178,100,40,60,870,356,514
TARRANT COUNTY,439,79 Years,6799,2867,3932,4948,2118,2830,672,255,417,286,132,154,80,33,47,813,329,484
TARRANT COUNTY,439,80 Years,6175,2527,3648,4496,1869,2627,625,232,393,249,111,138,80,29,51,725,286,439
TARRANT COUNTY,439,81 Years,5774,2309,3465,4249,1719,2530,576,198,378,240,119,121,73,23,50,636,250,386
TARRANT COUNTY,439,82 Years,5183,2080,3103,3851,1557,2294,508,174,334,188,89,99,61,25,36,575,235,340
TARRANT COUNTY,439,83 Years,4866,1903,2963,3665,1463,2202,458,160,298,156,67,89,58,23,35,529,190,339
TARRANT COUNTY,439,84 Years,4637,1806,2831,3508,1395,2113,446,151,295,132,56,76,48,17,31,503,187,316
TARRANT COUNTY,439,85 Years,3957,1511,2446,3014,1170,1844,376,115,261,137,64,73,32,15,17,398,147,251
TARRANT COUNTY,439,86 Years,3650,1345,2305,2804,1052,1752,321,92,229,132,59,73,31,13,18,362,129,233
TARRANT COUNTY,439,87 Years,3261,1191,2070,2548,947,1601,269,75,194,99,40,59,26,11,15,319,118,201
TARRANT COUNTY,439,88 Years,2901,1064,1837,2298,856,1442,225,60,165,96,44,52,25,8,17,257,96,161
TARRANT COUNTY,439,89 Years,2473,868,1605,1975,697,1278,198,57,141,79,33,46,17,6,11,204,75,129
TARRANT COUNTY,439,90 Years,2083,702,1381,1680,575,1105,160,43,117,55,22,33,12,3,9,176,59,117
TARRANT COUNTY,439,91 Years,1758,564,1194,1415,461,954,134,28,106,48,18,30,8,2,6,153,55,98
TARRANT COUNTY,439,92 Years,1499,463,1036,1218,376,842,110,28,82,41,17,24,6,2,4,124,40,84
TARRANT COUNTY,439,93 Years,1222,347,875,1011,287,724,84,21,63,29,10,19,5,0,5,93,29,64
TARRANT COUNTY,439,94 Years,969,262,707,802,215,587,67,16,51,22,7,15,4,1,3,74,23,51
TARRANT COUNTY,439,95 Years +,2338,569,1769,1904,462,1442,190,35,155,52,19,33,10,2,8,182,51,131
TAYLOR COUNTY,441,All Ages,139044,67899,71145,86257,41895,44362,10011,5178,4833,2706,1057,1649,4858,2485,2373,35212,17284,17928
TAYLOR COUNTY,441,< 1 Year,1874,965,909,855,456,399,186,102,84,16,8,8,187,84,103,630,315,315
TAYLOR COUNTY,441,1 Years,1872,968,904,851,445,406,179,95,84,16,9,7,194,102,92,632,317,315
TAYLOR COUNTY,441,2 Years,1899,966,933,848,437,411,175,91,84,18,8,10,205,103,102,653,327,326
TAYLOR COUNTY,441,3 Years,1911,967,944,856,432,424,175,84,91,18,9,9,198,109,89,664,333,331
TAYLOR COUNTY,441,4 Years,1914,969,945,878,458,420,163,79,84,19,9,10,195,98,97,659,325,334
TAYLOR COUNTY,441,5 Years,1901,974,927,896,471,425,158,80,78,19,10,9,182,96,86,646,317,329
TAYLOR COUNTY,441,6 Years,1900,970,930,907,476,431,149,77,72,20,11,9,179,93,86,645,313,332
TAYLOR COUNTY,441,7 Years,1876,960,916,897,467,430,155,79,76,23,13,10,168,87,81,633,314,319
TAYLOR COUNTY,441,8 Years,1871,946,925,909,469,440,157,75,82,20,14,6,154,81,73,631,307,324
TAYLOR COUNTY,441,9 Years,1783,853,930,885,423,462,159,75,84,12,4,8,133,66,67,594,285,309
TAYLOR COUNTY,441,10 Years,1925,970,955,981,498,483,163,80,83,15,7,8,107,57,50,659,328,331
TAYLOR COUNTY,441,11 Years,1974,1033,941,1014,523,491,168,85,83,12,5,7,99,54,45,681,366,315
TAYLOR COUNTY,441,12 Years,2044,1083,961,1040,537,503,170,96,74,24,17,7,97,53,44,713,380,333
TAYLOR COUNTY,441,13 Years,1965,1014,951,993,499,494,166,91,75,23,12,11,86,54,32,697,358,339
TAYLOR COUNTY,441,14 Years,1939,995,944,984,497,487,167,84,83,18,10,8,79,45,34,691,359,332
TAYLOR COUNTY,441,15 Years,1865,941,924,940,476,464,156,80,76,19,9,10,75,37,38,675,339,336
TAYLOR COUNTY,441,16 Years,1835,945,890,953,490,463,160,79,81,18,8,10,73,38,35,631,330,301
TAYLOR COUNTY,441,17 Years,1867,971,896,960,504,456,147,63,84,44,31,13,82,49,33,634,324,310
TAYLOR COUNTY,441,18 Years,2505,1233,1272,1427,726,701,228,116,112,48,20,28,81,41,40,721,330,391
TAYLOR COUNTY,441,19 Years,2653,1345,1308,1501,760,741,209,112,97,49,19,30,123,55,68,771,399,372
TAYLOR COUNTY,441,20 Years,2555,1296,1259,1434,725,709,213,118,95,53,20,33,114,57,57,741,376,365
TAYLOR COUNTY,441,21 Years,2546,1330,1216,1408,715,693,202,122,80,62,29,33,129,80,49,745,384,361
TAYLOR COUNTY,441,22 Years,2417,1225,1192,1376,698,678,192,112,80,54,23,31,111,51,60,684,341,343
TAYLOR COUNTY,441,23 Years,2366,1197,1169,1322,654,668,222,121,101,48,27,21,105,48,57,669,347,322
TAYLOR COUNTY,441,24 Years,2339,1193,1146,1348,687,661,201,110,91,37,17,20,81,39,42,672,340,332
TAYLOR COUNTY,441,25 Years,1716,850,866,806,396,410,149,79,70,47,19,28,75,41,34,639,315,324
TAYLOR COUNTY,441,26 Years,1706,811,895,854,412,442,153,74,79,35,16,19,68,35,33,596,274,322
TAYLOR COUNTY,441,27 Years,1645,782,863,846,404,442,135,64,71,23,9,14,70,29,41,571,276,295
TAYLOR COUNTY,441,28 Years,2048,1006,1042,1215,593,622,161,72,89,63,34,29,44,27,17,565,280,285
TAYLOR COUNTY,441,29 Years,2211,1084,1127,1322,641,681,189,94,95,68,33,35,55,31,24,577,285,292
TAYLOR COUNTY,441,30 Years,2174,1084,1090,1336,651,685,176,100,76,69,32,37,35,20,15,558,281,277
TAYLOR COUNTY,441,31 Years,2108,1078,1030,1310,659,651,155,89,66,56,27,29,21,14,7,566,289,277
TAYLOR COUNTY,441,32 Years,1882,952,930,1112,566,546,162,84,78,59,27,32,20,13,7,529,262,267
TAYLOR COUNTY,441,33 Years,1733,879,854,995,519,476,134,71,63,48,14,34,29,13,16,527,262,265
TAYLOR COUNTY,441,34 Years,2160,1078,1082,1361,683,678,157,91,66,42,11,31,41,18,23,559,275,284
TAYLOR COUNTY,441,35 Years,2231,1115,1116,1428,720,708,177,94,83,26,10,16,45,25,20,555,266,289
TAYLOR COUNTY,441,36 Years,2105,1053,1052,1360,685,675,161,83,78,16,5,11,35,18,17,533,262,271
TAYLOR COUNTY,441,37 Years,2022,1017,1005,1278,636,642,146,83,63,30,17,13,39,16,23,529,265,264
TAYLOR COUNTY,441,38 Years,1934,977,957,1210,612,598,152,89,63,21,10,11,34,16,18,517,250,267
TAYLOR COUNTY,441,39 Years,1759,880,879,1127,574,553,140,73,67,13,5,8,32,17,15,447,211,236
TAYLOR COUNTY,441,40 Years,1646,823,823,1035,526,509,123,62,61,30,7,23,35,16,19,423,212,211
TAYLOR COUNTY,441,41 Years,1586,794,792,1015,512,503,107,53,54,51,18,33,36,13,23,377,198,179
TAYLOR COUNTY,441,42 Years,1509,747,762,942,460,482,107,54,53,47,22,25,46,22,24,367,189,178
TAYLOR COUNTY,441,43 Years,1451,723,728,912,460,452,97,46,51,46,20,26,36,18,18,360,179,181
TAYLOR COUNTY,441,44 Years,1420,719,701,897,465,432,108,58,50,24,10,14,29,15,14,362,171,191
TAYLOR COUNTY,441,45 Years,1368,686,682,859,424,435,100,54,46,18,8,10,36,18,18,355,182,173
TAYLOR COUNTY,441,46 Years,1354,676,678,865,426,439,92,53,39,31,20,11,29,16,13,337,161,176
TAYLOR COUNTY,441,47 Years,1370,664,706,895,444,451,106,55,51,35,13,22,31,15,16,303,137,166
TAYLOR COUNTY,441,48 Years,1380,667,713,914,455,459,109,56,53,39,10,29,25,10,15,293,136,157
TAYLOR COUNTY,441,49 Years,1469,707,762,985,476,509,111,61,50,45,19,26,21,10,11,307,141,166
TAYLOR COUNTY,441,50 Years,1428,698,730,953,474,479,98,46,52,55,23,32,30,14,16,292,141,151
TAYLOR COUNTY,441,51 Years,1327,650,677,885,434,451,81,39,42,50,21,29,24,11,13,287,145,142
TAYLOR COUNTY,441,52 Years,1352,647,705,891,423,468,92,45,47,47,20,27,28,14,14,294,145,149
TAYLOR COUNTY,441,53 Years,1379,642,737,942,438,504,93,53,40,35,11,24,24,10,14,285,130,155
TAYLOR COUNTY,441,54 Years,1429,699,730,985,480,505,92,49,43,30,8,22,27,12,15,295,150,145
TAYLOR COUNTY,441,55 Years,1586,753,833,1116,535,581,99,49,50,37,7,30,27,12,15,307,150,157
TAYLOR COUNTY,441,56 Years,1639,786,853,1187,570,617,91,44,47,45,16,29,22,14,8,294,142,152
TAYLOR COUNTY,441,57 Years,1598,779,819,1156,553,603,94,50,44,38,22,16,25,16,9,285,138,147
TAYLOR COUNTY,441,58 Years,1644,792,852,1218,587,631,88,46,42,31,10,21,36,19,17,271,130,141
TAYLOR COUNTY,441,59 Years,1656,789,867,1213,584,629,85,43,42,38,6,32,28,13,15,292,143,149
TAYLOR COUNTY,441,60 Years,1556,715,841,1160,545,615,87,42,45,39,5,34,25,14,11,245,109,136
TAYLOR COUNTY,441,61 Years,1573,725,848,1175,545,630,93,42,51,33,8,25,23,15,8,249,115,134
TAYLOR COUNTY,441,62 Years,1551,736,815,1190,571,619,88,41,47,32,7,25,23,13,10,218,104,114
TAYLOR COUNTY,441,63 Years,1453,693,760,1093,527,566,75,39,36,34,8,26,27,14,13,224,105,119
TAYLOR COUNTY,441,64 Years,1500,704,796,1139,529,610,87,52,35,38,9,29,23,12,11,213,102,111
TAYLOR COUNTY,441,65 Years,1420,655,765,1087,502,585,86,45,41,35,9,26,19,9,10,193,90,103
TAYLOR COUNTY,441,66 Years,1270,574,696,962,438,524,63,32,31,35,7,28,20,9,11,190,88,102
TAYLOR COUNTY,441,67 Years,1284,588,696,955,440,515,62,35,27,31,6,25,20,8,12,216,99,117
TAYLOR COUNTY,441,68 Years,1226,564,662,946,444,502,56,27,29,30,5,25,16,11,5,178,77,101
TAYLOR COUNTY,441,69 Years,1141,498,643,870,387,483,47,23,24,36,8,28,9,7,2,179,73,106
TAYLOR COUNTY,441,70 Years,1136,514,622,871,407,464,44,22,22,37,7,30,14,7,7,170,71,99
TAYLOR COUNTY,441,71 Years,1124,518,606,883,411,472,43,23,20,30,8,22,12,5,7,156,71,85
TAYLOR COUNTY,441,72 Years,1117,503,614,868,399,469,38,19,19,27,6,21,17,8,9,167,71,96
TAYLOR COUNTY,441,73 Years,872,389,483,668,302,366,31,14,17,15,5,10,12,6,6,146,62,84
TAYLOR COUNTY,441,74 Years,808,345,463,636,274,362,39,16,23,7,2,5,12,5,7,114,48,66
TAYLOR COUNTY,441,75 Years,871,377,494,693,300,393,41,20,21,10,4,6,10,5,5,117,48,69
TAYLOR COUNTY,441,76 Years,834,367,467,673,301,372,38,14,24,20,2,18,6,5,1,97,45,52
TAYLOR COUNTY,441,77 Years,719,309,410,580,248,332,30,16,14,13,2,11,4,3,1,92,40,52
TAYLOR COUNTY,441,78 Years,669,288,381,549,231,318,28,16,12,12,4,8,6,3,3,74,34,40
TAYLOR COUNTY,441,79 Years,675,266,409,558,226,332,27,11,16,11,5,6,9,3,6,70,21,49
TAYLOR COUNTY,441,80 Years,623,262,361,521,224,297,22,8,14,10,3,7,7,3,4,63,24,39
TAYLOR COUNTY,441,81 Years,585,255,330,494,217,277,17,7,10,7,3,4,9,3,6,58,25,33
TAYLOR COUNTY,441,82 Years,538,232,306,462,202,260,14,6,8,3,1,2,9,3,6,50,20,30
TAYLOR COUNTY,441,83 Years,545,221,324,467,193,274,14,5,9,8,3,5,9,2,7,47,18,29
TAYLOR COUNTY,441,84 Years,516,204,312,448,178,270,13,6,7,6,3,3,6,2,4,43,15,28
TAYLOR COUNTY,441,85 Years,463,174,289,401,152,249,12,5,7,8,5,3,3,1,2,39,11,28
TAYLOR COUNTY,441,86 Years,400,147,253,342,126,216,11,4,7,8,4,4,6,1,5,33,12,21
TAYLOR COUNTY,441,87 Years,347,140,207,300,123,177,10,4,6,4,0,4,6,2,4,27,11,16
TAYLOR COUNTY,441,88 Years,303,111,192,264,98,166,10,4,6,4,0,4,4,2,2,21,7,14
TAYLOR COUNTY,441,89 Years,266,94,172,234,85,149,7,3,4,5,0,5,4,2,2,16,4,12
TAYLOR COUNTY,441,90 Years,226,85,141,193,71,122,6,3,3,4,2,2,4,1,3,19,8,11
TAYLOR COUNTY,441,91 Years,196,66,130,165,53,112,5,2,3,5,1,4,4,1,3,17,9,8
TAYLOR COUNTY,441,92 Years,155,51,104,126,38,88,5,1,4,7,3,4,2,1,1,15,8,7
TAYLOR COUNTY,441,93 Years,123,37,86,101,29,72,6,2,4,4,1,3,2,1,1,10,4,6
TAYLOR COUNTY,441,94 Years,98,30,68,85,26,59,5,2,3,1,0,1,0,0,0,7,2,5
TAYLOR COUNTY,441,95 Years +,240,66,174,210,53,157,11,5,6,4,2,2,1,0,1,14,6,8
TERRELL COUNTY,443,All Ages,794,388,406,397,198,199,5,3,2,1,1,0,11,3,8,380,183,197
TERRELL COUNTY,443,< 1 Year,3,1,2,1,0,1,0,0,0,0,0,0,0,0,0,2,1,1
TERRELL COUNTY,443,1 Years,7,4,3,4,3,1,0,0,0,0,0,0,0,0,0,3,1,2
TERRELL COUNTY,443,2 Years,7,5,2,5,4,1,0,0,0,0,0,0,0,0,0,2,1,1
TERRELL COUNTY,443,3 Years,9,5,4,5,3,2,0,0,0,0,0,0,0,0,0,4,2,2
TERRELL COUNTY,443,4 Years,10,5,5,6,2,4,0,0,0,0,0,0,0,0,0,4,3,1
TERRELL COUNTY,443,5 Years,9,4,5,4,1,3,0,0,0,0,0,0,0,0,0,5,3,2
TERRELL COUNTY,443,6 Years,10,4,6,5,2,3,0,0,0,0,0,0,0,0,0,5,2,3
TERRELL COUNTY,443,7 Years,9,2,7,5,1,4,0,0,0,0,0,0,0,0,0,4,1,3
TERRELL COUNTY,443,8 Years,11,6,5,5,3,2,0,0,0,0,0,0,1,0,1,5,3,2
TERRELL COUNTY,443,9 Years,11,4,7,4,1,3,0,0,0,0,0,0,1,0,1,6,3,3
TERRELL COUNTY,443,10 Years,8,5,3,2,0,2,0,0,0,0,0,0,0,0,0,6,5,1
TERRELL COUNTY,443,11 Years,9,3,6,4,2,2,0,0,0,0,0,0,1,0,1,4,1,3
TERRELL COUNTY,443,12 Years,12,7,5,5,3,2,0,0,0,0,0,0,0,0,0,7,4,3
TERRELL COUNTY,443,13 Years,9,5,4,3,2,1,0,0,0,0,0,0,0,0,0,6,3,3
TERRELL COUNTY,443,14 Years,9,4,5,3,2,1,0,0,0,0,0,0,0,0,0,6,2,4
TERRELL COUNTY,443,15 Years,9,5,4,5,2,3,0,0,0,0,0,0,0,0,0,4,3,1
TERRELL COUNTY,443,16 Years,7,3,4,4,1,3,0,0,0,0,0,0,0,0,0,3,2,1
TERRELL COUNTY,443,17 Years,8,4,4,4,2,2,0,0,0,0,0,0,0,0,0,4,2,2
TERRELL COUNTY,443,18 Years,8,3,5,3,1,2,0,0,0,0,0,0,0,0,0,5,2,3
TERRELL COUNTY,443,19 Years,8,6,2,3,2,1,0,0,0,0,0,0,0,0,0,5,4,1
TERRELL COUNTY,443,20 Years,6,3,3,3,2,1,0,0,0,0,0,0,0,0,0,3,1,2
TERRELL COUNTY,443,21 Years,7,2,5,3,1,2,0,0,0,0,0,0,0,0,0,4,1,3
TERRELL COUNTY,443,22 Years,9,4,5,4,2,2,0,0,0,0,0,0,0,0,0,5,2,3
TERRELL COUNTY,443,23 Years,6,4,2,3,2,1,0,0,0,0,0,0,0,0,0,3,2,1
TERRELL COUNTY,443,24 Years,5,4,1,2,2,0,0,0,0,0,0,0,0,0,0,3,2,1
TERRELL COUNTY,443,25 Years,10,7,3,3,3,0,0,0,0,1,1,0,1,1,0,5,2,3
TERRELL COUNTY,443,26 Years,12,5,7,5,2,3,0,0,0,0,0,0,0,0,0,7,3,4
TERRELL COUNTY,443,27 Years,8,3,5,3,1,2,0,0,0,0,0,0,0,0,0,5,2,3
TERRELL COUNTY,443,28 Years,8,3,5,4,1,3,0,0,0,0,0,0,0,0,0,4,2,2
TERRELL COUNTY,443,29 Years,7,3,4,4,2,2,0,0,0,0,0,0,0,0,0,3,1,2
TERRELL COUNTY,443,30 Years,5,2,3,1,1,0,0,0,0,0,0,0,0,0,0,4,1,3
TERRELL COUNTY,443,31 Years,3,2,1,1,1,0,0,0,0,0,0,0,0,0,0,2,1,1
TERRELL COUNTY,443,32 Years,4,3,1,3,2,1,0,0,0,0,0,0,0,0,0,1,1,0
TERRELL COUNTY,443,33 Years,7,5,2,1,1,0,0,0,0,0,0,0,0,0,0,6,4,2
TERRELL COUNTY,443,34 Years,7,5,2,3,2,1,0,0,0,0,0,0,0,0,0,4,3,1
TERRELL COUNTY,443,35 Years,12,3,9,3,1,2,0,0,0,0,0,0,0,0,0,9,2,7
TERRELL COUNTY,443,36 Years,8,4,4,4,3,1,0,0,0,0,0,0,0,0,0,4,1,3
TERRELL COUNTY,443,37 Years,8,4,4,5,2,3,0,0,0,0,0,0,0,0,0,3,2,1
TERRELL COUNTY,443,38 Years,12,2,10,4,1,3,0,0,0,0,0,0,0,0,0,8,1,7
TERRELL COUNTY,443,39 Years,8,3,5,3,1,2,0,0,0,0,0,0,0,0,0,5,2,3
TERRELL COUNTY,443,40 Years,8,4,4,6,3,3,0,0,0,0,0,0,0,0,0,2,1,1
TERRELL COUNTY,443,41 Years,10,5,5,7,3,4,0,0,0,0,0,0,1,1,0,2,1,1
TERRELL COUNTY,443,42 Years,6,3,3,3,1,2,0,0,0,0,0,0,0,0,0,3,2,1
TERRELL COUNTY,443,43 Years,5,2,3,2,1,1,0,0,0,0,0,0,0,0,0,3,1,2
TERRELL COUNTY,443,44 Years,10,6,4,7,4,3,0,0,0,0,0,0,0,0,0,3,2,1
TERRELL COUNTY,443,45 Years,8,3,5,4,1,3,0,0,0,0,0,0,0,0,0,4,2,2
TERRELL COUNTY,443,46 Years,7,5,2,4,3,1,0,0,0,0,0,0,0,0,0,3,2,1
TERRELL COUNTY,443,47 Years,9,4,5,4,2,2,1,0,1,0,0,0,0,0,0,4,2,2
TERRELL COUNTY,443,48 Years,9,4,5,2,1,1,1,0,1,0,0,0,0,0,0,6,3,3
TERRELL COUNTY,443,49 Years,11,6,5,5,2,3,0,0,0,0,0,0,0,0,0,6,4,2
TERRELL COUNTY,443,50 Years,9,5,4,6,4,2,0,0,0,0,0,0,0,0,0,3,1,2
TERRELL COUNTY,443,51 Years,10,6,4,6,4,2,0,0,0,0,0,0,0,0,0,4,2,2
TERRELL COUNTY,443,52 Years,10,4,6,4,1,3,0,0,0,0,0,0,0,0,0,6,3,3
TERRELL COUNTY,443,53 Years,8,2,6,3,1,2,0,0,0,0,0,0,0,0,0,5,1,4
TERRELL COUNTY,443,54 Years,9,5,4,4,2,2,2,2,0,0,0,0,0,0,0,3,1,2
TERRELL COUNTY,443,55 Years,10,8,2,5,3,2,1,1,0,0,0,0,0,0,0,4,4,0
TERRELL COUNTY,443,56 Years,9,4,5,5,2,3,0,0,0,0,0,0,0,0,0,4,2,2
TERRELL COUNTY,443,57 Years,8,4,4,4,3,1,0,0,0,0,0,0,0,0,0,4,1,3
TERRELL COUNTY,443,58 Years,6,3,3,3,2,1,0,0,0,0,0,0,0,0,0,3,1,2
TERRELL COUNTY,443,59 Years,10,5,5,4,1,3,0,0,0,0,0,0,1,1,0,5,3,2
TERRELL COUNTY,443,60 Years,8,3,5,5,2,3,0,0,0,0,0,0,0,0,0,3,1,2
TERRELL COUNTY,443,61 Years,10,6,4,6,4,2,0,0,0,0,0,0,0,0,0,4,2,2
TERRELL COUNTY,443,62 Years,10,4,6,4,2,2,0,0,0,0,0,0,0,0,0,6,2,4
TERRELL COUNTY,443,63 Years,15,7,8,7,3,4,0,0,0,0,0,0,0,0,0,8,4,4
TERRELL COUNTY,443,64 Years,9,5,4,5,4,1,0,0,0,0,0,0,1,0,1,3,1,2
TERRELL COUNTY,443,65 Years,9,5,4,6,3,3,0,0,0,0,0,0,1,0,1,2,2,0
TERRELL COUNTY,443,66 Years,11,7,4,7,4,3,0,0,0,0,0,0,0,0,0,4,3,1
TERRELL COUNTY,443,67 Years,11,3,8,5,1,4,0,0,0,0,0,0,0,0,0,6,2,4
TERRELL COUNTY,443,68 Years,9,4,5,7,3,4,0,0,0,0,0,0,0,0,0,2,1,1
TERRELL COUNTY,443,69 Years,14,6,8,10,5,5,0,0,0,0,0,0,1,0,1,3,1,2
TERRELL COUNTY,443,70 Years,13,5,8,8,3,5,0,0,0,0,0,0,0,0,0,5,2,3
TERRELL COUNTY,443,71 Years,14,7,7,8,4,4,0,0,0,0,0,0,0,0,0,6,3,3
TERRELL COUNTY,443,72 Years,12,7,5,6,4,2,0,0,0,0,0,0,0,0,0,6,3,3
TERRELL COUNTY,443,73 Years,12,5,7,6,2,4,0,0,0,0,0,0,0,0,0,6,3,3
TERRELL COUNTY,443,74 Years,8,4,4,6,3,3,0,0,0,0,0,0,0,0,0,2,1,1
TERRELL COUNTY,443,75 Years,7,3,4,4,1,3,0,0,0,0,0,0,0,0,0,3,2,1
TERRELL COUNTY,443,76 Years,9,4,5,5,2,3,0,0,0,0,0,0,0,0,0,4,2,2
TERRELL COUNTY,443,77 Years,7,4,3,5,3,2,0,0,0,0,0,0,0,0,0,2,1,1
TERRELL COUNTY,443,78 Years,8,5,3,5,3,2,0,0,0,0,0,0,0,0,0,3,2,1
TERRELL COUNTY,443,79 Years,10,4,6,5,2,3,0,0,0,0,0,0,0,0,0,5,2,3
TERRELL COUNTY,443,80 Years,10,6,4,5,3,2,0,0,0,0,0,0,0,0,0,5,3,2
TERRELL COUNTY,443,81 Years,7,3,4,3,1,2,0,0,0,0,0,0,0,0,0,4,2,2
TERRELL COUNTY,443,82 Years,7,4,3,4,3,1,0,0,0,0,0,0,0,0,0,3,1,2
TERRELL COUNTY,443,83 Years,8,5,3,4,3,1,0,0,0,0,0,0,0,0,0,4,2,2
TERRELL COUNTY,443,84 Years,5,2,3,3,1,2,0,0,0,0,0,0,0,0,0,2,1,1
TERRELL COUNTY,443,85 Years,5,3,2,3,1,2,0,0,0,0,0,0,0,0,0,2,2,0
TERRELL COUNTY,443,86 Years,6,4,2,2,1,1,0,0,0,0,0,0,0,0,0,4,3,1
TERRELL COUNTY,443,87 Years,5,3,2,4,3,1,0,0,0,0,0,0,0,0,0,1,0,1
TERRELL COUNTY,443,88 Years,5,2,3,2,1,1,0,0,0,0,0,0,0,0,0,3,1,2
TERRELL COUNTY,443,89 Years,6,2,4,3,1,2,0,0,0,0,0,0,0,0,0,3,1,2
TERRELL COUNTY,443,90 Years,5,2,3,3,2,1,0,0,0,0,0,0,0,0,0,2,0,2
TERRELL COUNTY,443,91 Years,3,1,2,1,0,1,0,0,0,0,0,0,0,0,0,2,1,1
TERRELL COUNTY,443,92 Years,5,3,2,2,2,0,0,0,0,0,0,0,1,0,1,2,1,1
TERRELL COUNTY,443,93 Years,4,1,3,2,1,1,0,0,0,0,0,0,1,0,1,1,0,1
TERRELL COUNTY,443,94 Years,3,1,2,2,1,1,0,0,0,0,0,0,0,0,0,1,0,1
TERRELL COUNTY,443,95 Years +,7,4,3,4,2,2,0,0,0,0,0,0,0,0,0,3,2,1
TERRY COUNTY,445,All Ages,12544,6739,5805,4892,2663,2229,575,381,194,23,6,17,114,62,52,6940,3627,3313
TERRY COUNTY,445,< 1 Year,178,85,93,70,36,34,2,1,1,0,0,0,2,1,1,104,47,57
TERRY COUNTY,445,1 Years,180,91,89,66,34,32,4,2,2,1,0,1,2,1,1,107,54,53
TERRY COUNTY,445,2 Years,177,89,88,63,33,30,3,1,2,0,0,0,2,1,1,109,54,55
TERRY COUNTY,445,3 Years,180,95,85,61,32,29,3,1,2,0,0,0,1,0,1,115,62,53
TERRY COUNTY,445,4 Years,186,97,89,63,33,30,2,1,1,0,0,0,1,0,1,120,63,57
TERRY COUNTY,445,5 Years,191,105,86,63,36,27,2,1,1,0,0,0,1,0,1,125,68,57
TERRY COUNTY,445,6 Years,193,106,87,65,38,27,1,0,1,1,0,1,2,1,1,124,67,57
TERRY COUNTY,445,7 Years,190,99,91,60,34,26,1,0,1,0,0,0,2,1,1,127,64,63
TERRY COUNTY,445,8 Years,181,91,90,57,30,27,2,1,1,0,0,0,2,1,1,120,59,61
TERRY COUNTY,445,9 Years,187,99,88,54,32,22,3,1,2,0,0,0,1,1,0,129,65,64
TERRY COUNTY,445,10 Years,204,107,97,54,32,22,6,1,5,0,0,0,4,3,1,140,71,69
TERRY COUNTY,445,11 Years,193,91,102,55,30,25,5,2,3,0,0,0,4,2,2,129,57,72
TERRY COUNTY,445,12 Years,192,93,99,57,33,24,4,2,2,0,0,0,2,1,1,129,57,72
TERRY COUNTY,445,13 Years,188,105,83,53,31,22,5,4,1,0,0,0,2,2,0,128,68,60
TERRY COUNTY,445,14 Years,178,97,81,56,32,24,7,3,4,0,0,0,2,2,0,113,60,53
TERRY COUNTY,445,15 Years,182,83,99,47,25,22,6,1,5,0,0,0,2,2,0,127,55,72
TERRY COUNTY,445,16 Years,175,77,98,51,26,25,7,2,5,0,0,0,3,1,2,114,48,66
TERRY COUNTY,445,17 Years,164,81,83,54,32,22,7,2,5,0,0,0,3,2,1,100,45,55
TERRY COUNTY,445,18 Years,165,88,77,55,33,22,3,1,2,0,0,0,3,2,1,104,52,52
TERRY COUNTY,445,19 Years,163,89,74,56,35,21,8,4,4,1,0,1,2,2,0,96,48,48
TERRY COUNTY,445,20 Years,180,112,68,55,36,19,12,10,2,0,0,0,6,5,1,107,61,46
TERRY COUNTY,445,21 Years,172,107,65,59,40,19,7,6,1,0,0,0,3,2,1,103,59,44
TERRY COUNTY,445,22 Years,168,103,65,58,40,18,9,6,3,0,0,0,1,0,1,100,57,43
TERRY COUNTY,445,23 Years,174,111,63,59,39,20,10,9,1,0,0,0,3,2,1,102,61,41
TERRY COUNTY,445,24 Years,171,109,62,59,39,20,12,8,4,0,0,0,2,2,0,98,60,38
TERRY COUNTY,445,25 Years,184,116,68,58,37,21,13,10,3,0,0,0,2,1,1,111,68,43
TERRY COUNTY,445,26 Years,183,117,66,63,42,21,15,7,8,0,0,0,4,3,1,101,65,36
TERRY COUNTY,445,27 Years,185,104,81,55,33,22,14,9,5,0,0,0,2,1,1,114,61,53
TERRY COUNTY,445,28 Years,206,122,84,68,39,29,15,10,5,1,1,0,3,1,2,119,71,48
TERRY COUNTY,445,29 Years,215,129,86,68,40,28,21,16,5,0,0,0,4,2,2,122,71,51
TERRY COUNTY,445,30 Years,205,116,89,68,38,30,17,13,4,0,0,0,0,0,0,120,65,55
TERRY COUNTY,445,31 Years,195,119,76,64,37,27,13,13,0,0,0,0,3,1,2,115,68,47
TERRY COUNTY,445,32 Years,202,125,77,61,37,24,20,15,5,0,0,0,1,0,1,120,73,47
TERRY COUNTY,445,33 Years,200,120,80,56,33,23,20,16,4,3,1,2,2,1,1,119,69,50
TERRY COUNTY,445,34 Years,187,108,79,60,36,24,17,15,2,2,1,1,1,0,1,107,56,51
TERRY COUNTY,445,35 Years,162,96,66,59,36,23,9,9,0,0,0,0,1,1,0,93,50,43
TERRY COUNTY,445,36 Years,155,85,70,47,24,23,13,11,2,1,0,1,2,1,1,92,49,43
TERRY COUNTY,445,37 Years,182,101,81,57,33,24,18,11,7,0,0,0,1,1,0,106,56,50
TERRY COUNTY,445,38 Years,165,102,63,60,37,23,10,8,2,0,0,0,0,0,0,95,57,38
TERRY COUNTY,445,39 Years,159,93,66,57,34,23,9,7,2,0,0,0,1,0,1,92,52,40
TERRY COUNTY,445,40 Years,166,95,71,58,37,21,5,3,2,0,0,0,2,2,0,101,53,48
TERRY COUNTY,445,41 Years,142,86,56,57,36,21,5,5,0,0,0,0,0,0,0,80,45,35
TERRY COUNTY,445,42 Years,123,69,54,49,28,21,8,5,3,0,0,0,0,0,0,66,36,30
TERRY COUNTY,445,43 Years,114,67,47,52,30,22,6,5,1,0,0,0,0,0,0,56,32,24
TERRY COUNTY,445,44 Years,110,63,47,49,28,21,5,5,0,0,0,0,2,1,1,54,29,25
TERRY COUNTY,445,45 Years,113,60,53,42,21,21,7,7,0,0,0,0,2,0,2,62,32,30
TERRY COUNTY,445,46 Years,129,79,50,46,29,17,7,5,2,0,0,0,2,1,1,74,44,30
TERRY COUNTY,445,47 Years,116,72,44,53,33,20,6,6,0,0,0,0,0,0,0,57,33,24
TERRY COUNTY,445,48 Years,123,68,55,52,31,21,6,5,1,0,0,0,0,0,0,65,32,33
TERRY COUNTY,445,49 Years,136,77,59,52,33,19,6,5,1,1,0,1,0,0,0,77,39,38
TERRY COUNTY,445,50 Years,121,64,57,46,26,20,6,5,1,1,1,0,1,1,0,67,31,36
TERRY COUNTY,445,51 Years,123,65,58,48,28,20,4,4,0,0,0,0,0,0,0,71,33,38
TERRY COUNTY,445,52 Years,130,65,65,52,29,23,5,4,1,1,0,1,1,0,1,71,32,39
TERRY COUNTY,445,53 Years,117,59,58,45,22,23,5,4,1,1,0,1,0,0,0,66,33,33
TERRY COUNTY,445,54 Years,142,78,64,46,24,22,7,5,2,0,0,0,1,1,0,88,48,40
TERRY COUNTY,445,55 Years,146,76,70,50,25,25,4,2,2,1,0,1,0,0,0,91,49,42
TERRY COUNTY,445,56 Years,152,76,76,65,31,34,8,4,4,0,0,0,2,1,1,77,40,37
TERRY COUNTY,445,57 Years,146,74,72,71,34,37,6,3,3,0,0,0,1,0,1,68,37,31
TERRY COUNTY,445,58 Years,133,81,52,59,37,22,4,3,1,0,0,0,0,0,0,70,41,29
TERRY COUNTY,445,59 Years,142,75,67,64,32,32,7,6,1,0,0,0,0,0,0,71,37,34
TERRY COUNTY,445,60 Years,145,63,82,68,32,36,6,3,3,1,0,1,0,0,0,70,28,42
TERRY COUNTY,445,61 Years,147,73,74,74,39,35,7,2,5,1,0,1,0,0,0,65,32,33
TERRY COUNTY,445,62 Years,131,61,70,58,26,32,5,2,3,0,0,0,1,0,1,67,33,34
TERRY COUNTY,445,63 Years,120,58,62,57,27,30,4,3,1,1,1,0,0,0,0,58,27,31
TERRY COUNTY,445,64 Years,138,68,70,80,42,38,3,1,2,0,0,0,0,0,0,55,25,30
TERRY COUNTY,445,65 Years,111,52,59,61,29,32,4,3,1,1,0,1,2,0,2,43,20,23
TERRY COUNTY,445,66 Years,101,46,55,57,25,32,4,2,2,1,0,1,0,0,0,39,19,20
TERRY COUNTY,445,67 Years,111,53,58,60,32,28,3,0,3,1,0,1,1,0,1,46,21,25
TERRY COUNTY,445,68 Years,119,58,61,64,32,32,5,4,1,0,0,0,0,0,0,50,22,28
TERRY COUNTY,445,69 Years,103,52,51,59,27,32,3,2,1,0,0,0,0,0,0,41,23,18
TERRY COUNTY,445,70 Years,98,55,43,46,24,22,5,4,1,0,0,0,0,0,0,47,27,20
TERRY COUNTY,445,71 Years,100,47,53,59,29,30,4,1,3,0,0,0,1,0,1,36,17,19
TERRY COUNTY,445,72 Years,92,40,52,50,24,26,4,3,1,0,0,0,1,0,1,37,13,24
TERRY COUNTY,445,73 Years,83,41,42,42,22,20,3,2,1,0,0,0,1,1,0,37,16,21
TERRY COUNTY,445,74 Years,88,45,43,43,19,24,3,2,1,0,0,0,2,2,0,40,22,18
TERRY COUNTY,445,75 Years,95,46,49,55,25,30,5,3,2,0,0,0,1,1,0,34,17,17
TERRY COUNTY,445,76 Years,77,38,39,46,20,26,5,3,2,0,0,0,0,0,0,26,15,11
TERRY COUNTY,445,77 Years,81,39,42,50,23,27,5,1,4,0,0,0,1,1,0,25,14,11
TERRY COUNTY,445,78 Years,79,36,43,49,22,27,3,1,2,0,0,0,1,0,1,26,13,13
TERRY COUNTY,445,79 Years,62,26,36,40,19,21,2,1,1,0,0,0,1,0,1,19,6,13
TERRY COUNTY,445,80 Years,55,26,29,37,20,17,0,0,0,0,0,0,0,0,0,18,6,12
TERRY COUNTY,445,81 Years,58,27,31,40,19,21,2,2,0,0,0,0,0,0,0,16,6,10
TERRY COUNTY,445,82 Years,52,21,31,33,13,20,2,0,2,1,1,0,0,0,0,16,7,9
TERRY COUNTY,445,83 Years,52,22,30,35,14,21,1,0,1,0,0,0,0,0,0,16,8,8
TERRY COUNTY,445,84 Years,50,19,31,36,14,22,0,0,0,0,0,0,1,0,1,13,5,8
TERRY COUNTY,445,85 Years,40,16,24,28,11,17,2,1,1,0,0,0,1,0,1,9,4,5
TERRY COUNTY,445,86 Years,33,15,18,22,10,12,1,0,1,0,0,0,0,0,0,10,5,5
TERRY COUNTY,445,87 Years,30,14,16,22,10,12,0,0,0,0,0,0,0,0,0,8,4,4
TERRY COUNTY,445,88 Years,29,13,16,21,9,12,1,0,1,0,0,0,0,0,0,7,4,3
TERRY COUNTY,445,89 Years,27,12,15,17,7,10,2,1,1,0,0,0,0,0,0,8,4,4
TERRY COUNTY,445,90 Years,24,11,13,17,7,10,1,1,0,0,0,0,0,0,0,6,3,3
TERRY COUNTY,445,91 Years,21,9,12,13,5,8,2,1,1,0,0,0,0,0,0,6,3,3
TERRY COUNTY,445,92 Years,20,8,12,12,5,7,3,1,2,0,0,0,0,0,0,5,2,3
TERRY COUNTY,445,93 Years,16,6,10,12,4,8,0,0,0,0,0,0,0,0,0,4,2,2
TERRY COUNTY,445,94 Years,8,3,5,6,1,5,0,0,0,0,0,0,0,0,0,2,2,0
TERRY COUNTY,445,95 Years +,27,8,19,16,5,11,3,0,3,1,0,1,0,0,0,7,3,4
THROCKMORTON COUNTY,447,All Ages,1448,720,728,1225,616,609,6,4,2,7,3,4,18,8,10,192,89,103
THROCKMORTON COUNTY,447,< 1 Year,17,11,6,11,6,5,0,0,0,0,0,0,0,0,0,6,5,1
THROCKMORTON COUNTY,447,1 Years,14,6,8,9,3,6,0,0,0,0,0,0,0,0,0,5,3,2
THROCKMORTON COUNTY,447,2 Years,16,10,6,11,6,5,0,0,0,0,0,0,0,0,0,5,4,1
THROCKMORTON COUNTY,447,3 Years,16,8,8,10,5,5,0,0,0,0,0,0,0,0,0,6,3,3
THROCKMORTON COUNTY,447,4 Years,15,8,7,11,6,5,0,0,0,0,0,0,0,0,0,4,2,2
THROCKMORTON COUNTY,447,5 Years,15,8,7,8,4,4,0,0,0,0,0,0,0,0,0,7,4,3
THROCKMORTON COUNTY,447,6 Years,18,7,11,13,5,8,0,0,0,0,0,0,0,0,0,5,2,3
THROCKMORTON COUNTY,447,7 Years,17,8,9,12,6,6,0,0,0,0,0,0,0,0,0,5,2,3
THROCKMORTON COUNTY,447,8 Years,15,8,7,15,8,7,0,0,0,0,0,0,0,0,0,0,0,0
THROCKMORTON COUNTY,447,9 Years,16,11,5,13,9,4,0,0,0,0,0,0,0,0,0,3,2,1
THROCKMORTON COUNTY,447,10 Years,17,7,10,13,5,8,1,0,1,0,0,0,0,0,0,3,2,1
THROCKMORTON COUNTY,447,11 Years,18,8,10,13,6,7,1,0,1,0,0,0,0,0,0,4,2,2
THROCKMORTON COUNTY,447,12 Years,21,11,10,17,9,8,0,0,0,0,0,0,0,0,0,4,2,2
THROCKMORTON COUNTY,447,13 Years,17,10,7,15,9,6,0,0,0,0,0,0,0,0,0,2,1,1
THROCKMORTON COUNTY,447,14 Years,18,8,10,14,8,6,0,0,0,0,0,0,0,0,0,4,0,4
THROCKMORTON COUNTY,447,15 Years,11,6,5,9,6,3,0,0,0,0,0,0,0,0,0,2,0,2
THROCKMORTON COUNTY,447,16 Years,18,10,8,13,8,5,0,0,0,1,0,1,1,0,1,3,2,1
THROCKMORTON COUNTY,447,17 Years,13,6,7,10,5,5,0,0,0,0,0,0,1,0,1,2,1,1
THROCKMORTON COUNTY,447,18 Years,13,5,8,9,5,4,0,0,0,0,0,0,0,0,0,4,0,4
THROCKMORTON COUNTY,447,19 Years,15,7,8,10,7,3,0,0,0,1,0,1,0,0,0,4,0,4
THROCKMORTON COUNTY,447,20 Years,16,10,6,11,8,3,0,0,0,0,0,0,0,0,0,5,2,3
THROCKMORTON COUNTY,447,21 Years,10,5,5,8,5,3,0,0,0,0,0,0,0,0,0,2,0,2
THROCKMORTON COUNTY,447,22 Years,14,8,6,10,7,3,0,0,0,0,0,0,1,0,1,3,1,2
THROCKMORTON COUNTY,447,23 Years,15,13,2,10,8,2,0,0,0,1,1,0,0,0,0,4,4,0
THROCKMORTON COUNTY,447,24 Years,16,11,5,13,9,4,0,0,0,1,1,0,0,0,0,2,1,1
THROCKMORTON COUNTY,447,25 Years,15,10,5,13,8,5,0,0,0,1,1,0,0,0,0,1,1,0
THROCKMORTON COUNTY,447,26 Years,22,9,13,18,7,11,1,1,0,0,0,0,0,0,0,3,1,2
THROCKMORTON COUNTY,447,27 Years,18,10,8,15,8,7,0,0,0,0,0,0,0,0,0,3,2,1
THROCKMORTON COUNTY,447,28 Years,13,9,4,11,8,3,0,0,0,0,0,0,0,0,0,2,1,1
THROCKMORTON COUNTY,447,29 Years,11,7,4,10,6,4,0,0,0,0,0,0,0,0,0,1,1,0
THROCKMORTON COUNTY,447,30 Years,12,6,6,10,6,4,0,0,0,0,0,0,0,0,0,2,0,2
THROCKMORTON COUNTY,447,31 Years,15,6,9,13,6,7,0,0,0,0,0,0,0,0,0,2,0,2
THROCKMORTON COUNTY,447,32 Years,15,8,7,14,8,6,0,0,0,0,0,0,0,0,0,1,0,1
THROCKMORTON COUNTY,447,33 Years,10,6,4,10,6,4,0,0,0,0,0,0,0,0,0,0,0,0
THROCKMORTON COUNTY,447,34 Years,7,5,2,7,5,2,0,0,0,0,0,0,0,0,0,0,0,0
THROCKMORTON COUNTY,447,35 Years,14,7,7,13,7,6,0,0,0,0,0,0,0,0,0,1,0,1
THROCKMORTON COUNTY,447,36 Years,19,8,11,15,5,10,0,0,0,0,0,0,0,0,0,4,3,1
THROCKMORTON COUNTY,447,37 Years,20,8,12,17,7,10,0,0,0,0,0,0,0,0,0,3,1,2
THROCKMORTON COUNTY,447,38 Years,11,7,4,11,7,4,0,0,0,0,0,0,0,0,0,0,0,0
THROCKMORTON COUNTY,447,39 Years,15,6,9,11,4,7,0,0,0,1,0,1,0,0,0,3,2,1
THROCKMORTON COUNTY,447,40 Years,9,5,4,8,4,4,0,0,0,0,0,0,0,0,0,1,1,0
THROCKMORTON COUNTY,447,41 Years,15,6,9,12,5,7,0,0,0,0,0,0,0,0,0,3,1,2
THROCKMORTON COUNTY,447,42 Years,15,9,6,10,6,4,1,1,0,0,0,0,0,0,0,4,2,2
THROCKMORTON COUNTY,447,43 Years,14,7,7,11,5,6,1,1,0,0,0,0,0,0,0,2,1,1
THROCKMORTON COUNTY,447,44 Years,10,5,5,8,4,4,0,0,0,0,0,0,0,0,0,2,1,1
THROCKMORTON COUNTY,447,45 Years,15,6,9,14,5,9,0,0,0,0,0,0,0,0,0,1,1,0
THROCKMORTON COUNTY,447,46 Years,16,5,11,12,4,8,0,0,0,0,0,0,0,0,0,4,1,3
THROCKMORTON COUNTY,447,47 Years,15,7,8,11,5,6,0,0,0,0,0,0,1,0,1,3,2,1
THROCKMORTON COUNTY,447,48 Years,13,6,7,12,5,7,0,0,0,0,0,0,0,0,0,1,1,0
THROCKMORTON COUNTY,447,49 Years,13,6,7,11,5,6,0,0,0,0,0,0,0,0,0,2,1,1
THROCKMORTON COUNTY,447,50 Years,14,5,9,12,4,8,0,0,0,0,0,0,0,0,0,2,1,1
THROCKMORTON COUNTY,447,51 Years,15,8,7,13,7,6,0,0,0,0,0,0,0,0,0,2,1,1
THROCKMORTON COUNTY,447,52 Years,16,8,8,15,7,8,0,0,0,0,0,0,0,0,0,1,1,0
THROCKMORTON COUNTY,447,53 Years,12,6,6,11,6,5,0,0,0,0,0,0,0,0,0,1,0,1
THROCKMORTON COUNTY,447,54 Years,23,8,15,21,8,13,0,0,0,0,0,0,0,0,0,2,0,2
THROCKMORTON COUNTY,447,55 Years,24,10,14,21,9,12,0,0,0,0,0,0,0,0,0,3,1,2
THROCKMORTON COUNTY,447,56 Years,26,12,14,24,11,13,0,0,0,0,0,0,0,0,0,2,1,1
THROCKMORTON COUNTY,447,57 Years,27,14,13,23,12,11,0,0,0,0,0,0,1,0,1,3,2,1
THROCKMORTON COUNTY,447,58 Years,22,13,9,20,12,8,0,0,0,0,0,0,1,0,1,1,1,0
THROCKMORTON COUNTY,447,59 Years,19,9,10,18,9,9,0,0,0,0,0,0,0,0,0,1,0,1
THROCKMORTON COUNTY,447,60 Years,24,12,12,22,12,10,0,0,0,0,0,0,0,0,0,2,0,2
THROCKMORTON COUNTY,447,61 Years,26,12,14,23,11,12,0,0,0,0,0,0,0,0,0,3,1,2
THROCKMORTON COUNTY,447,62 Years,22,10,12,20,9,11,0,0,0,0,0,0,0,0,0,2,1,1
THROCKMORTON COUNTY,447,63 Years,15,7,8,14,6,8,0,0,0,0,0,0,1,1,0,0,0,0
THROCKMORTON COUNTY,447,64 Years,20,9,11,18,9,9,0,0,0,1,0,1,0,0,0,1,0,1
THROCKMORTON COUNTY,447,65 Years,24,12,12,23,11,12,0,0,0,0,0,0,1,1,0,0,0,0
THROCKMORTON COUNTY,447,66 Years,15,8,7,15,8,7,0,0,0,0,0,0,0,0,0,0,0,0
THROCKMORTON COUNTY,447,67 Years,19,12,7,17,11,6,0,0,0,0,0,0,0,0,0,2,1,1
THROCKMORTON COUNTY,447,68 Years,18,9,9,16,7,9,0,0,0,0,0,0,0,0,0,2,2,0
THROCKMORTON COUNTY,447,69 Years,23,9,14,22,8,14,0,0,0,0,0,0,0,0,0,1,1,0
THROCKMORTON COUNTY,447,70 Years,21,8,13,20,8,12,0,0,0,0,0,0,0,0,0,1,0,1
THROCKMORTON COUNTY,447,71 Years,22,11,11,21,10,11,0,0,0,0,0,0,0,0,0,1,1,0
THROCKMORTON COUNTY,447,72 Years,23,13,10,21,13,8,0,0,0,0,0,0,0,0,0,2,0,2
THROCKMORTON COUNTY,447,73 Years,15,8,7,15,8,7,0,0,0,0,0,0,0,0,0,0,0,0
THROCKMORTON COUNTY,447,74 Years,17,5,12,14,5,9,0,0,0,0,0,0,2,0,2,1,0,1
THROCKMORTON COUNTY,447,75 Years,23,11,12,21,10,11,0,0,0,0,0,0,1,0,1,1,1,0
THROCKMORTON COUNTY,447,76 Years,15,8,7,15,8,7,0,0,0,0,0,0,0,0,0,0,0,0
THROCKMORTON COUNTY,447,77 Years,15,8,7,15,8,7,0,0,0,0,0,0,0,0,0,0,0,0
THROCKMORTON COUNTY,447,78 Years,22,12,10,18,9,9,1,1,0,0,0,0,1,1,0,2,1,1
THROCKMORTON COUNTY,447,79 Years,19,9,10,15,8,7,0,0,0,0,0,0,1,1,0,3,0,3
THROCKMORTON COUNTY,447,80 Years,14,5,9,11,4,7,0,0,0,0,0,0,1,0,1,2,1,1
THROCKMORTON COUNTY,447,81 Years,13,7,6,12,6,6,0,0,0,0,0,0,0,0,0,1,1,0
THROCKMORTON COUNTY,447,82 Years,12,7,5,12,7,5,0,0,0,0,0,0,0,0,0,0,0,0
THROCKMORTON COUNTY,447,83 Years,9,5,4,9,5,4,0,0,0,0,0,0,0,0,0,0,0,0
THROCKMORTON COUNTY,447,84 Years,6,3,3,6,3,3,0,0,0,0,0,0,0,0,0,0,0,0
THROCKMORTON COUNTY,447,85 Years,8,3,5,6,2,4,0,0,0,0,0,0,1,1,0,1,0,1
THROCKMORTON COUNTY,447,86 Years,6,3,3,5,2,3,0,0,0,0,0,0,1,1,0,0,0,0
THROCKMORTON COUNTY,447,87 Years,5,2,3,5,2,3,0,0,0,0,0,0,0,0,0,0,0,0
THROCKMORTON COUNTY,447,88 Years,5,2,3,5,2,3,0,0,0,0,0,0,0,0,0,0,0,0
THROCKMORTON COUNTY,447,89 Years,5,2,3,4,2,2,0,0,0,0,0,0,0,0,0,1,0,1
THROCKMORTON COUNTY,447,90 Years,5,3,2,4,2,2,0,0,0,0,0,0,1,1,0,0,0,0
THROCKMORTON COUNTY,447,91 Years,4,2,2,3,1,2,0,0,0,0,0,0,1,1,0,0,0,0
THROCKMORTON COUNTY,447,92 Years,4,2,2,3,1,2,0,0,0,0,0,0,0,0,0,1,1,0
THROCKMORTON COUNTY,447,93 Years,4,1,3,3,1,2,0,0,0,0,0,0,0,0,0,1,0,1
THROCKMORTON COUNTY,447,94 Years,3,1,2,3,1,2,0,0,0,0,0,0,0,0,0,0,0,0
THROCKMORTON COUNTY,447,95 Years +,6,2,4,6,2,4,0,0,0,0,0,0,0,0,0,0,0,0
TITUS COUNTY,449,All Ages,33690,16525,17165,14847,7161,7686,3291,1556,1735,258,107,151,573,261,312,14721,7440,7281
TITUS COUNTY,449,< 1 Year,462,238,224,121,61,60,30,18,12,2,1,1,11,5,6,298,153,145
TITUS COUNTY,449,1 Years,481,246,235,129,61,68,32,17,15,2,1,1,13,6,7,305,161,144
TITUS COUNTY,449,2 Years,511,265,246,143,67,76,33,16,17,3,1,2,17,9,8,315,172,143
TITUS COUNTY,449,3 Years,532,266,266,149,73,76,38,16,22,3,1,2,20,10,10,322,166,156
TITUS COUNTY,449,4 Years,542,265,277,152,82,70,40,19,21,4,1,3,26,9,17,320,154,166
TITUS COUNTY,449,5 Years,529,265,264,148,83,65,41,20,21,3,1,2,17,6,11,320,155,165
TITUS COUNTY,449,6 Years,528,272,256,145,84,61,41,21,20,3,1,2,20,7,13,319,159,160
TITUS COUNTY,449,7 Years,500,263,237,133,74,59,39,23,16,2,1,1,16,9,7,310,156,154
TITUS COUNTY,449,8 Years,499,257,242,136,74,62,38,22,16,2,1,1,17,8,9,306,152,154
TITUS COUNTY,449,9 Years,570,295,275,152,82,70,51,36,15,2,0,2,17,9,8,348,168,180
TITUS COUNTY,449,10 Years,536,265,271,140,76,64,58,34,24,2,1,1,14,5,9,322,149,173
TITUS COUNTY,449,11 Years,572,274,298,157,80,77,58,33,25,3,0,3,14,3,11,340,158,182
TITUS COUNTY,449,12 Years,561,276,285,175,86,89,55,30,25,3,0,3,15,7,8,313,153,160
TITUS COUNTY,449,13 Years,543,267,276,161,80,81,46,28,18,2,0,2,13,7,6,321,152,169
TITUS COUNTY,449,14 Years,497,249,248,152,79,73,46,24,22,5,1,4,13,7,6,281,138,143
TITUS COUNTY,449,15 Years,515,245,270,165,76,89,49,28,21,4,1,3,11,6,5,286,134,152
TITUS COUNTY,449,16 Years,492,229,263,155,77,78,45,23,22,4,1,3,10,4,6,278,124,154
TITUS COUNTY,449,17 Years,487,249,238,159,84,75,42,21,21,3,1,2,10,5,5,273,138,135
TITUS COUNTY,449,18 Years,483,258,225,152,82,70,42,23,19,6,2,4,11,6,5,272,145,127
TITUS COUNTY,449,19 Years,421,213,208,129,68,61,31,17,14,7,3,4,10,3,7,244,122,122
TITUS COUNTY,449,20 Years,420,231,189,140,81,59,37,17,20,5,1,4,9,4,5,229,128,101
TITUS COUNTY,449,21 Years,415,218,197,133,77,56,38,18,20,2,0,2,10,4,6,232,119,113
TITUS COUNTY,449,22 Years,434,206,228,136,70,66,43,22,21,2,0,2,8,1,7,245,113,132
TITUS COUNTY,449,23 Years,462,223,239,150,79,71,59,24,35,4,2,2,8,4,4,241,114,127
TITUS COUNTY,449,24 Years,442,220,222,146,76,70,53,25,28,2,1,1,4,3,1,237,115,122
TITUS COUNTY,449,25 Years,448,211,237,139,69,70,44,20,24,4,1,3,11,5,6,250,116,134
TITUS COUNTY,449,26 Years,442,221,221,140,72,68,56,27,29,5,2,3,6,4,2,235,116,119
TITUS COUNTY,449,27 Years,420,212,208,140,68,72,60,32,28,2,1,1,3,2,1,215,109,106
TITUS COUNTY,449,28 Years,468,240,228,199,98,101,55,25,30,3,3,0,5,3,2,206,111,95
TITUS COUNTY,449,29 Years,464,222,242,204,95,109,53,25,28,3,1,2,8,2,6,196,99,97
TITUS COUNTY,449,30 Years,452,195,257,175,70,105,62,29,33,6,3,3,6,2,4,203,91,112
TITUS COUNTY,449,31 Years,412,176,236,171,71,100,48,20,28,1,0,1,6,1,5,186,84,102
TITUS COUNTY,449,32 Years,372,173,199,142,60,82,36,17,19,4,3,1,4,2,2,186,91,95
TITUS COUNTY,449,33 Years,376,179,197,164,72,92,34,17,17,2,2,0,2,2,0,174,86,88
TITUS COUNTY,449,34 Years,370,184,186,157,74,83,34,16,18,3,2,1,3,2,1,173,90,83
TITUS COUNTY,449,35 Years,353,180,173,136,68,68,40,19,21,1,1,0,4,1,3,172,91,81
TITUS COUNTY,449,36 Years,378,197,181,159,86,73,37,19,18,1,0,1,3,2,1,178,90,88
TITUS COUNTY,449,37 Years,399,210,189,177,89,88,41,23,18,2,1,1,4,1,3,175,96,79
TITUS COUNTY,449,38 Years,411,195,216,178,82,96,35,19,16,5,2,3,2,0,2,191,92,99
TITUS COUNTY,449,39 Years,409,187,222,176,73,103,34,15,19,4,1,3,9,3,6,186,95,91
TITUS COUNTY,449,40 Years,406,190,216,168,67,101,40,21,19,3,1,2,9,3,6,186,98,88
TITUS COUNTY,449,41 Years,414,208,206,155,71,84,41,20,21,4,2,2,6,4,2,208,111,97
TITUS COUNTY,449,42 Years,417,207,210,168,77,91,36,14,22,7,5,2,5,3,2,201,108,93
TITUS COUNTY,449,43 Years,393,194,199,157,82,75,37,18,19,2,2,0,5,2,3,192,90,102
TITUS COUNTY,449,44 Years,424,221,203,158,87,71,31,15,16,3,0,3,6,4,2,226,115,111
TITUS COUNTY,449,45 Years,405,203,202,152,83,69,40,22,18,3,0,3,2,2,0,208,96,112
TITUS COUNTY,449,46 Years,426,210,216,179,97,82,39,15,24,6,5,1,1,0,1,201,93,108
TITUS COUNTY,449,47 Years,405,201,204,165,83,82,30,9,21,4,3,1,1,1,0,205,105,100
TITUS COUNTY,449,48 Years,404,203,201,185,94,91,37,14,23,4,2,2,5,2,3,173,91,82
TITUS COUNTY,449,49 Years,420,217,203,174,85,89,42,18,24,5,2,3,7,4,3,192,108,84
TITUS COUNTY,449,50 Years,408,217,191,166,82,84,51,22,29,5,2,3,5,4,1,181,107,74
TITUS COUNTY,449,51 Years,381,198,183,153,79,74,47,20,27,4,1,3,4,2,2,173,96,77
TITUS COUNTY,449,52 Years,399,194,205,182,81,101,47,19,28,5,3,2,3,1,2,162,90,72
TITUS COUNTY,449,53 Years,403,200,203,194,86,108,46,20,26,3,3,0,1,1,0,159,90,69
TITUS COUNTY,449,54 Years,396,196,200,204,94,110,43,18,25,5,3,2,2,1,1,142,80,62
TITUS COUNTY,449,55 Years,424,220,204,219,114,105,48,18,30,3,1,2,3,0,3,151,87,64
TITUS COUNTY,449,56 Years,434,221,213,236,125,111,48,20,28,6,1,5,3,1,2,141,74,67
TITUS COUNTY,449,57 Years,407,201,206,230,117,113,46,19,27,5,2,3,4,1,3,122,62,60
TITUS COUNTY,449,58 Years,373,179,194,225,107,118,37,14,23,3,2,1,5,2,3,103,54,49
TITUS COUNTY,449,59 Years,396,198,198,237,119,118,48,23,25,1,1,0,6,2,4,104,53,51
TITUS COUNTY,449,60 Years,369,196,173,222,107,115,47,28,19,0,0,0,4,2,2,96,59,37
TITUS COUNTY,449,61 Years,368,189,179,230,111,119,33,17,16,4,3,1,4,3,1,97,55,42
TITUS COUNTY,449,62 Years,352,176,176,228,110,118,34,17,17,2,1,1,2,1,1,86,47,39
TITUS COUNTY,449,63 Years,347,148,199,230,93,137,40,16,24,4,2,2,3,1,2,70,36,34
TITUS COUNTY,449,64 Years,356,170,186,228,102,126,46,25,21,4,1,3,4,3,1,74,39,35
TITUS COUNTY,449,65 Years,344,176,168,229,117,112,35,16,19,1,0,1,7,3,4,72,40,32
TITUS COUNTY,449,66 Years,327,172,155,224,115,109,35,17,18,5,2,3,5,3,2,58,35,23
TITUS COUNTY,449,67 Years,327,156,171,238,114,124,29,13,16,2,1,1,7,4,3,51,24,27
TITUS COUNTY,449,68 Years,321,157,164,221,106,115,34,16,18,3,2,1,5,2,3,58,31,27
TITUS COUNTY,449,69 Years,302,136,166,232,106,126,30,12,18,0,0,0,4,1,3,36,17,19
TITUS COUNTY,449,70 Years,276,127,149,214,104,110,25,7,18,1,0,1,2,1,1,34,15,19
TITUS COUNTY,449,71 Years,295,137,158,224,104,120,25,7,18,2,0,2,2,1,1,42,25,17
TITUS COUNTY,449,72 Years,272,119,153,219,95,124,23,8,15,2,1,1,0,0,0,28,15,13
TITUS COUNTY,449,73 Years,227,101,126,172,82,90,24,7,17,3,0,3,1,1,0,27,11,16
TITUS COUNTY,449,74 Years,203,95,108,151,71,80,15,5,10,2,1,1,4,4,0,31,14,17
TITUS COUNTY,449,75 Years,222,96,126,173,76,97,19,8,11,2,1,1,3,2,1,25,9,16
TITUS COUNTY,449,76 Years,191,93,98,152,74,78,16,8,8,2,0,2,3,1,2,18,10,8
TITUS COUNTY,449,77 Years,193,87,106,146,67,79,17,7,10,6,3,3,2,0,2,22,10,12
TITUS COUNTY,449,78 Years,201,86,115,155,70,85,21,5,16,4,2,2,0,0,0,21,9,12
TITUS COUNTY,449,79 Years,162,73,89,126,59,67,16,5,11,0,0,0,1,0,1,19,9,10
TITUS COUNTY,449,80 Years,148,69,79,114,50,64,12,5,7,0,0,0,2,1,1,20,13,7
TITUS COUNTY,449,81 Years,138,60,78,109,44,65,12,5,7,0,0,0,2,1,1,15,10,5
TITUS COUNTY,449,82 Years,129,56,73,102,43,59,11,4,7,0,0,0,4,2,2,12,7,5
TITUS COUNTY,449,83 Years,113,48,65,88,37,51,12,5,7,1,0,1,2,2,0,10,4,6
TITUS COUNTY,449,84 Years,103,48,55,77,34,43,12,5,7,0,0,0,2,2,0,12,7,5
TITUS COUNTY,449,85 Years,86,35,51,70,28,42,11,4,7,0,0,0,1,1,0,4,2,2
TITUS COUNTY,449,86 Years,85,35,50,68,27,41,12,5,7,0,0,0,0,0,0,5,3,2
TITUS COUNTY,449,87 Years,79,29,50,64,22,42,7,2,5,0,0,0,0,0,0,8,5,3
TITUS COUNTY,449,88 Years,77,24,53,59,17,42,8,3,5,0,0,0,1,0,1,9,4,5
TITUS COUNTY,449,89 Years,70,28,42,54,21,33,8,4,4,0,0,0,0,0,0,8,3,5
TITUS COUNTY,449,90 Years,54,21,33,42,15,27,6,3,3,0,0,0,0,0,0,6,3,3
TITUS COUNTY,449,91 Years,50,21,29,39,15,24,7,4,3,0,0,0,0,0,0,4,2,2
TITUS COUNTY,449,92 Years,36,12,24,28,9,19,5,2,3,0,0,0,1,0,1,2,1,1
TITUS COUNTY,449,93 Years,31,9,22,25,8,17,4,1,3,0,0,0,1,0,1,1,0,1
TITUS COUNTY,449,94 Years,28,8,20,24,7,17,2,0,2,1,0,1,0,0,0,1,1,0
TITUS COUNTY,449,95 Years +,65,17,48,48,12,36,10,3,7,0,0,0,1,0,1,6,2,4
TOM GREEN COUNTY,451,All Ages,117613,59280,58333,59970,30094,29876,4434,2559,1875,1249,619,630,2470,1290,1180,49490,24718,24772
TOM GREEN COUNTY,451,< 1 Year,1431,732,699,545,274,271,36,19,17,17,10,7,54,30,24,779,399,380
TOM GREEN COUNTY,451,1 Years,1461,749,712,549,278,271,35,18,17,16,8,8,48,26,22,813,419,394
TOM GREEN COUNTY,451,2 Years,1472,764,708,556,290,266,34,18,16,16,8,8,53,31,22,813,417,396
TOM GREEN COUNTY,451,3 Years,1560,802,758,590,305,285,34,19,15,16,8,8,50,26,24,870,444,426
TOM GREEN COUNTY,451,4 Years,1604,819,785,620,313,307,38,24,14,17,9,8,51,27,24,878,446,432
TOM GREEN COUNTY,451,5 Years,1622,811,811,628,312,316,39,24,15,20,10,10,50,27,23,885,438,447
TOM GREEN COUNTY,451,6 Years,1551,777,774,614,305,309,39,23,16,16,9,7,41,24,17,841,416,425
TOM GREEN COUNTY,451,7 Years,1512,756,756,601,300,301,40,19,21,14,9,5,42,26,16,815,402,413
TOM GREEN COUNTY,451,8 Years,1515,767,748,601,303,298,41,21,20,12,6,6,44,26,18,817,411,406
TOM GREEN COUNTY,451,9 Years,1493,750,743,561,270,291,46,26,20,12,8,4,47,27,20,827,419,408
TOM GREEN COUNTY,451,10 Years,1557,776,781,598,290,308,52,29,23,11,9,2,59,34,25,837,414,423
TOM GREEN COUNTY,451,11 Years,1585,826,759,630,332,298,70,42,28,6,4,2,54,30,24,825,418,407
TOM GREEN COUNTY,451,12 Years,1592,842,750,605,317,288,67,42,25,12,6,6,51,30,21,857,447,410
TOM GREEN COUNTY,451,13 Years,1440,749,691,542,287,255,52,31,21,9,5,4,51,31,20,786,395,391
TOM GREEN COUNTY,451,14 Years,1419,755,664,556,304,252,56,32,24,8,4,4,57,38,19,742,377,365
TOM GREEN COUNTY,451,15 Years,1371,718,653,523,286,237,51,32,19,13,3,10,54,36,18,730,361,369
TOM GREEN COUNTY,451,16 Years,1293,677,616,463,251,212,59,38,21,11,3,8,32,19,13,728,366,362
TOM GREEN COUNTY,451,17 Years,1442,782,660,536,297,239,82,49,33,18,7,11,45,26,19,761,403,358
TOM GREEN COUNTY,451,18 Years,1939,962,977,817,371,446,112,65,47,18,12,6,54,30,24,938,484,454
TOM GREEN COUNTY,451,19 Years,2391,1280,1111,1093,615,478,159,98,61,20,11,9,62,25,37,1057,531,526
TOM GREEN COUNTY,451,20 Years,2074,1109,965,948,518,430,132,79,53,24,11,13,74,43,31,896,458,438
TOM GREEN COUNTY,451,21 Years,2002,1093,909,903,495,408,99,67,32,18,8,10,55,36,19,927,487,440
TOM GREEN COUNTY,451,22 Years,2026,1095,931,971,530,441,98,70,28,27,15,12,52,21,31,878,459,419
TOM GREEN COUNTY,451,23 Years,1945,1098,847,866,506,360,84,49,35,18,11,7,39,20,19,938,512,426
TOM GREEN COUNTY,451,24 Years,1891,1059,832,858,517,341,82,47,35,17,11,6,44,27,17,890,457,433
TOM GREEN COUNTY,451,25 Years,1766,975,791,738,434,304,62,36,26,19,12,7,34,16,18,913,477,436
TOM GREEN COUNTY,451,26 Years,1748,962,786,764,439,325,51,30,21,8,3,5,26,11,15,899,479,420
TOM GREEN COUNTY,451,27 Years,1841,1068,773,806,528,278,68,41,27,10,5,5,49,24,25,908,470,438
TOM GREEN COUNTY,451,28 Years,1951,1064,887,893,505,388,82,55,27,15,9,6,43,20,23,918,475,443
TOM GREEN COUNTY,451,29 Years,2088,1116,972,1050,569,481,77,43,34,17,9,8,43,24,19,901,471,430
TOM GREEN COUNTY,451,30 Years,1861,958,903,894,459,435,68,39,29,10,4,6,38,21,17,851,435,416
TOM GREEN COUNTY,451,31 Years,1627,891,736,723,412,311,67,37,30,29,18,11,31,14,17,777,410,367
TOM GREEN COUNTY,451,32 Years,1754,947,807,812,443,369,64,38,26,22,12,10,27,15,12,829,439,390
TOM GREEN COUNTY,451,33 Years,1668,873,795,749,368,381,72,42,30,13,9,4,25,15,10,809,439,370
TOM GREEN COUNTY,451,34 Years,1734,926,808,809,418,391,83,45,38,27,19,8,24,14,10,791,430,361
TOM GREEN COUNTY,451,35 Years,1790,937,853,856,424,432,72,42,30,30,20,10,29,19,10,803,432,371
TOM GREEN COUNTY,451,36 Years,1691,853,838,818,405,413,70,37,33,22,12,10,31,20,11,750,379,371
TOM GREEN COUNTY,451,37 Years,1593,819,774,785,397,388,69,43,26,28,17,11,18,9,9,693,353,340
TOM GREEN COUNTY,451,38 Years,1595,836,759,775,397,378,64,42,22,25,19,6,27,15,12,704,363,341
TOM GREEN COUNTY,451,39 Years,1520,808,712,754,403,351,68,45,23,23,20,3,24,15,9,651,325,326
TOM GREEN COUNTY,451,40 Years,1320,651,669,666,343,323,62,40,22,14,8,6,15,10,5,563,250,313
TOM GREEN COUNTY,451,41 Years,1302,650,652,661,336,325,52,38,14,32,19,13,15,10,5,542,247,295
TOM GREEN COUNTY,451,42 Years,1219,619,600,621,309,312,34,21,13,27,19,8,17,8,9,520,262,258
TOM GREEN COUNTY,451,43 Years,1164,587,577,603,299,304,35,25,10,14,11,3,17,9,8,495,243,252
TOM GREEN COUNTY,451,44 Years,1164,581,583,596,310,286,34,21,13,25,17,8,28,8,20,481,225,256
TOM GREEN COUNTY,451,45 Years,1167,557,610,577,276,301,42,26,16,17,9,8,29,11,18,502,235,267
TOM GREEN COUNTY,451,46 Years,1149,544,605,573,268,305,35,23,12,19,7,12,25,11,14,497,235,262
TOM GREEN COUNTY,451,47 Years,1220,602,618,624,318,306,34,18,16,13,4,9,24,11,13,525,251,274
TOM GREEN COUNTY,451,48 Years,1211,597,614,638,321,317,30,14,16,18,6,12,21,11,10,504,245,259
TOM GREEN COUNTY,451,49 Years,1261,614,647,688,341,347,30,17,13,13,5,8,19,8,11,511,243,268
TOM GREEN COUNTY,451,50 Years,1157,584,573,615,324,291,39,26,13,10,3,7,20,10,10,473,221,252
TOM GREEN COUNTY,451,51 Years,1178,588,590,642,341,301,35,17,18,16,6,10,14,6,8,471,218,253
TOM GREEN COUNTY,451,52 Years,1184,570,614,634,305,329,51,30,21,17,8,9,17,5,12,465,222,243
TOM GREEN COUNTY,451,53 Years,1169,550,619,639,286,353,50,31,19,11,4,7,17,9,8,452,220,232
TOM GREEN COUNTY,451,54 Years,1261,602,659,728,349,379,49,30,19,14,5,9,16,7,9,454,211,243
TOM GREEN COUNTY,451,55 Years,1291,610,681,758,352,406,46,31,15,12,3,9,19,8,11,456,216,240
TOM GREEN COUNTY,451,56 Years,1332,641,691,776,365,411,55,31,24,11,6,5,22,8,14,468,231,237
TOM GREEN COUNTY,451,57 Years,1406,685,721,799,390,409,50,21,29,10,4,6,20,8,12,527,262,265
TOM GREEN COUNTY,451,58 Years,1399,674,725,825,394,431,54,28,26,12,3,9,15,5,10,493,244,249
TOM GREEN COUNTY,451,59 Years,1369,660,709,842,390,452,55,31,24,6,2,4,19,9,10,447,228,219
TOM GREEN COUNTY,451,60 Years,1396,680,716,877,422,455,60,36,24,13,7,6,17,8,9,429,207,222
TOM GREEN COUNTY,451,61 Years,1384,641,743,869,401,468,50,30,20,17,5,12,16,6,10,432,199,233
TOM GREEN COUNTY,451,62 Years,1359,624,735,854,390,464,42,19,23,17,5,12,19,8,11,427,202,225
TOM GREEN COUNTY,451,63 Years,1292,634,658,809,402,407,62,34,28,13,3,10,14,7,7,394,188,206
TOM GREEN COUNTY,451,64 Years,1315,634,681,869,423,446,39,18,21,15,5,10,19,10,9,373,178,195
TOM GREEN COUNTY,451,65 Years,1227,581,646,819,387,432,35,18,17,13,3,10,13,7,6,347,166,181
TOM GREEN COUNTY,451,66 Years,1241,584,657,828,395,433,45,22,23,14,6,8,13,4,9,341,157,184
TOM GREEN COUNTY,451,67 Years,1188,557,631,792,378,414,43,22,21,12,3,9,17,8,9,324,146,178
TOM GREEN COUNTY,451,68 Years,1104,516,588,723,343,380,42,21,21,9,3,6,18,7,11,312,142,170
TOM GREEN COUNTY,451,69 Years,1112,526,586,743,360,383,42,23,19,17,4,13,10,3,7,300,136,164
TOM GREEN COUNTY,451,70 Years,995,473,522,674,314,360,41,22,19,13,4,9,15,7,8,252,126,126
TOM GREEN COUNTY,451,71 Years,1038,484,554,726,339,387,31,15,16,10,4,6,17,7,10,254,119,135
TOM GREEN COUNTY,451,72 Years,1058,484,574,756,348,408,27,14,13,9,3,6,17,7,10,249,112,137
TOM GREEN COUNTY,451,73 Years,822,384,438,581,280,301,23,10,13,10,3,7,10,6,4,198,85,113
TOM GREEN COUNTY,451,74 Years,756,340,416,516,237,279,30,15,15,8,3,5,9,4,5,193,81,112
TOM GREEN COUNTY,451,75 Years,798,356,442,579,264,315,25,10,15,6,1,5,8,4,4,180,77,103
TOM GREEN COUNTY,451,76 Years,695,314,381,509,232,277,22,10,12,4,1,3,8,4,4,152,67,85
TOM GREEN COUNTY,451,77 Years,646,310,336,463,221,242,21,9,12,5,1,4,8,3,5,149,76,73
TOM GREEN COUNTY,451,78 Years,594,279,315,440,206,234,19,10,9,6,2,4,8,4,4,121,57,64
TOM GREEN COUNTY,451,79 Years,565,249,316,441,192,249,15,10,5,6,4,2,9,4,5,94,39,55
TOM GREEN COUNTY,451,80 Years,503,216,287,385,167,218,17,11,6,4,2,2,10,5,5,87,31,56
TOM GREEN COUNTY,451,81 Years,503,211,292,378,164,214,19,10,9,5,1,4,10,4,6,91,32,59
TOM GREEN COUNTY,451,82 Years,438,183,255,331,141,190,19,9,10,4,1,3,3,1,2,81,31,50
TOM GREEN COUNTY,451,83 Years,428,174,254,320,130,190,18,8,10,5,1,4,6,3,3,79,32,47
TOM GREEN COUNTY,451,84 Years,406,173,233,316,139,177,16,7,9,3,1,2,7,2,5,64,24,40
TOM GREEN COUNTY,451,85 Years,377,161,216,292,126,166,14,6,8,2,0,2,7,3,4,62,26,36
TOM GREEN COUNTY,451,86 Years,342,136,206,267,108,159,12,5,7,1,0,1,5,2,3,57,21,36
TOM GREEN COUNTY,451,87 Years,287,118,169,221,92,129,9,3,6,2,0,2,6,2,4,49,21,28
TOM GREEN COUNTY,451,88 Years,267,111,156,208,86,122,8,3,5,2,0,2,6,3,3,43,19,24
TOM GREEN COUNTY,451,89 Years,243,96,147,194,81,113,8,3,5,1,0,1,5,2,3,35,10,25
TOM GREEN COUNTY,451,90 Years,190,76,114,148,62,86,7,3,4,1,0,1,4,1,3,30,10,20
TOM GREEN COUNTY,451,91 Years,160,59,101,122,46,76,6,2,4,2,0,2,4,1,3,26,10,16
TOM GREEN COUNTY,451,92 Years,145,46,99,111,37,74,5,2,3,2,0,2,3,1,2,24,6,18
TOM GREEN COUNTY,451,93 Years,107,36,71,82,29,53,3,1,2,1,0,1,3,1,2,18,5,13
TOM GREEN COUNTY,451,94 Years,83,27,56,64,22,42,4,1,3,0,0,0,1,0,1,14,4,10
TOM GREEN COUNTY,451,95 Years +,211,60,151,158,46,112,9,2,7,2,1,1,4,1,3,38,10,28
TRAVIS COUNTY,453,All Ages,1273554,640076,633478,608874,305806,303068,104003,51206,52797,83467,41546,41921,34523,17098,17425,442687,224420,218267
TRAVIS COUNTY,453,< 1 Year,16060,8228,7832,5546,2893,2653,1305,671,634,798,395,403,973,497,476,7438,3772,3666
TRAVIS COUNTY,453,1 Years,16050,8218,7832,5608,2917,2691,1266,657,609,852,430,422,925,471,454,7399,3743,3656
TRAVIS COUNTY,453,2 Years,16267,8302,7965,5756,2949,2807,1270,651,619,864,448,416,901,467,434,7476,3787,3689
TRAVIS COUNTY,453,3 Years,16804,8579,8225,6013,3071,2942,1283,651,632,982,507,475,851,438,413,7675,3912,3763
TRAVIS COUNTY,453,4 Years,17323,8859,8464,6225,3190,3035,1351,676,675,1065,540,525,855,436,419,7827,4017,3810
TRAVIS COUNTY,453,5 Years,17287,8831,8456,6209,3173,3036,1339,678,661,1106,559,547,828,421,407,7805,4000,3805
TRAVIS COUNTY,453,6 Years,17142,8773,8369,6151,3158,2993,1319,679,640,1109,570,539,821,419,402,7742,3947,3795
TRAVIS COUNTY,453,7 Years,16796,8574,8222,6011,3056,2955,1261,648,613,1063,555,508,775,394,381,7686,3921,3765
TRAVIS COUNTY,453,8 Years,16828,8582,8246,5937,3032,2905,1256,636,620,1068,552,516,766,381,385,7801,3981,3820
TRAVIS COUNTY,453,9 Years,15457,7906,7551,5365,2804,2561,1182,586,596,935,485,450,649,306,343,7326,3725,3601
TRAVIS COUNTY,453,10 Years,15479,7927,7552,5362,2757,2605,1196,609,587,926,481,445,668,332,336,7327,3748,3579
TRAVIS COUNTY,453,11 Years,15530,7951,7579,5279,2748,2531,1254,661,593,908,461,447,684,334,350,7405,3747,3658
TRAVIS COUNTY,453,12 Years,15445,7878,7567,5258,2724,2534,1305,668,637,922,485,437,613,297,316,7347,3704,3643
TRAVIS COUNTY,453,13 Years,15223,7808,7415,5222,2683,2539,1295,661,634,925,458,467,579,304,275,7202,3702,3500
TRAVIS COUNTY,453,14 Years,15019,7685,7334,5048,2574,2474,1273,645,628,931,447,484,610,301,309,7157,3718,3439
TRAVIS COUNTY,453,15 Years,14754,7566,7188,5075,2657,2418,1220,611,609,858,403,455,585,295,290,7016,3600,3416
TRAVIS COUNTY,453,16 Years,14514,7470,7044,5064,2641,2423,1231,631,600,708,332,376,539,272,267,6972,3594,3378
TRAVIS COUNTY,453,17 Years,14099,7269,6830,4834,2462,2372,1303,696,607,594,278,316,493,227,266,6875,3606,3269
TRAVIS COUNTY,453,18 Years,15269,7749,7520,5160,2580,2580,1363,702,661,1128,551,577,474,229,245,7144,3687,3457
TRAVIS COUNTY,453,19 Years,18601,9272,9329,6844,3330,3514,1559,781,778,1676,829,847,526,284,242,7996,4048,3948
TRAVIS COUNTY,453,20 Years,18432,9200,9232,7087,3399,3688,1538,774,764,1763,900,863,527,298,229,7517,3829,3688
TRAVIS COUNTY,453,21 Years,18335,9186,9149,7283,3550,3733,1569,798,771,1760,880,880,486,247,239,7237,3711,3526
TRAVIS COUNTY,453,22 Years,17784,8999,8785,7232,3544,3688,1589,811,778,1391,723,668,446,212,234,7126,3709,3417
TRAVIS COUNTY,453,23 Years,16430,8325,8105,6507,3345,3162,1529,774,755,835,422,413,419,193,226,7140,3591,3549
TRAVIS COUNTY,453,24 Years,16203,8280,7923,6503,3487,3016,1539,784,755,742,370,372,420,206,214,6999,3433,3566
TRAVIS COUNTY,453,25 Years,17412,8729,8683,7351,3788,3563,1612,827,785,913,485,428,429,199,230,7107,3430,3677
TRAVIS COUNTY,453,26 Years,18249,9395,8854,7894,4176,3718,1706,909,797,1104,543,561,435,226,209,7110,3541,3569
TRAVIS COUNTY,453,27 Years,20163,10340,9823,8880,4596,4284,1692,855,837,1439,783,656,524,279,245,7628,3827,3801
TRAVIS COUNTY,453,28 Years,21780,11204,10576,9827,5183,4644,1726,797,929,1719,923,796,585,290,295,7923,4011,3912
TRAVIS COUNTY,453,29 Years,22892,11859,11033,10531,5530,5001,1689,781,908,1696,1020,676,610,286,324,8366,4242,4124
TRAVIS COUNTY,453,30 Years,23933,12687,11246,11051,5909,5142,1546,782,764,2127,1254,873,590,278,312,8619,4464,4155
TRAVIS COUNTY,453,31 Years,22958,11825,11133,11117,5737,5380,1493,728,765,1577,832,745,581,266,315,8190,4262,3928
TRAVIS COUNTY,453,32 Years,24009,12177,11832,12191,5948,6243,1509,752,757,1798,1002,796,600,293,307,7911,4182,3729
TRAVIS COUNTY,453,33 Years,24363,12309,12054,12657,6058,6599,1618,777,841,1790,1017,773,562,270,292,7736,4187,3549
TRAVIS COUNTY,453,34 Years,23665,12268,11397,12274,6122,6152,1621,834,787,1711,936,775,530,252,278,7529,4124,3405
TRAVIS COUNTY,453,35 Years,23038,11776,11262,11735,5952,5783,1621,800,821,1572,808,764,537,249,288,7573,3967,3606
TRAVIS COUNTY,453,36 Years,23081,11749,11332,11744,5929,5815,1690,854,836,1475,718,757,545,264,281,7627,3984,3643
TRAVIS COUNTY,453,37 Years,22630,11441,11189,11708,5924,5784,1713,853,860,1272,572,700,605,261,344,7332,3831,3501
TRAVIS COUNTY,453,38 Years,22023,11174,10849,11258,5760,5498,1673,853,820,1424,602,822,551,264,287,7117,3695,3422
TRAVIS COUNTY,453,39 Years,21734,11045,10689,10970,5637,5333,1702,875,827,1382,532,850,543,265,278,7137,3736,3401
TRAVIS COUNTY,453,40 Years,21026,10752,10274,10438,5419,5019,1615,829,786,1480,650,830,559,265,294,6934,3589,3345
TRAVIS COUNTY,453,41 Years,20629,10566,10063,10172,5301,4871,1550,780,770,1537,731,806,482,233,249,6888,3521,3367
TRAVIS COUNTY,453,42 Years,20149,10383,9766,9800,5081,4719,1496,747,749,1657,849,808,451,233,218,6745,3473,3272
TRAVIS COUNTY,453,43 Years,19606,10143,9463,9432,4982,4450,1440,698,742,1634,809,825,459,227,232,6641,3427,3214
TRAVIS COUNTY,453,44 Years,19505,10111,9394,9413,4983,4430,1477,752,725,1558,740,818,476,230,246,6581,3406,3175
TRAVIS COUNTY,453,45 Years,18462,9562,8900,8956,4758,4198,1412,746,666,1491,723,768,430,210,220,6173,3125,3048
TRAVIS COUNTY,453,46 Years,18132,9354,8778,8736,4625,4111,1484,728,756,1510,722,788,436,221,215,5966,3058,2908
TRAVIS COUNTY,453,47 Years,18172,9487,8685,8952,4800,4152,1460,706,754,1509,712,797,418,236,182,5833,3033,2800
TRAVIS COUNTY,453,48 Years,18911,9819,9092,9781,5166,4615,1548,757,791,1464,718,746,406,210,196,5712,2968,2744
TRAVIS COUNTY,453,49 Years,18638,9610,9028,9761,5136,4625,1506,747,759,1429,698,731,383,193,190,5559,2836,2723
TRAVIS COUNTY,453,50 Years,16877,8589,8288,8891,4615,4276,1389,689,700,1253,608,645,314,171,143,5030,2506,2524
TRAVIS COUNTY,453,51 Years,15667,8019,7648,8153,4259,3894,1404,716,688,1101,552,549,281,142,139,4728,2350,2378
TRAVIS COUNTY,453,52 Years,14766,7548,7218,7654,3935,3719,1372,676,696,1052,554,498,286,139,147,4402,2244,2158
TRAVIS COUNTY,453,53 Years,14549,7344,7205,7551,3864,3687,1357,624,733,1038,522,516,268,127,141,4335,2207,2128
TRAVIS COUNTY,453,54 Years,15242,7719,7523,7979,4074,3905,1464,720,744,1059,519,540,274,137,137,4466,2269,2197
TRAVIS COUNTY,453,55 Years,15090,7580,7510,8106,4108,3998,1526,738,788,986,500,486,269,138,131,4203,2096,2107
TRAVIS COUNTY,453,56 Years,14886,7418,7468,8165,4096,4069,1443,704,739,977,473,504,298,158,140,4003,1987,2016
TRAVIS COUNTY,453,57 Years,14687,7293,7394,8279,4129,4150,1419,707,712,861,408,453,274,138,136,3854,1911,1943
TRAVIS COUNTY,453,58 Years,14302,7063,7239,8164,4057,4107,1376,669,707,776,379,397,274,136,138,3712,1822,1890
TRAVIS COUNTY,453,59 Years,14330,7102,7228,8309,4110,4199,1395,699,696,750,347,403,267,128,139,3609,1818,1791
TRAVIS COUNTY,453,60 Years,13692,6698,6994,8081,3945,4136,1321,645,676,709,334,375,224,113,111,3357,1661,1696
TRAVIS COUNTY,453,61 Years,13327,6450,6877,7991,3876,4115,1309,617,692,679,321,358,216,111,105,3132,1525,1607
TRAVIS COUNTY,453,62 Years,13009,6235,6774,7865,3823,4042,1280,619,661,670,284,386,249,114,135,2945,1395,1550
TRAVIS COUNTY,453,63 Years,12308,5897,6411,7482,3578,3904,1218,598,620,634,284,350,220,104,116,2754,1333,1421
TRAVIS COUNTY,453,64 Years,11924,5688,6236,7399,3543,3856,1131,565,566,635,279,356,190,90,100,2569,1211,1358
TRAVIS COUNTY,453,65 Years,11219,5242,5977,7144,3385,3759,1066,480,586,553,242,311,186,99,87,2270,1036,1234
TRAVIS COUNTY,453,66 Years,10556,4870,5686,6908,3233,3675,958,432,526,507,221,286,173,88,85,2010,896,1114
TRAVIS COUNTY,453,67 Years,9808,4623,5185,6484,3074,3410,838,395,443,458,196,262,171,89,82,1857,869,988
TRAVIS COUNTY,453,68 Years,9129,4292,4837,5971,2874,3097,827,369,458,455,203,252,144,70,74,1732,776,956
TRAVIS COUNTY,453,69 Years,8615,4043,4572,5629,2729,2900,785,344,441,446,191,255,116,51,65,1639,728,911
TRAVIS COUNTY,453,70 Years,7817,3640,4177,5160,2451,2709,700,308,392,422,178,244,99,43,56,1436,660,776
TRAVIS COUNTY,453,71 Years,7485,3513,3972,5096,2420,2676,624,277,347,356,164,192,93,43,50,1316,609,707
TRAVIS COUNTY,453,72 Years,6978,3283,3695,4895,2332,2563,505,218,287,334,152,182,72,32,40,1172,549,623
TRAVIS COUNTY,453,73 Years,5569,2605,2964,3799,1808,1991,407,182,225,291,137,154,55,21,34,1017,457,560
TRAVIS COUNTY,453,74 Years,4953,2223,2730,3350,1531,1819,368,150,218,257,123,134,50,21,29,928,398,530
TRAVIS COUNTY,453,75 Years,4703,2093,2610,3255,1476,1779,342,124,218,222,108,114,51,20,31,833,365,468
TRAVIS COUNTY,453,76 Years,4369,1969,2400,3023,1385,1638,336,139,197,201,101,100,45,18,27,764,326,438
TRAVIS COUNTY,453,77 Years,3911,1769,2142,2678,1225,1453,323,133,190,209,108,101,34,17,17,667,286,381
TRAVIS COUNTY,453,78 Years,3450,1486,1964,2339,1035,1304,263,94,169,198,102,96,26,12,14,624,243,381
TRAVIS COUNTY,453,79 Years,3057,1284,1773,2047,878,1169,248,85,163,162,81,81,24,9,15,576,231,345
TRAVIS COUNTY,453,80 Years,2767,1151,1616,1860,786,1074,209,75,134,139,67,72,18,8,10,541,215,326
TRAVIS COUNTY,453,81 Years,2612,1059,1553,1776,739,1037,202,72,130,146,64,82,19,8,11,469,176,293
TRAVIS COUNTY,453,82 Years,2443,984,1459,1673,685,988,195,73,122,133,57,76,17,7,10,425,162,263
TRAVIS COUNTY,453,83 Years,2251,885,1366,1567,624,943,176,66,110,103,43,60,18,8,10,387,144,243
TRAVIS COUNTY,453,84 Years,2107,851,1256,1444,609,835,170,57,113,79,30,49,11,5,6,403,150,253
TRAVIS COUNTY,453,85 Years,1852,730,1122,1300,523,777,142,55,87,67,28,39,8,3,5,335,121,214
TRAVIS COUNTY,453,86 Years,1637,617,1020,1181,458,723,118,36,82,69,26,43,8,3,5,261,94,167
TRAVIS COUNTY,453,87 Years,1539,582,957,1119,433,686,114,32,82,59,24,35,7,3,4,240,90,150
TRAVIS COUNTY,453,88 Years,1442,538,904,1087,413,674,94,27,67,55,22,33,6,3,3,200,73,127
TRAVIS COUNTY,453,89 Years,1281,452,829,956,343,613,79,22,57,49,20,29,4,2,2,193,65,128
TRAVIS COUNTY,453,90 Years,1043,352,691,784,265,519,65,16,49,34,15,19,5,2,3,155,54,101
TRAVIS COUNTY,453,91 Years,871,269,602,665,206,459,49,13,36,27,11,16,5,1,4,125,38,87
TRAVIS COUNTY,453,92 Years,734,213,521,560,167,393,42,9,33,22,8,14,4,1,3,106,28,78
TRAVIS COUNTY,453,93 Years,640,183,457,495,143,352,37,8,29,13,5,8,3,1,2,92,26,66
TRAVIS COUNTY,453,94 Years,504,137,367,393,107,286,31,7,24,10,2,8,2,1,1,68,20,48
TRAVIS COUNTY,453,95 Years +,1265,313,952,959,233,726,92,16,76,34,13,21,5,2,3,175,49,126
TRINITY COUNTY,455,All Ages,14530,7070,7460,11419,5572,5847,1432,654,778,43,13,30,318,123,195,1318,708,610
TRINITY COUNTY,455,< 1 Year,145,74,71,98,48,50,15,10,5,0,0,0,11,3,8,21,13,8
TRINITY COUNTY,455,1 Years,148,67,81,99,45,54,17,8,9,0,0,0,13,4,9,19,10,9
TRINITY COUNTY,455,2 Years,150,67,83,105,49,56,20,9,11,0,0,0,8,1,7,17,8,9
TRINITY COUNTY,455,3 Years,153,72,81,108,54,54,21,9,12,0,0,0,7,2,5,17,7,10
TRINITY COUNTY,455,4 Years,154,84,70,110,64,46,20,9,11,0,0,0,6,2,4,18,9,9
TRINITY COUNTY,455,5 Years,149,84,65,104,63,41,19,10,9,0,0,0,8,2,6,18,9,9
TRINITY COUNTY,455,6 Years,136,74,62,89,53,36,22,12,10,0,0,0,8,2,6,17,7,10
TRINITY COUNTY,455,7 Years,130,68,62,86,49,37,21,11,10,0,0,0,6,1,5,17,7,10
TRINITY COUNTY,455,8 Years,148,75,73,98,47,51,24,14,10,0,0,0,5,4,1,21,10,11
TRINITY COUNTY,455,9 Years,155,74,81,103,50,53,23,6,17,0,0,0,7,6,1,22,12,10
TRINITY COUNTY,455,10 Years,164,87,77,110,56,54,17,10,7,0,0,0,8,5,3,29,16,13
TRINITY COUNTY,455,11 Years,151,75,76,106,55,51,13,3,10,0,0,0,5,1,4,27,16,11
TRINITY COUNTY,455,12 Years,160,98,62,110,68,42,21,11,10,0,0,0,5,4,1,24,15,9
TRINITY COUNTY,455,13 Years,177,90,87,103,56,47,27,13,14,1,0,1,4,3,1,42,18,24
TRINITY COUNTY,455,14 Years,152,65,87,91,41,50,25,10,15,0,0,0,11,4,7,25,10,15
TRINITY COUNTY,455,15 Years,140,73,67,93,48,45,17,8,9,0,0,0,5,2,3,25,15,10
TRINITY COUNTY,455,16 Years,150,82,68,103,57,46,16,10,6,0,0,0,3,0,3,28,15,13
TRINITY COUNTY,455,17 Years,149,78,71,103,57,46,16,6,10,1,0,1,5,2,3,24,13,11
TRINITY COUNTY,455,18 Years,141,72,69,91,51,40,18,6,12,0,0,0,3,1,2,29,14,15
TRINITY COUNTY,455,19 Years,137,69,68,87,48,39,16,4,12,2,1,1,3,1,2,29,15,14
TRINITY COUNTY,455,20 Years,129,72,57,85,52,33,13,4,9,2,1,1,5,2,3,24,13,11
TRINITY COUNTY,455,21 Years,122,69,53,83,49,34,11,5,6,1,1,0,6,2,4,21,12,9
TRINITY COUNTY,455,22 Years,123,62,61,90,48,42,9,5,4,0,0,0,5,1,4,19,8,11
TRINITY COUNTY,455,23 Years,138,71,67,102,55,47,10,5,5,0,0,0,5,2,3,21,9,12
TRINITY COUNTY,455,24 Years,130,58,72,90,43,47,13,4,9,1,0,1,7,1,6,19,10,9
TRINITY COUNTY,455,25 Years,151,76,75,110,58,52,16,9,7,0,0,0,7,2,5,18,7,11
TRINITY COUNTY,455,26 Years,148,78,70,109,58,51,16,9,7,0,0,0,3,2,1,20,9,11
TRINITY COUNTY,455,27 Years,163,82,81,121,59,62,17,8,9,1,0,1,0,0,0,24,15,9
TRINITY COUNTY,455,28 Years,164,90,74,125,69,56,16,9,7,0,0,0,3,1,2,20,11,9
TRINITY COUNTY,455,29 Years,148,68,80,119,57,62,11,4,7,0,0,0,3,1,2,15,6,9
TRINITY COUNTY,455,30 Years,147,68,79,115,50,65,15,8,7,0,0,0,1,0,1,16,10,6
TRINITY COUNTY,455,31 Years,161,76,85,129,60,69,16,9,7,1,0,1,0,0,0,15,7,8
TRINITY COUNTY,455,32 Years,136,68,68,106,53,53,18,9,9,0,0,0,1,1,0,11,5,6
TRINITY COUNTY,455,33 Years,155,71,84,124,59,65,15,3,12,0,0,0,3,1,2,13,8,5
TRINITY COUNTY,455,34 Years,143,67,76,109,54,55,16,3,13,0,0,0,1,0,1,17,10,7
TRINITY COUNTY,455,35 Years,152,68,84,113,54,59,17,4,13,0,0,0,2,1,1,20,9,11
TRINITY COUNTY,455,36 Years,134,67,67,101,48,53,12,6,6,0,0,0,3,1,2,18,12,6
TRINITY COUNTY,455,37 Years,160,74,86,126,53,73,15,8,7,0,0,0,4,3,1,15,10,5
TRINITY COUNTY,455,38 Years,162,78,84,125,55,70,14,8,6,1,0,1,3,2,1,19,13,6
TRINITY COUNTY,455,39 Years,161,77,84,119,57,62,21,10,11,0,0,0,1,0,1,20,10,10
TRINITY COUNTY,455,40 Years,152,70,82,125,57,68,12,6,6,2,1,1,2,0,2,11,6,5
TRINITY COUNTY,455,41 Years,153,76,77,125,60,65,14,6,8,1,1,0,3,2,1,10,7,3
TRINITY COUNTY,455,42 Years,149,75,74,114,55,59,16,9,7,0,0,0,1,0,1,18,11,7
TRINITY COUNTY,455,43 Years,126,59,67,97,46,51,15,8,7,0,0,0,1,0,1,13,5,8
TRINITY COUNTY,455,44 Years,134,68,66,103,51,52,13,7,6,0,0,0,1,1,0,17,9,8
TRINITY COUNTY,455,45 Years,143,74,69,120,60,60,7,4,3,0,0,0,1,1,0,15,9,6
TRINITY COUNTY,455,46 Years,169,84,85,134,68,66,12,4,8,0,0,0,1,0,1,22,12,10
TRINITY COUNTY,455,47 Years,156,70,86,122,53,69,13,5,8,1,1,0,0,0,0,20,11,9
TRINITY COUNTY,455,48 Years,174,75,99,141,59,82,16,7,9,0,0,0,2,1,1,15,8,7
TRINITY COUNTY,455,49 Years,176,83,93,143,64,79,12,7,5,1,1,0,2,1,1,18,10,8
TRINITY COUNTY,455,50 Years,171,78,93,134,60,74,12,7,5,0,0,0,3,1,2,22,10,12
TRINITY COUNTY,455,51 Years,149,74,75,117,54,63,12,7,5,0,0,0,2,1,1,18,12,6
TRINITY COUNTY,455,52 Years,165,88,77,133,66,67,13,9,4,2,0,2,2,2,0,15,11,4
TRINITY COUNTY,455,53 Years,175,87,88,135,66,69,25,15,10,1,0,1,2,1,1,12,5,7
TRINITY COUNTY,455,54 Years,184,85,99,147,67,80,22,12,10,0,0,0,2,1,1,13,5,8
TRINITY COUNTY,455,55 Years,205,98,107,174,83,91,17,8,9,1,0,1,1,1,0,12,6,6
TRINITY COUNTY,455,56 Years,213,94,119,182,81,101,20,9,11,1,0,1,1,1,0,9,3,6
TRINITY COUNTY,455,57 Years,238,112,126,201,95,106,20,7,13,1,1,0,4,1,3,12,8,4
TRINITY COUNTY,455,58 Years,233,114,119,196,96,100,22,8,14,2,1,1,3,1,2,10,8,2
TRINITY COUNTY,455,59 Years,219,99,120,178,84,94,24,7,17,2,0,2,6,2,4,9,6,3
TRINITY COUNTY,455,60 Years,225,101,124,185,84,101,23,10,13,1,0,1,4,1,3,12,6,6
TRINITY COUNTY,455,61 Years,220,101,119,182,85,97,22,9,13,1,0,1,6,3,3,9,4,5
TRINITY COUNTY,455,62 Years,233,103,130,200,86,114,18,10,8,0,0,0,3,1,2,12,6,6
TRINITY COUNTY,455,63 Years,257,119,138,209,96,113,26,12,14,0,0,0,7,2,5,15,9,6
TRINITY COUNTY,455,64 Years,235,115,120,192,96,96,24,9,15,1,1,0,5,1,4,13,8,5
TRINITY COUNTY,455,65 Years,247,121,126,212,104,108,18,8,10,0,0,0,4,2,2,13,7,6
TRINITY COUNTY,455,66 Years,244,113,131,203,95,108,20,9,11,6,0,6,4,3,1,11,6,5
TRINITY COUNTY,455,67 Years,231,112,119,196,97,99,24,11,13,2,0,2,2,1,1,7,3,4
TRINITY COUNTY,455,68 Years,231,115,116,203,96,107,17,11,6,1,1,0,3,2,1,7,5,2
TRINITY COUNTY,455,69 Years,228,112,116,198,96,102,19,11,8,0,0,0,4,1,3,7,4,3
TRINITY COUNTY,455,70 Years,232,117,115,201,100,101,20,11,9,0,0,0,4,2,2,7,4,3
TRINITY COUNTY,455,71 Years,223,115,108,192,97,95,20,11,9,0,0,0,3,2,1,8,5,3
TRINITY COUNTY,455,72 Years,219,112,107,193,98,95,17,8,9,0,0,0,3,1,2,6,5,1
TRINITY COUNTY,455,73 Years,186,99,87,164,89,75,12,4,8,0,0,0,4,1,3,6,5,1
TRINITY COUNTY,455,74 Years,183,90,93,161,79,82,15,6,9,0,0,0,2,1,1,5,4,1
TRINITY COUNTY,455,75 Years,181,87,94,162,79,83,9,3,6,0,0,0,4,2,2,6,3,3
TRINITY COUNTY,455,76 Years,183,82,101,158,76,82,15,4,11,0,0,0,5,1,4,5,1,4
TRINITY COUNTY,455,77 Years,173,80,93,155,74,81,11,4,7,0,0,0,3,1,2,4,1,3
TRINITY COUNTY,455,78 Years,156,67,89,145,61,84,7,3,4,0,0,0,1,1,0,3,2,1
TRINITY COUNTY,455,79 Years,141,62,79,126,54,72,7,4,3,1,0,1,3,1,2,4,3,1
TRINITY COUNTY,455,80 Years,129,69,60,118,63,55,7,3,4,0,0,0,1,0,1,3,3,0
TRINITY COUNTY,455,81 Years,113,57,56,100,52,48,8,3,5,0,0,0,1,0,1,4,2,2
TRINITY COUNTY,455,82 Years,96,47,49,83,40,43,8,3,5,0,0,0,1,1,0,4,3,1
TRINITY COUNTY,455,83 Years,84,40,44,70,33,37,9,3,6,0,0,0,0,0,0,5,4,1
TRINITY COUNTY,455,84 Years,80,36,44,67,29,38,7,3,4,1,1,0,1,0,1,4,3,1
TRINITY COUNTY,455,85 Years,63,22,41,53,20,33,4,1,3,1,0,1,1,0,1,4,1,3
TRINITY COUNTY,455,86 Years,64,27,37,53,23,30,7,2,5,1,0,1,0,0,0,3,2,1
TRINITY COUNTY,455,87 Years,51,23,28,44,19,25,5,2,3,0,0,0,0,0,0,2,2,0
TRINITY COUNTY,455,88 Years,43,22,21,36,17,19,4,4,0,0,0,0,2,0,2,1,1,0
TRINITY COUNTY,455,89 Years,39,18,21,33,16,17,5,2,3,0,0,0,1,0,1,0,0,0
TRINITY COUNTY,455,90 Years,34,15,19,29,12,17,4,2,2,0,0,0,1,1,0,0,0,0
TRINITY COUNTY,455,91 Years,29,11,18,23,9,14,5,2,3,0,0,0,0,0,0,1,0,1
TRINITY COUNTY,455,92 Years,23,9,14,17,7,10,4,1,3,1,1,0,0,0,0,1,0,1
TRINITY COUNTY,455,93 Years,18,8,10,14,7,7,4,1,3,0,0,0,0,0,0,0,0,0
TRINITY COUNTY,455,94 Years,12,4,8,9,3,6,3,1,2,0,0,0,0,0,0,0,0,0
TRINITY COUNTY,455,95 Years +,24,8,16,14,5,9,8,2,6,0,0,0,1,0,1,1,1,0
TYLER COUNTY,457,All Ages,22735,12321,10414,17851,9074,8777,2619,1667,952,51,20,31,519,264,255,1695,1296,399
TYLER COUNTY,457,< 1 Year,227,119,108,179,95,84,14,8,6,0,0,0,16,7,9,18,9,9
TYLER COUNTY,457,1 Years,230,128,102,179,98,81,20,12,8,0,0,0,18,10,8,13,8,5
TYLER COUNTY,457,2 Years,229,121,108,171,91,80,23,13,10,0,0,0,19,11,8,16,6,10
TYLER COUNTY,457,3 Years,243,126,117,185,93,92,24,14,10,0,0,0,20,13,7,14,6,8
TYLER COUNTY,457,4 Years,253,125,128,192,91,101,30,21,9,0,0,0,15,7,8,16,6,10
TYLER COUNTY,457,5 Years,265,132,133,201,98,103,31,20,11,1,0,1,16,6,10,16,8,8
TYLER COUNTY,457,6 Years,275,148,127,205,106,99,35,24,11,1,0,1,18,10,8,16,8,8
TYLER COUNTY,457,7 Years,279,147,132,210,111,99,32,19,13,1,0,1,18,8,10,18,9,9
TYLER COUNTY,457,8 Years,282,155,127,210,109,101,38,25,13,1,1,0,11,7,4,22,13,9
TYLER COUNTY,457,9 Years,284,146,138,212,113,99,38,22,16,1,1,0,11,3,8,22,7,15
TYLER COUNTY,457,10 Years,244,140,104,174,93,81,35,24,11,0,0,0,8,4,4,27,19,8
TYLER COUNTY,457,11 Years,234,118,116,179,87,92,26,12,14,1,1,0,11,6,5,17,12,5
TYLER COUNTY,457,12 Years,250,130,120,188,96,92,36,20,16,1,1,0,8,5,3,17,8,9
TYLER COUNTY,457,13 Years,253,137,116,192,102,90,37,25,12,1,0,1,8,3,5,15,7,8
TYLER COUNTY,457,14 Years,260,135,125,187,89,98,46,34,12,1,1,0,5,2,3,21,9,12
TYLER COUNTY,457,15 Years,223,113,110,166,78,88,37,25,12,1,1,0,5,1,4,14,8,6
TYLER COUNTY,457,16 Years,213,112,101,158,82,76,37,23,14,1,0,1,3,1,2,14,6,8
TYLER COUNTY,457,17 Years,225,119,106,169,86,83,38,23,15,1,0,1,7,5,2,10,5,5
TYLER COUNTY,457,18 Years,223,131,92,161,92,69,25,15,10,2,1,1,14,8,6,21,15,6
TYLER COUNTY,457,19 Years,221,133,88,149,81,68,34,22,12,1,1,0,11,6,5,26,23,3
TYLER COUNTY,457,20 Years,253,159,94,167,97,70,40,30,10,1,0,1,14,7,7,31,25,6
TYLER COUNTY,457,21 Years,252,172,80,156,96,60,43,35,8,0,0,0,12,5,7,41,36,5
TYLER COUNTY,457,22 Years,276,181,95,170,96,74,42,34,8,0,0,0,6,2,4,58,49,9
TYLER COUNTY,457,23 Years,312,213,99,182,107,75,45,33,12,0,0,0,11,5,6,74,68,6
TYLER COUNTY,457,24 Years,316,205,111,203,110,93,47,36,11,0,0,0,11,7,4,55,52,3
TYLER COUNTY,457,25 Years,329,201,128,226,120,106,44,30,14,0,0,0,8,5,3,51,46,5
TYLER COUNTY,457,26 Years,341,231,110,217,131,86,47,34,13,1,1,0,7,3,4,69,62,7
TYLER COUNTY,457,27 Years,330,213,117,225,134,91,53,36,17,0,0,0,3,1,2,49,42,7
TYLER COUNTY,457,28 Years,368,248,120,244,150,94,55,39,16,0,0,0,6,0,6,63,59,4
TYLER COUNTY,457,29 Years,305,203,102,203,117,86,48,38,10,0,0,0,4,2,2,50,46,4
TYLER COUNTY,457,30 Years,284,179,105,196,103,93,42,34,8,0,0,0,4,3,1,42,39,3
TYLER COUNTY,457,31 Years,286,182,104,191,102,89,50,40,10,0,0,0,4,1,3,41,39,2
TYLER COUNTY,457,32 Years,297,193,104,199,112,87,59,45,14,0,0,0,5,3,2,34,33,1
TYLER COUNTY,457,33 Years,276,176,100,184,98,86,62,51,11,1,1,0,2,1,1,27,25,2
TYLER COUNTY,457,34 Years,280,174,106,197,106,91,46,38,8,0,0,0,1,0,1,36,30,6
TYLER COUNTY,457,35 Years,283,171,112,195,96,99,49,41,8,0,0,0,4,3,1,35,31,4
TYLER COUNTY,457,36 Years,274,166,108,183,93,90,49,41,8,1,0,1,4,1,3,37,31,6
TYLER COUNTY,457,37 Years,278,161,117,191,92,99,42,34,8,0,0,0,11,6,5,34,29,5
TYLER COUNTY,457,38 Years,269,163,106,180,96,84,44,34,10,0,0,0,5,3,2,40,30,10
TYLER COUNTY,457,39 Years,267,166,101,197,111,86,41,31,10,0,0,0,3,3,0,26,21,5
TYLER COUNTY,457,40 Years,253,148,105,190,99,91,33,25,8,2,0,2,1,1,0,27,23,4
TYLER COUNTY,457,41 Years,258,163,95,196,112,84,35,30,5,1,0,1,2,2,0,24,19,5
TYLER COUNTY,457,42 Years,260,158,102,194,104,90,42,35,7,1,1,0,3,3,0,20,15,5
TYLER COUNTY,457,43 Years,248,145,103,194,105,89,33,22,11,1,1,0,4,4,0,16,13,3
TYLER COUNTY,457,44 Years,226,132,94,179,99,80,27,18,9,0,0,0,4,3,1,16,12,4
TYLER COUNTY,457,45 Years,238,133,105,188,96,92,25,18,7,1,0,1,4,2,2,20,17,3
TYLER COUNTY,457,46 Years,234,132,102,185,102,83,27,17,10,2,1,1,3,2,1,17,10,7
TYLER COUNTY,457,47 Years,238,139,99,189,103,86,27,18,9,1,1,0,4,3,1,17,14,3
TYLER COUNTY,457,48 Years,249,140,109,206,111,95,24,16,8,0,0,0,7,3,4,12,10,2
TYLER COUNTY,457,49 Years,250,137,113,206,105,101,19,14,5,0,0,0,7,4,3,18,14,4
TYLER COUNTY,457,50 Years,249,121,128,209,94,115,21,14,7,1,0,1,2,1,1,16,12,4
TYLER COUNTY,457,51 Years,272,135,137,231,110,121,24,15,9,1,0,1,2,1,1,14,9,5
TYLER COUNTY,457,52 Years,280,144,136,238,120,118,25,12,13,2,1,1,2,1,1,13,10,3
TYLER COUNTY,457,53 Years,278,139,139,227,111,116,32,13,19,0,0,0,2,1,1,17,14,3
TYLER COUNTY,457,54 Years,291,152,139,238,118,120,25,14,11,0,0,0,6,3,3,22,17,5
TYLER COUNTY,457,55 Years,259,134,125,223,113,110,22,12,10,0,0,0,3,1,2,11,8,3
TYLER COUNTY,457,56 Years,292,143,149,257,127,130,24,11,13,0,0,0,4,1,3,7,4,3
TYLER COUNTY,457,57 Years,304,139,165,270,125,145,25,10,15,1,0,1,1,0,1,7,4,3
TYLER COUNTY,457,58 Years,320,140,180,282,127,155,30,10,20,2,0,2,3,1,2,3,2,1
TYLER COUNTY,457,59 Years,310,146,164,269,131,138,27,11,16,1,0,1,3,0,3,10,4,6
TYLER COUNTY,457,60 Years,314,154,160,279,139,140,23,10,13,1,0,1,1,0,1,10,5,5
TYLER COUNTY,457,61 Years,310,169,141,276,155,121,22,8,14,1,0,1,2,1,1,9,5,4
TYLER COUNTY,457,62 Years,293,146,147,258,134,124,25,9,16,1,0,1,2,0,2,7,3,4
TYLER COUNTY,457,63 Years,317,153,164,281,137,144,24,9,15,1,1,0,5,1,4,6,5,1
TYLER COUNTY,457,64 Years,323,156,167,293,139,154,20,10,10,0,0,0,5,2,3,5,5,0
TYLER COUNTY,457,65 Years,316,155,161,282,140,142,20,9,11,1,0,1,5,2,3,8,4,4
TYLER COUNTY,457,66 Years,319,169,150,291,156,135,17,7,10,1,1,0,2,1,1,8,4,4
TYLER COUNTY,457,67 Years,297,146,151,266,133,133,20,7,13,0,0,0,6,3,3,5,3,2
TYLER COUNTY,457,68 Years,298,149,149,266,134,132,23,8,15,1,1,0,3,2,1,5,4,1
TYLER COUNTY,457,69 Years,268,126,142,238,114,124,21,9,12,0,0,0,2,1,1,7,2,5
TYLER COUNTY,457,70 Years,253,112,141,231,102,129,15,6,9,0,0,0,4,3,1,3,1,2
TYLER COUNTY,457,71 Years,267,118,149,245,110,135,17,6,11,0,0,0,4,2,2,1,0,1
TYLER COUNTY,457,72 Years,285,135,150,264,125,139,16,8,8,1,0,1,3,2,1,1,0,1
TYLER COUNTY,457,73 Years,237,107,130,212,95,117,14,5,9,0,0,0,5,3,2,6,4,2
TYLER COUNTY,457,74 Years,235,116,119,212,106,106,12,3,9,2,0,2,2,1,1,7,6,1
TYLER COUNTY,457,75 Years,245,114,131,224,108,116,14,3,11,2,1,1,2,0,2,3,2,1
TYLER COUNTY,457,76 Years,227,100,127,209,92,117,11,5,6,0,0,0,3,1,2,4,2,2
TYLER COUNTY,457,77 Years,213,98,115,196,89,107,13,7,6,0,0,0,2,1,1,2,1,1
TYLER COUNTY,457,78 Years,184,84,100,162,72,90,16,8,8,0,0,0,2,2,0,4,2,2
TYLER COUNTY,457,79 Years,169,75,94,149,66,83,16,8,8,0,0,0,2,0,2,2,1,1
TYLER COUNTY,457,80 Years,139,69,70,118,59,59,15,6,9,1,1,0,1,1,0,4,2,2
TYLER COUNTY,457,81 Years,133,61,72,112,53,59,15,5,10,0,0,0,3,2,1,3,1,2
TYLER COUNTY,457,82 Years,130,56,74,109,45,64,13,5,8,1,0,1,2,2,0,5,4,1
TYLER COUNTY,457,83 Years,127,61,66,107,50,57,12,5,7,1,0,1,3,3,0,4,3,1
TYLER COUNTY,457,84 Years,132,57,75,113,48,65,12,4,8,0,0,0,4,3,1,3,2,1
TYLER COUNTY,457,85 Years,108,52,56,92,43,49,11,5,6,0,0,0,1,1,0,4,3,1
TYLER COUNTY,457,86 Years,90,36,54,77,32,45,9,3,6,0,0,0,1,0,1,3,1,2
TYLER COUNTY,457,87 Years,82,34,48,73,31,42,5,2,3,0,0,0,2,0,2,2,1,1
TYLER COUNTY,457,88 Years,61,28,33,56,24,32,4,3,1,0,0,0,0,0,0,1,1,0
TYLER COUNTY,457,89 Years,57,23,34,49,19,30,6,3,3,0,0,0,0,0,0,2,1,1
TYLER COUNTY,457,90 Years,49,15,34,41,12,29,6,2,4,0,0,0,1,1,0,1,0,1
TYLER COUNTY,457,91 Years,38,16,22,33,13,20,4,3,1,0,0,0,0,0,0,1,0,1
TYLER COUNTY,457,92 Years,30,13,17,25,10,15,2,2,0,0,0,0,2,1,1,1,0,1
TYLER COUNTY,457,93 Years,27,9,18,22,8,14,3,1,2,0,0,0,1,0,1,1,0,1
TYLER COUNTY,457,94 Years,20,6,14,15,5,10,4,1,3,0,0,0,0,0,0,1,0,1
TYLER COUNTY,457,95 Years +,44,11,33,31,6,25,8,2,6,0,0,0,2,1,1,3,2,1
UPSHUR COUNTY,459,All Ages,41204,20520,20684,32532,16223,16309,3247,1560,1687,164,70,94,1183,600,583,4078,2067,2011
UPSHUR COUNTY,459,< 1 Year,428,216,212,288,151,137,25,10,15,2,1,1,35,18,17,78,36,42
UPSHUR COUNTY,459,1 Years,447,230,217,305,158,147,25,12,13,2,1,1,32,17,15,83,42,41
UPSHUR COUNTY,459,2 Years,465,231,234,312,160,152,23,11,12,2,1,1,35,16,19,93,43,50
UPSHUR COUNTY,459,3 Years,470,236,234,319,161,158,23,12,11,2,1,1,28,15,13,98,47,51
UPSHUR COUNTY,459,4 Years,478,243,235,321,163,158,22,11,11,2,1,1,38,22,16,95,46,49
UPSHUR COUNTY,459,5 Years,479,250,229,322,167,155,26,14,12,3,2,1,35,20,15,93,47,46
UPSHUR COUNTY,459,6 Years,493,258,235,332,172,160,24,13,11,3,2,1,37,21,16,97,50,47
UPSHUR COUNTY,459,7 Years,494,255,239,334,173,161,27,15,12,3,1,2,28,13,15,102,53,49
UPSHUR COUNTY,459,8 Years,505,263,242,343,178,165,27,15,12,2,1,1,30,15,15,103,54,49
UPSHUR COUNTY,459,9 Years,465,223,242,311,156,155,26,10,16,3,0,3,28,12,16,97,45,52
UPSHUR COUNTY,459,10 Years,508,257,251,354,189,165,36,15,21,2,0,2,24,11,13,92,42,50
UPSHUR COUNTY,459,11 Years,529,295,234,379,221,158,39,20,19,2,1,1,18,9,9,91,44,47
UPSHUR COUNTY,459,12 Years,586,330,256,426,245,181,42,27,15,1,1,0,22,13,9,95,44,51
UPSHUR COUNTY,459,13 Years,573,319,254,412,239,173,34,18,16,2,0,2,25,14,11,100,48,52
UPSHUR COUNTY,459,14 Years,552,298,254,403,222,181,36,17,19,6,2,4,21,13,8,86,44,42
UPSHUR COUNTY,459,15 Years,521,288,233,394,228,166,40,19,21,5,2,3,15,6,9,67,33,34
UPSHUR COUNTY,459,16 Years,540,312,228,379,223,156,53,33,20,4,1,3,27,16,11,77,39,38
UPSHUR COUNTY,459,17 Years,554,299,255,390,211,179,57,32,25,4,1,3,22,13,9,81,42,39
UPSHUR COUNTY,459,18 Years,505,270,235,358,199,159,49,28,21,4,1,3,23,11,12,71,31,40
UPSHUR COUNTY,459,19 Years,465,241,224,330,182,148,52,24,28,1,1,0,24,11,13,58,23,35
UPSHUR COUNTY,459,20 Years,431,228,203,295,163,132,44,20,24,1,0,1,25,13,12,66,32,34
UPSHUR COUNTY,459,21 Years,431,233,198,296,161,135,47,24,23,0,0,0,20,12,8,68,36,32
UPSHUR COUNTY,459,22 Years,461,242,219,313,164,149,50,29,21,1,0,1,21,11,10,76,38,38
UPSHUR COUNTY,459,23 Years,454,242,212,325,163,162,46,25,21,1,1,0,19,9,10,63,44,19
UPSHUR COUNTY,459,24 Years,487,242,245,352,169,183,50,28,22,2,0,2,25,12,13,58,33,25
UPSHUR COUNTY,459,25 Years,524,273,251,378,189,189,49,32,17,3,1,2,24,10,14,70,41,29
UPSHUR COUNTY,459,26 Years,553,273,280,411,194,217,63,36,27,2,2,0,14,5,9,63,36,27
UPSHUR COUNTY,459,27 Years,563,290,273,417,209,208,69,41,28,1,1,0,11,5,6,65,34,31
UPSHUR COUNTY,459,28 Years,567,291,276,437,222,215,54,26,28,1,0,1,13,9,4,62,34,28
UPSHUR COUNTY,459,29 Years,589,281,308,470,226,244,52,21,31,3,3,0,13,9,4,51,22,29
UPSHUR COUNTY,459,30 Years,586,288,298,463,228,235,47,21,26,3,2,1,8,4,4,65,33,32
UPSHUR COUNTY,459,31 Years,496,241,255,401,191,210,32,16,16,1,1,0,6,4,2,56,29,27
UPSHUR COUNTY,459,32 Years,452,228,224,367,185,182,34,20,14,0,0,0,5,2,3,46,21,25
UPSHUR COUNTY,459,33 Years,452,222,230,362,183,179,42,17,25,1,1,0,8,3,5,39,18,21
UPSHUR COUNTY,459,34 Years,428,206,222,338,166,172,33,13,20,3,0,3,3,2,1,51,25,26
UPSHUR COUNTY,459,35 Years,444,224,220,350,172,178,32,18,14,0,0,0,5,4,1,57,30,27
UPSHUR COUNTY,459,36 Years,494,231,263,394,184,210,34,13,21,3,0,3,6,4,2,57,30,27
UPSHUR COUNTY,459,37 Years,502,248,254,389,189,200,35,11,24,1,1,0,8,4,4,69,43,26
UPSHUR COUNTY,459,38 Years,485,234,251,372,175,197,40,21,19,3,2,1,10,5,5,60,31,29
UPSHUR COUNTY,459,39 Years,497,235,262,392,184,208,37,19,18,5,4,1,6,2,4,57,26,31
UPSHUR COUNTY,459,40 Years,471,235,236,370,178,192,37,20,17,2,1,1,5,3,2,57,33,24
UPSHUR COUNTY,459,41 Years,448,213,235,355,164,191,34,18,16,2,1,1,6,3,3,51,27,24
UPSHUR COUNTY,459,42 Years,458,225,233,365,184,181,35,16,19,2,2,0,8,3,5,48,20,28
UPSHUR COUNTY,459,43 Years,482,239,243,384,191,193,37,17,20,2,1,1,17,9,8,42,21,21
UPSHUR COUNTY,459,44 Years,445,226,219,356,180,176,31,17,14,1,1,0,12,7,5,45,21,24
UPSHUR COUNTY,459,45 Years,438,228,210,352,176,176,30,18,12,1,1,0,11,8,3,44,25,19
UPSHUR COUNTY,459,46 Years,448,229,219,375,191,184,29,17,12,1,1,0,10,6,4,33,14,19
UPSHUR COUNTY,459,47 Years,522,255,267,435,214,221,30,10,20,1,0,1,10,4,6,46,27,19
UPSHUR COUNTY,459,48 Years,513,267,246,417,215,202,37,16,21,2,1,1,11,5,6,46,30,16
UPSHUR COUNTY,459,49 Years,501,250,251,411,204,207,38,18,20,3,0,3,6,2,4,43,26,17
UPSHUR COUNTY,459,50 Years,512,252,260,422,210,212,37,15,22,2,0,2,7,1,6,44,26,18
UPSHUR COUNTY,459,51 Years,526,266,260,424,214,210,45,23,22,1,1,0,8,2,6,48,26,22
UPSHUR COUNTY,459,52 Years,491,237,254,399,194,205,41,19,22,1,0,1,10,6,4,40,18,22
UPSHUR COUNTY,459,53 Years,490,245,245,409,213,196,39,17,22,2,0,2,7,5,2,33,10,23
UPSHUR COUNTY,459,54 Years,557,266,291,464,217,247,48,21,27,0,0,0,9,4,5,36,24,12
UPSHUR COUNTY,459,55 Years,588,276,312,492,234,258,49,19,30,4,3,1,10,4,6,33,16,17
UPSHUR COUNTY,459,56 Years,632,299,333,530,258,272,51,23,28,3,1,2,8,5,3,40,12,28
UPSHUR COUNTY,459,57 Years,624,304,320,515,252,263,60,31,29,1,1,0,11,6,5,37,14,23
UPSHUR COUNTY,459,58 Years,593,292,301,505,244,261,52,28,24,3,1,2,10,6,4,23,13,10
UPSHUR COUNTY,459,59 Years,604,284,320,521,244,277,48,18,30,2,1,1,7,2,5,26,19,7
UPSHUR COUNTY,459,60 Years,619,308,311,534,262,272,45,21,24,3,2,1,12,6,6,25,17,8
UPSHUR COUNTY,459,61 Years,597,294,303,513,257,256,45,19,26,5,2,3,12,5,7,22,11,11
UPSHUR COUNTY,459,62 Years,593,281,312,507,242,265,49,21,28,3,0,3,11,7,4,23,11,12
UPSHUR COUNTY,459,63 Years,596,290,306,517,255,262,45,22,23,2,0,2,7,4,3,25,9,16
UPSHUR COUNTY,459,64 Years,593,300,293,500,256,244,54,26,28,3,1,2,13,6,7,23,11,12
UPSHUR COUNTY,459,65 Years,533,247,286,453,213,240,49,19,30,3,1,2,12,7,5,16,7,9
UPSHUR COUNTY,459,66 Years,516,247,269,443,208,235,49,25,24,1,1,0,11,8,3,12,5,7
UPSHUR COUNTY,459,67 Years,498,241,257,441,213,228,36,18,18,2,1,1,8,5,3,11,4,7
UPSHUR COUNTY,459,68 Years,489,246,243,420,212,208,41,20,21,2,1,1,12,3,9,14,10,4
UPSHUR COUNTY,459,69 Years,470,221,249,416,198,218,33,14,19,0,0,0,9,2,7,12,7,5
UPSHUR COUNTY,459,70 Years,438,198,240,384,178,206,32,13,19,1,0,1,9,2,7,12,5,7
UPSHUR COUNTY,459,71 Years,454,225,229,394,194,200,40,21,19,0,0,0,8,4,4,12,6,6
UPSHUR COUNTY,459,72 Years,458,224,234,405,196,209,33,15,18,0,0,0,8,6,2,12,7,5
UPSHUR COUNTY,459,73 Years,348,167,181,304,148,156,27,10,17,0,0,0,8,4,4,9,5,4
UPSHUR COUNTY,459,74 Years,346,164,182,317,152,165,19,8,11,0,0,0,5,1,4,5,3,2
UPSHUR COUNTY,459,75 Years,354,163,191,308,148,160,31,9,22,0,0,0,8,3,5,7,3,4
UPSHUR COUNTY,459,76 Years,336,159,177,300,146,154,24,8,16,0,0,0,6,2,4,6,3,3
UPSHUR COUNTY,459,77 Years,299,139,160,270,126,144,19,7,12,0,0,0,5,2,3,5,4,1
UPSHUR COUNTY,459,78 Years,279,126,153,245,109,136,22,10,12,1,0,1,4,2,2,7,5,2
UPSHUR COUNTY,459,79 Years,238,106,132,210,94,116,17,6,11,1,0,1,5,3,2,5,3,2
UPSHUR COUNTY,459,80 Years,232,99,133,201,86,115,19,9,10,1,0,1,3,0,3,8,4,4
UPSHUR COUNTY,459,81 Years,225,97,128,200,88,112,16,6,10,0,0,0,3,1,2,6,2,4
UPSHUR COUNTY,459,82 Years,196,98,98,175,87,88,13,5,8,2,2,0,2,2,0,4,2,2
UPSHUR COUNTY,459,83 Years,171,81,90,155,73,82,11,4,7,1,1,0,3,2,1,1,1,0
UPSHUR COUNTY,459,84 Years,160,69,91,143,64,79,11,4,7,0,0,0,2,1,1,4,0,4
UPSHUR COUNTY,459,85 Years,132,67,65,116,60,56,10,4,6,1,0,1,4,3,1,1,0,1
UPSHUR COUNTY,459,86 Years,126,57,69,112,50,62,10,4,6,1,1,0,2,1,1,1,1,0
UPSHUR COUNTY,459,87 Years,121,51,70,106,44,62,10,4,6,0,0,0,2,1,1,3,2,1
UPSHUR COUNTY,459,88 Years,101,43,58,89,37,52,9,4,5,0,0,0,1,0,1,2,2,0
UPSHUR COUNTY,459,89 Years,81,37,44,71,33,38,8,3,5,0,0,0,1,0,1,1,1,0
UPSHUR COUNTY,459,90 Years,73,33,40,63,31,32,6,1,5,1,0,1,1,0,1,2,1,1
UPSHUR COUNTY,459,91 Years,61,26,35,50,22,28,6,2,4,1,0,1,2,1,1,2,1,1
UPSHUR COUNTY,459,92 Years,45,18,27,37,16,21,4,1,3,0,0,0,1,0,1,3,1,2
UPSHUR COUNTY,459,93 Years,36,13,23,27,10,17,5,2,3,0,0,0,1,0,1,3,1,2
UPSHUR COUNTY,459,94 Years,29,11,18,23,8,15,4,2,2,1,0,1,0,0,0,1,1,0
UPSHUR COUNTY,459,95 Years +,65,20,45,48,15,33,11,5,6,2,0,2,2,0,2,2,0,2
UPTON COUNTY,461,All Ages,3619,1856,1763,1478,756,722,46,23,23,0,0,0,51,29,22,2044,1048,996
UPTON COUNTY,461,< 1 Year,36,17,19,7,4,3,0,0,0,0,0,0,0,0,0,29,13,16
UPTON COUNTY,461,1 Years,42,19,23,7,4,3,0,0,0,0,0,0,0,0,0,35,15,20
UPTON COUNTY,461,2 Years,47,20,27,8,4,4,0,0,0,0,0,0,0,0,0,39,16,23
UPTON COUNTY,461,3 Years,57,25,32,11,5,6,0,0,0,0,0,0,0,0,0,46,20,26
UPTON COUNTY,461,4 Years,54,24,30,9,4,5,0,0,0,0,0,0,1,0,1,44,20,24
UPTON COUNTY,461,5 Years,52,25,27,10,5,5,0,0,0,0,0,0,2,1,1,40,19,21
UPTON COUNTY,461,6 Years,53,25,28,12,6,6,0,0,0,0,0,0,0,0,0,41,19,22
UPTON COUNTY,461,7 Years,53,27,26,12,8,4,0,0,0,0,0,0,0,0,0,41,19,22
UPTON COUNTY,461,8 Years,47,23,24,9,6,3,0,0,0,0,0,0,2,1,1,36,16,20
UPTON COUNTY,461,9 Years,46,18,28,9,4,5,0,0,0,0,0,0,1,1,0,36,13,23
UPTON COUNTY,461,10 Years,61,22,39,11,5,6,0,0,0,0,0,0,0,0,0,50,17,33
UPTON COUNTY,461,11 Years,58,29,29,12,7,5,0,0,0,0,0,0,2,0,2,44,22,22
UPTON COUNTY,461,12 Years,50,24,26,16,8,8,1,0,1,0,0,0,1,0,1,32,16,16
UPTON COUNTY,461,13 Years,46,22,24,15,8,7,1,0,1,0,0,0,0,0,0,30,14,16
UPTON COUNTY,461,14 Years,57,26,31,18,8,10,1,0,1,0,0,0,2,0,2,36,18,18
UPTON COUNTY,461,15 Years,70,42,28,24,11,13,2,0,2,0,0,0,1,0,1,43,31,12
UPTON COUNTY,461,16 Years,68,34,34,23,12,11,0,0,0,0,0,0,2,0,2,43,22,21
UPTON COUNTY,461,17 Years,58,26,32,22,10,12,0,0,0,0,0,0,0,0,0,36,16,20
UPTON COUNTY,461,18 Years,50,26,24,13,7,6,2,2,0,0,0,0,1,0,1,34,17,17
UPTON COUNTY,461,19 Years,42,26,16,15,9,6,1,1,0,0,0,0,2,2,0,24,14,10
UPTON COUNTY,461,20 Years,40,24,16,15,8,7,1,0,1,0,0,0,0,0,0,24,16,8
UPTON COUNTY,461,21 Years,52,35,17,19,11,8,2,0,2,0,0,0,1,1,0,30,23,7
UPTON COUNTY,461,22 Years,54,30,24,20,9,11,0,0,0,0,0,0,1,1,0,33,20,13
UPTON COUNTY,461,23 Years,40,22,18,18,9,9,0,0,0,0,0,0,0,0,0,22,13,9
UPTON COUNTY,461,24 Years,48,29,19,27,17,10,1,1,0,0,0,0,0,0,0,20,11,9
UPTON COUNTY,461,25 Years,42,26,16,19,11,8,0,0,0,0,0,0,0,0,0,23,15,8
UPTON COUNTY,461,26 Years,45,29,16,19,12,7,0,0,0,0,0,0,0,0,0,26,17,9
UPTON COUNTY,461,27 Years,55,34,21,19,13,6,0,0,0,0,0,0,2,2,0,34,19,15
UPTON COUNTY,461,28 Years,49,25,24,13,9,4,0,0,0,0,0,0,1,0,1,35,16,19
UPTON COUNTY,461,29 Years,46,24,22,11,6,5,0,0,0,0,0,0,0,0,0,35,18,17
UPTON COUNTY,461,30 Years,34,20,14,9,6,3,0,0,0,0,0,0,0,0,0,25,14,11
UPTON COUNTY,461,31 Years,28,12,16,8,3,5,0,0,0,0,0,0,2,2,0,18,7,11
UPTON COUNTY,461,32 Years,35,16,19,10,4,6,0,0,0,0,0,0,1,1,0,24,11,13
UPTON COUNTY,461,33 Years,38,20,18,11,7,4,0,0,0,0,0,0,0,0,0,27,13,14
UPTON COUNTY,461,34 Years,40,18,22,18,6,12,0,0,0,0,0,0,0,0,0,22,12,10
UPTON COUNTY,461,35 Years,38,23,15,12,4,8,2,2,0,0,0,0,0,0,0,24,17,7
UPTON COUNTY,461,36 Years,51,36,15,14,8,6,1,1,0,0,0,0,0,0,0,36,27,9
UPTON COUNTY,461,37 Years,47,28,19,17,9,8,1,1,0,0,0,0,1,1,0,28,17,11
UPTON COUNTY,461,38 Years,39,17,22,14,6,8,0,0,0,0,0,0,1,0,1,24,11,13
UPTON COUNTY,461,39 Years,46,21,25,21,9,12,0,0,0,0,0,0,1,1,0,24,11,13
UPTON COUNTY,461,40 Years,42,23,19,21,11,10,0,0,0,0,0,0,0,0,0,21,12,9
UPTON COUNTY,461,41 Years,51,29,22,23,11,12,0,0,0,0,0,0,1,1,0,27,17,10
UPTON COUNTY,461,42 Years,44,25,19,13,7,6,0,0,0,0,0,0,2,1,1,29,17,12
UPTON COUNTY,461,43 Years,50,29,21,16,8,8,2,1,1,0,0,0,0,0,0,32,20,12
UPTON COUNTY,461,44 Years,41,24,17,15,8,7,1,0,1,0,0,0,0,0,0,25,16,9
UPTON COUNTY,461,45 Years,35,22,13,13,7,6,0,0,0,0,0,0,1,0,1,21,15,6
UPTON COUNTY,461,46 Years,34,14,20,14,7,7,0,0,0,0,0,0,1,0,1,19,7,12
UPTON COUNTY,461,47 Years,29,14,15,15,9,6,0,0,0,0,0,0,0,0,0,14,5,9
UPTON COUNTY,461,48 Years,40,22,18,17,7,10,0,0,0,0,0,0,1,1,0,22,14,8
UPTON COUNTY,461,49 Years,34,17,17,16,7,9,0,0,0,0,0,0,0,0,0,18,10,8
UPTON COUNTY,461,50 Years,31,14,17,12,6,6,2,1,1,0,0,0,0,0,0,17,7,10
UPTON COUNTY,461,51 Years,27,11,16,11,4,7,2,1,1,0,0,0,0,0,0,14,6,8
UPTON COUNTY,461,52 Years,36,17,19,16,8,8,0,0,0,0,0,0,1,0,1,19,9,10
UPTON COUNTY,461,53 Years,40,23,17,23,13,10,1,1,0,0,0,0,0,0,0,16,9,7
UPTON COUNTY,461,54 Years,32,16,16,17,10,7,0,0,0,0,0,0,0,0,0,15,6,9
UPTON COUNTY,461,55 Years,41,19,22,23,13,10,0,0,0,0,0,0,0,0,0,18,6,12
UPTON COUNTY,461,56 Years,31,12,19,17,6,11,1,1,0,0,0,0,0,0,0,13,5,8
UPTON COUNTY,461,57 Years,33,14,19,19,7,12,1,1,0,0,0,0,0,0,0,13,6,7
UPTON COUNTY,461,58 Years,38,20,18,20,10,10,0,0,0,0,0,0,1,0,1,17,10,7
UPTON COUNTY,461,59 Years,49,25,24,25,15,10,0,0,0,0,0,0,0,0,0,24,10,14
UPTON COUNTY,461,60 Years,54,30,24,31,19,12,1,1,0,0,0,0,0,0,0,22,10,12
UPTON COUNTY,461,61 Years,59,34,25,36,21,15,1,0,1,0,0,0,1,1,0,21,12,9
UPTON COUNTY,461,62 Years,53,27,26,31,14,17,2,2,0,0,0,0,1,1,0,19,10,9
UPTON COUNTY,461,63 Years,52,27,25,33,17,16,2,1,1,0,0,0,0,0,0,17,9,8
UPTON COUNTY,461,64 Years,49,26,23,30,16,14,3,2,1,0,0,0,1,0,1,15,8,7
UPTON COUNTY,461,65 Years,44,21,23,25,12,13,0,0,0,0,0,0,1,0,1,18,9,9
UPTON COUNTY,461,66 Years,43,25,18,22,14,8,1,1,0,0,0,0,1,1,0,19,9,10
UPTON COUNTY,461,67 Years,35,17,18,20,12,8,0,0,0,0,0,0,1,1,0,14,4,10
UPTON COUNTY,461,68 Years,28,9,19,14,5,9,3,0,3,0,0,0,0,0,0,11,4,7
UPTON COUNTY,461,69 Years,34,14,20,13,6,7,1,0,1,0,0,0,0,0,0,20,8,12
UPTON COUNTY,461,70 Years,35,17,18,19,11,8,0,0,0,0,0,0,1,1,0,15,5,10
UPTON COUNTY,461,71 Years,34,18,16,21,10,11,0,0,0,0,0,0,1,0,1,12,8,4
UPTON COUNTY,461,72 Years,38,22,16,24,11,13,0,0,0,0,0,0,2,2,0,12,9,3
UPTON COUNTY,461,73 Years,26,13,13,17,7,10,0,0,0,0,0,0,1,1,0,8,5,3
UPTON COUNTY,461,74 Years,24,14,10,19,11,8,0,0,0,0,0,0,1,1,0,4,2,2
UPTON COUNTY,461,75 Years,27,17,10,15,11,4,0,0,0,0,0,0,0,0,0,12,6,6
UPTON COUNTY,461,76 Years,27,16,11,16,9,7,0,0,0,0,0,0,0,0,0,11,7,4
UPTON COUNTY,461,77 Years,26,13,13,18,8,10,0,0,0,0,0,0,0,0,0,8,5,3
UPTON COUNTY,461,78 Years,25,13,12,15,8,7,0,0,0,0,0,0,0,0,0,10,5,5
UPTON COUNTY,461,79 Years,21,11,10,15,8,7,0,0,0,0,0,0,0,0,0,6,3,3
UPTON COUNTY,461,80 Years,20,10,10,14,7,7,0,0,0,0,0,0,0,0,0,6,3,3
UPTON COUNTY,461,81 Years,22,12,10,12,5,7,0,0,0,0,0,0,2,2,0,8,5,3
UPTON COUNTY,461,82 Years,22,11,11,13,5,8,0,0,0,0,0,0,1,1,0,8,5,3
UPTON COUNTY,461,83 Years,15,6,9,11,3,8,0,0,0,0,0,0,0,0,0,4,3,1
UPTON COUNTY,461,84 Years,15,6,9,11,4,7,0,0,0,0,0,0,0,0,0,4,2,2
UPTON COUNTY,461,85 Years,15,6,9,10,4,6,0,0,0,0,0,0,0,0,0,5,2,3
UPTON COUNTY,461,86 Years,15,6,9,7,4,3,0,0,0,0,0,0,0,0,0,8,2,6
UPTON COUNTY,461,87 Years,12,4,8,6,2,4,0,0,0,0,0,0,0,0,0,6,2,4
UPTON COUNTY,461,88 Years,11,5,6,6,2,4,1,1,0,0,0,0,0,0,0,4,2,2
UPTON COUNTY,461,89 Years,9,6,3,4,3,1,0,0,0,0,0,0,0,0,0,5,3,2
UPTON COUNTY,461,90 Years,11,4,7,4,2,2,2,1,1,0,0,0,0,0,0,5,1,4
UPTON COUNTY,461,91 Years,9,3,6,4,2,2,1,0,1,0,0,0,0,0,0,4,1,3
UPTON COUNTY,461,92 Years,9,4,5,4,2,2,0,0,0,0,0,0,0,0,0,5,2,3
UPTON COUNTY,461,93 Years,7,4,3,4,2,2,1,0,1,0,0,0,0,0,0,2,2,0
UPTON COUNTY,461,94 Years,8,3,5,3,1,2,1,0,1,0,0,0,0,0,0,4,2,2
UPTON COUNTY,461,95 Years +,13,3,10,8,2,6,0,0,0,0,0,0,0,0,0,5,1,4
UVALDE COUNTY,463,All Ages,26743,13160,13583,6725,3335,3390,115,79,36,116,54,62,261,131,130,19526,9561,9965
UVALDE COUNTY,463,< 1 Year,354,191,163,49,26,23,1,1,0,1,1,0,8,5,3,295,158,137
UVALDE COUNTY,463,1 Years,355,183,172,50,26,24,1,1,0,2,1,1,7,4,3,295,151,144
UVALDE COUNTY,463,2 Years,352,172,180,52,27,25,1,0,1,1,0,1,7,3,4,291,142,149
UVALDE COUNTY,463,3 Years,364,175,189,52,25,27,1,1,0,1,0,1,6,2,4,304,147,157
UVALDE COUNTY,463,4 Years,369,182,187,55,26,29,2,1,1,1,1,0,6,3,3,305,151,154
UVALDE COUNTY,463,5 Years,381,192,189,59,25,34,1,1,0,0,0,0,6,3,3,315,163,152
UVALDE COUNTY,463,6 Years,363,183,180,60,24,36,1,1,0,2,1,1,5,4,1,295,153,142
UVALDE COUNTY,463,7 Years,360,175,185,59,25,34,1,1,0,1,0,1,7,3,4,292,146,146
UVALDE COUNTY,463,8 Years,355,161,194,58,27,31,1,1,0,2,1,1,7,4,3,287,128,159
UVALDE COUNTY,463,9 Years,347,160,187,51,24,27,1,0,1,0,0,0,7,4,3,288,132,156
UVALDE COUNTY,463,10 Years,375,184,191,51,22,29,1,1,0,2,1,1,3,2,1,318,158,160
UVALDE COUNTY,463,11 Years,358,175,183,51,22,29,1,1,0,0,0,0,3,3,0,303,149,154
UVALDE COUNTY,463,12 Years,406,201,205,65,36,29,1,0,1,0,0,0,6,3,3,334,162,172
UVALDE COUNTY,463,13 Years,407,213,194,63,35,28,4,2,2,1,1,0,4,2,2,335,173,162
UVALDE COUNTY,463,14 Years,386,182,204,66,28,38,2,0,2,1,1,0,4,2,2,313,151,162
UVALDE COUNTY,463,15 Years,402,207,195,67,28,39,1,0,1,3,1,2,5,3,2,326,175,151
UVALDE COUNTY,463,16 Years,384,186,198,59,28,31,3,3,0,2,0,2,4,1,3,316,154,162
UVALDE COUNTY,463,17 Years,385,181,204,55,26,29,1,1,0,3,1,2,5,2,3,321,151,170
UVALDE COUNTY,463,18 Years,427,188,239,51,27,24,1,0,1,3,1,2,8,3,5,364,157,207
UVALDE COUNTY,463,19 Years,460,235,225,71,49,22,4,2,2,1,1,0,5,2,3,379,181,198
UVALDE COUNTY,463,20 Years,419,195,224,71,37,34,2,1,1,1,1,0,5,3,2,340,153,187
UVALDE COUNTY,463,21 Years,426,204,222,60,35,25,4,3,1,1,0,1,2,1,1,359,165,194
UVALDE COUNTY,463,22 Years,430,217,213,62,37,25,3,1,2,1,0,1,2,1,1,362,178,184
UVALDE COUNTY,463,23 Years,452,217,235,66,36,30,2,0,2,4,3,1,3,1,2,377,177,200
UVALDE COUNTY,463,24 Years,441,204,237,81,41,40,2,0,2,2,1,1,7,2,5,349,160,189
UVALDE COUNTY,463,25 Years,471,228,243,115,56,59,2,1,1,3,1,2,7,2,5,344,168,176
UVALDE COUNTY,463,26 Years,499,249,250,113,53,60,2,2,0,3,1,2,3,1,2,378,192,186
UVALDE COUNTY,463,27 Years,558,288,270,130,67,63,4,4,0,5,2,3,6,3,3,413,212,201
UVALDE COUNTY,463,28 Years,502,268,234,105,53,52,3,3,0,2,0,2,7,4,3,385,208,177
UVALDE COUNTY,463,29 Years,465,261,204,105,58,47,3,2,1,1,1,0,5,2,3,351,198,153
UVALDE COUNTY,463,30 Years,402,215,187,82,43,39,2,1,1,0,0,0,3,3,0,315,168,147
UVALDE COUNTY,463,31 Years,326,173,153,77,45,32,2,2,0,1,1,0,1,1,0,245,124,121
UVALDE COUNTY,463,32 Years,293,175,118,65,37,28,2,2,0,0,0,0,3,1,2,223,135,88
UVALDE COUNTY,463,33 Years,317,177,140,78,44,34,2,1,1,0,0,0,2,2,0,235,130,105
UVALDE COUNTY,463,34 Years,312,177,135,74,40,34,0,0,0,1,1,0,2,1,1,235,135,100
UVALDE COUNTY,463,35 Years,316,176,140,67,36,31,4,3,1,1,0,1,2,2,0,242,135,107
UVALDE COUNTY,463,36 Years,285,152,133,64,29,35,3,2,1,1,0,1,1,1,0,216,120,96
UVALDE COUNTY,463,37 Years,266,133,133,64,32,32,1,1,0,1,0,1,2,1,1,198,99,99
UVALDE COUNTY,463,38 Years,252,134,118,76,36,40,0,0,0,0,0,0,1,1,0,175,97,78
UVALDE COUNTY,463,39 Years,302,149,153,77,38,39,0,0,0,1,0,1,4,1,3,220,110,110
UVALDE COUNTY,463,40 Years,307,158,149,70,37,33,2,2,0,2,2,0,3,1,2,230,116,114
UVALDE COUNTY,463,41 Years,284,148,136,74,38,36,1,1,0,1,1,0,4,3,1,204,105,99
UVALDE COUNTY,463,42 Years,267,139,128,58,28,30,1,1,0,4,1,3,3,2,1,201,107,94
UVALDE COUNTY,463,43 Years,292,142,150,55,23,32,2,2,0,2,1,1,1,1,0,232,115,117
UVALDE COUNTY,463,44 Years,273,133,140,57,31,26,3,2,1,1,1,0,2,0,2,210,99,111
UVALDE COUNTY,463,45 Years,267,138,129,66,32,34,2,2,0,1,0,1,2,1,1,196,103,93
UVALDE COUNTY,463,46 Years,279,133,146,63,27,36,1,0,1,1,0,1,1,0,1,213,106,107
UVALDE COUNTY,463,47 Years,268,125,143,68,32,36,0,0,0,2,1,1,2,1,1,196,91,105
UVALDE COUNTY,463,48 Years,283,131,152,74,36,38,0,0,0,2,2,0,1,1,0,206,92,114
UVALDE COUNTY,463,49 Years,287,142,145,76,41,35,2,1,1,3,1,2,2,1,1,204,98,106
UVALDE COUNTY,463,50 Years,260,118,142,75,32,43,1,1,0,5,2,3,1,0,1,178,83,95
UVALDE COUNTY,463,51 Years,268,142,126,72,36,36,0,0,0,3,2,1,0,0,0,193,104,89
UVALDE COUNTY,463,52 Years,265,129,136,64,38,26,1,1,0,2,1,1,2,1,1,196,88,108
UVALDE COUNTY,463,53 Years,271,137,134,70,39,31,1,1,0,1,0,1,2,1,1,197,96,101
UVALDE COUNTY,463,54 Years,282,142,140,89,46,43,1,1,0,5,3,2,2,1,1,185,91,94
UVALDE COUNTY,463,55 Years,263,127,136,77,35,42,0,0,0,1,1,0,1,1,0,184,90,94
UVALDE COUNTY,463,56 Years,275,136,139,69,32,37,2,1,1,2,0,2,3,2,1,199,101,98
UVALDE COUNTY,463,57 Years,317,146,171,98,49,49,3,3,0,1,0,1,3,1,2,212,93,119
UVALDE COUNTY,463,58 Years,309,144,165,108,57,51,2,2,0,3,2,1,3,2,1,193,81,112
UVALDE COUNTY,463,59 Years,267,118,149,95,46,49,0,0,0,1,0,1,1,0,1,170,72,98
UVALDE COUNTY,463,60 Years,269,136,133,97,48,49,0,0,0,0,0,0,1,1,0,171,87,84
UVALDE COUNTY,463,61 Years,294,143,151,105,51,54,1,1,0,1,1,0,2,1,1,185,89,96
UVALDE COUNTY,463,62 Years,302,144,158,114,53,61,1,1,0,0,0,0,1,1,0,186,89,97
UVALDE COUNTY,463,63 Years,273,142,131,101,59,42,0,0,0,1,1,0,2,2,0,169,80,89
UVALDE COUNTY,463,64 Years,264,129,135,99,55,44,2,1,1,2,0,2,2,1,1,159,72,87
UVALDE COUNTY,463,65 Years,249,122,127,91,50,41,0,0,0,1,0,1,3,1,2,154,71,83
UVALDE COUNTY,463,66 Years,242,112,130,94,44,50,0,0,0,2,1,1,3,1,2,143,66,77
UVALDE COUNTY,463,67 Years,234,103,131,92,41,51,1,0,1,1,0,1,2,1,1,138,61,77
UVALDE COUNTY,463,68 Years,243,114,129,96,50,46,0,0,0,0,0,0,1,0,1,146,64,82
UVALDE COUNTY,463,69 Years,255,122,133,98,49,49,0,0,0,1,0,1,0,0,0,156,73,83
UVALDE COUNTY,463,70 Years,274,118,156,117,53,64,2,2,0,1,0,1,1,1,0,153,62,91
UVALDE COUNTY,463,71 Years,269,130,139,110,51,59,0,0,0,1,1,0,1,0,1,157,78,79
UVALDE COUNTY,463,72 Years,259,118,141,112,49,63,0,0,0,1,1,0,1,1,0,145,67,78
UVALDE COUNTY,463,73 Years,227,104,123,102,48,54,1,0,1,0,0,0,2,2,0,122,54,68
UVALDE COUNTY,463,74 Years,198,91,107,89,42,47,0,0,0,1,0,1,1,0,1,107,49,58
UVALDE COUNTY,463,75 Years,196,97,99,90,46,44,1,1,0,0,0,0,1,0,1,104,50,54
UVALDE COUNTY,463,76 Years,184,89,95,94,44,50,1,1,0,0,0,0,4,3,1,85,41,44
UVALDE COUNTY,463,77 Years,165,70,95,81,38,43,1,1,0,0,0,0,1,0,1,82,31,51
UVALDE COUNTY,463,78 Years,151,65,86,70,32,38,0,0,0,0,0,0,1,0,1,80,33,47
UVALDE COUNTY,463,79 Years,130,58,72,60,29,31,0,0,0,0,0,0,1,0,1,69,29,40
UVALDE COUNTY,463,80 Years,128,62,66,69,37,32,1,0,1,1,1,0,1,0,1,56,24,32
UVALDE COUNTY,463,81 Years,128,63,65,67,36,31,0,0,0,1,1,0,1,0,1,59,26,33
UVALDE COUNTY,463,82 Years,117,50,67,51,23,28,0,0,0,0,0,0,1,0,1,65,27,38
UVALDE COUNTY,463,83 Years,103,47,56,49,26,23,0,0,0,0,0,0,0,0,0,54,21,33
UVALDE COUNTY,463,84 Years,95,40,55,42,19,23,0,0,0,1,1,0,1,0,1,51,20,31
UVALDE COUNTY,463,85 Years,85,38,47,37,17,20,2,2,0,1,1,0,0,0,0,45,18,27
UVALDE COUNTY,463,86 Years,79,30,49,37,14,23,1,1,0,0,0,0,0,0,0,41,15,26
UVALDE COUNTY,463,87 Years,76,31,45,35,13,22,0,0,0,0,0,0,1,1,0,40,17,23
UVALDE COUNTY,463,88 Years,59,26,33,28,14,14,0,0,0,0,0,0,2,1,1,29,11,18
UVALDE COUNTY,463,89 Years,58,27,31,27,12,15,1,0,1,0,0,0,1,1,0,29,14,15
UVALDE COUNTY,463,90 Years,46,21,25,22,10,12,0,0,0,0,0,0,1,0,1,23,11,12
UVALDE COUNTY,463,91 Years,41,17,24,22,9,13,0,0,0,0,0,0,0,0,0,19,8,11
UVALDE COUNTY,463,92 Years,32,13,19,20,9,11,0,0,0,0,0,0,0,0,0,12,4,8
UVALDE COUNTY,463,93 Years,27,11,16,15,6,9,0,0,0,0,0,0,0,0,0,12,5,7
UVALDE COUNTY,463,94 Years,23,10,13,12,5,7,0,0,0,0,0,0,0,0,0,11,5,6
UVALDE COUNTY,463,95 Years +,60,21,39,26,9,17,1,0,1,0,0,0,1,0,1,32,12,20
VAL VERDE COUNTY,465,All Ages,50853,26054,24799,7762,4265,3497,636,373,263,222,104,118,518,285,233,41715,21027,20688
VAL VERDE COUNTY,465,< 1 Year,800,412,388,112,56,56,4,3,1,1,1,0,15,7,8,668,345,323
VAL VERDE COUNTY,465,1 Years,790,408,382,109,55,54,4,2,2,1,1,0,16,8,8,660,342,318
VAL VERDE COUNTY,465,2 Years,813,420,393,112,60,52,4,3,1,1,1,0,13,8,5,683,348,335
VAL VERDE COUNTY,465,3 Years,853,439,414,112,59,53,4,2,2,1,1,0,18,12,6,718,365,353
VAL VERDE COUNTY,465,4 Years,874,440,434,119,62,57,6,4,2,1,1,0,14,10,4,734,363,371
VAL VERDE COUNTY,465,5 Years,866,442,424,121,63,58,4,2,2,2,1,1,17,11,6,722,365,357
VAL VERDE COUNTY,465,6 Years,845,435,410,122,65,57,6,4,2,1,1,0,16,11,5,700,354,346
VAL VERDE COUNTY,465,7 Years,834,429,405,120,65,55,4,2,2,1,1,0,15,9,6,694,352,342
VAL VERDE COUNTY,465,8 Years,825,415,410,119,62,57,4,2,2,1,1,0,12,7,5,689,343,346
VAL VERDE COUNTY,465,9 Years,701,355,346,93,48,45,4,3,1,1,1,0,7,4,3,596,299,297
VAL VERDE COUNTY,465,10 Years,790,401,389,94,52,42,10,4,6,4,4,0,11,5,6,671,336,335
VAL VERDE COUNTY,465,11 Years,789,405,384,93,48,45,10,5,5,2,2,0,8,5,3,676,345,331
VAL VERDE COUNTY,465,12 Years,729,348,381,80,40,40,5,3,2,3,2,1,7,3,4,634,300,334
VAL VERDE COUNTY,465,13 Years,760,357,403,80,40,40,8,4,4,2,1,1,8,3,5,662,309,353
VAL VERDE COUNTY,465,14 Years,792,395,397,84,46,38,8,5,3,5,4,1,5,2,3,690,338,352
VAL VERDE COUNTY,465,15 Years,753,392,361,73,40,33,8,3,5,5,2,3,8,5,3,659,342,317
VAL VERDE COUNTY,465,16 Years,708,362,346,72,37,35,9,2,7,4,1,3,7,4,3,616,318,298
VAL VERDE COUNTY,465,17 Years,787,398,389,92,51,41,17,10,7,4,1,3,5,1,4,669,335,334
VAL VERDE COUNTY,465,18 Years,774,408,366,84,48,36,10,6,4,3,0,3,8,5,3,669,349,320
VAL VERDE COUNTY,465,19 Years,732,396,336,64,36,28,8,5,3,3,1,2,6,3,3,651,351,300
VAL VERDE COUNTY,465,20 Years,782,438,344,93,59,34,13,6,7,2,1,1,8,5,3,666,367,299
VAL VERDE COUNTY,465,21 Years,759,423,336,90,55,35,13,10,3,4,3,1,9,8,1,643,347,296
VAL VERDE COUNTY,465,22 Years,827,494,333,156,105,51,16,9,7,3,2,1,7,6,1,645,372,273
VAL VERDE COUNTY,465,23 Years,972,606,366,262,196,66,18,12,6,3,3,0,17,14,3,672,381,291
VAL VERDE COUNTY,465,24 Years,974,582,392,240,179,61,19,12,7,2,2,0,6,4,2,707,385,322
VAL VERDE COUNTY,465,25 Years,885,495,390,156,100,56,18,11,7,1,1,0,7,4,3,703,379,324
VAL VERDE COUNTY,465,26 Years,844,451,393,121,59,62,10,6,4,2,1,1,8,4,4,703,381,322
VAL VERDE COUNTY,465,27 Years,850,496,354,119,66,53,15,11,4,1,1,0,8,2,6,707,416,291
VAL VERDE COUNTY,465,28 Years,773,444,329,115,66,49,6,3,3,1,1,0,15,9,6,636,365,271
VAL VERDE COUNTY,465,29 Years,688,378,310,83,44,39,13,6,7,0,0,0,6,3,3,586,325,261
VAL VERDE COUNTY,465,30 Years,659,354,305,87,37,50,17,10,7,0,0,0,12,6,6,543,301,242
VAL VERDE COUNTY,465,31 Years,636,342,294,69,37,32,9,4,5,2,0,2,7,1,6,549,300,249
VAL VERDE COUNTY,465,32 Years,627,351,276,71,42,29,7,4,3,7,6,1,6,0,6,536,299,237
VAL VERDE COUNTY,465,33 Years,665,369,296,74,42,32,6,4,2,7,5,2,10,2,8,568,316,252
VAL VERDE COUNTY,465,34 Years,635,348,287,85,49,36,8,4,4,3,2,1,6,2,4,533,291,242
VAL VERDE COUNTY,465,35 Years,599,319,280,80,47,33,7,4,3,3,2,1,5,3,2,504,263,241
VAL VERDE COUNTY,465,36 Years,563,314,249,84,50,34,7,5,2,3,1,2,4,3,1,465,255,210
VAL VERDE COUNTY,465,37 Years,611,319,292,80,45,35,5,4,1,6,3,3,4,3,1,516,264,252
VAL VERDE COUNTY,465,38 Years,618,323,295,83,51,32,8,4,4,7,3,4,4,3,1,516,262,254
VAL VERDE COUNTY,465,39 Years,599,323,276,90,56,34,7,3,4,4,2,2,4,2,2,494,260,234
VAL VERDE COUNTY,465,40 Years,556,308,248,95,59,36,10,5,5,2,1,1,3,2,1,446,241,205
VAL VERDE COUNTY,465,41 Years,564,312,252,83,53,30,8,4,4,7,1,6,3,3,0,463,251,212
VAL VERDE COUNTY,465,42 Years,536,280,256,77,47,30,7,2,5,4,0,4,4,2,2,444,229,215
VAL VERDE COUNTY,465,43 Years,529,269,260,66,32,34,7,3,4,3,2,1,4,3,1,449,229,220
VAL VERDE COUNTY,465,44 Years,567,283,284,73,31,42,6,2,4,2,0,2,5,3,2,481,247,234
VAL VERDE COUNTY,465,45 Years,578,278,300,70,32,38,7,3,4,3,1,2,4,2,2,494,240,254
VAL VERDE COUNTY,465,46 Years,577,279,298,65,31,34,5,3,2,7,2,5,4,1,3,496,242,254
VAL VERDE COUNTY,465,47 Years,558,263,295,79,38,41,7,4,3,5,2,3,3,0,3,464,219,245
VAL VERDE COUNTY,465,48 Years,517,249,268,72,38,34,7,4,3,5,2,3,2,1,1,431,204,227
VAL VERDE COUNTY,465,49 Years,533,272,261,77,47,30,5,4,1,5,3,2,2,2,0,444,216,228
VAL VERDE COUNTY,465,50 Years,529,269,260,81,44,37,6,3,3,2,1,1,4,2,2,436,219,217
VAL VERDE COUNTY,465,51 Years,524,258,266,76,34,42,6,4,2,6,3,3,5,2,3,431,215,216
VAL VERDE COUNTY,465,52 Years,509,249,260,92,46,46,6,4,2,3,1,2,4,1,3,404,197,207
VAL VERDE COUNTY,465,53 Years,526,268,258,87,50,37,10,6,4,2,2,0,2,1,1,425,209,216
VAL VERDE COUNTY,465,54 Years,532,257,275,87,46,41,6,2,4,1,0,1,1,1,0,437,208,229
VAL VERDE COUNTY,465,55 Years,506,253,253,77,46,31,6,5,1,1,0,1,2,1,1,420,201,219
VAL VERDE COUNTY,465,56 Years,527,248,279,88,48,40,7,5,2,5,2,3,3,0,3,424,193,231
VAL VERDE COUNTY,465,57 Years,500,232,268,78,41,37,7,5,2,4,1,3,3,0,3,408,185,223
VAL VERDE COUNTY,465,58 Years,487,234,253,82,45,37,8,4,4,2,2,0,3,2,1,392,181,211
VAL VERDE COUNTY,465,59 Years,476,217,259,91,45,46,9,6,3,2,2,0,3,2,1,371,162,209
VAL VERDE COUNTY,465,60 Years,461,211,250,83,44,39,6,6,0,1,0,1,4,2,2,367,159,208
VAL VERDE COUNTY,465,61 Years,464,229,235,87,44,43,9,6,3,3,1,2,5,3,2,360,175,185
VAL VERDE COUNTY,465,62 Years,449,236,213,88,47,41,9,7,2,2,0,2,2,2,0,348,180,168
VAL VERDE COUNTY,465,63 Years,450,212,238,88,43,45,8,4,4,2,1,1,2,2,0,350,162,188
VAL VERDE COUNTY,465,64 Years,426,198,228,69,40,29,10,6,4,3,1,2,5,2,3,339,149,190
VAL VERDE COUNTY,465,65 Years,424,184,240,80,39,41,7,4,3,1,0,1,4,2,2,332,139,193
VAL VERDE COUNTY,465,66 Years,448,201,247,88,45,43,5,4,1,2,0,2,4,3,1,349,149,200
VAL VERDE COUNTY,465,67 Years,424,203,221,90,48,42,4,4,0,1,0,1,4,3,1,325,148,177
VAL VERDE COUNTY,465,68 Years,436,198,238,90,49,41,4,1,3,1,0,1,7,2,5,334,146,188
VAL VERDE COUNTY,465,69 Years,403,181,222,81,41,40,4,3,1,2,1,1,3,0,3,313,136,177
VAL VERDE COUNTY,465,70 Years,421,191,230,79,41,38,8,5,3,1,0,1,3,1,2,330,144,186
VAL VERDE COUNTY,465,71 Years,445,202,243,77,41,36,9,6,3,2,0,2,4,3,1,353,152,201
VAL VERDE COUNTY,465,72 Years,400,198,202,90,48,42,4,3,1,1,0,1,3,2,1,302,145,157
VAL VERDE COUNTY,465,73 Years,377,187,190,82,46,36,4,3,1,4,2,2,2,2,0,285,134,151
VAL VERDE COUNTY,465,74 Years,353,173,180,80,38,42,2,1,1,4,2,2,1,1,0,266,131,135
VAL VERDE COUNTY,465,75 Years,360,171,189,87,40,47,3,3,0,3,1,2,1,1,0,266,126,140
VAL VERDE COUNTY,465,76 Years,296,150,146,60,31,29,3,2,1,0,0,0,4,4,0,229,113,116
VAL VERDE COUNTY,465,77 Years,276,133,143,52,27,25,6,3,3,0,0,0,1,1,0,217,102,115
VAL VERDE COUNTY,465,78 Years,277,136,141,53,22,31,5,3,2,0,0,0,2,1,1,217,110,107
VAL VERDE COUNTY,465,79 Years,258,116,142,54,22,32,1,0,1,1,0,1,1,0,1,201,94,107
VAL VERDE COUNTY,465,80 Years,240,108,132,46,19,27,3,2,1,2,0,2,4,2,2,185,85,100
VAL VERDE COUNTY,465,81 Years,231,110,121,55,25,30,3,2,1,0,0,0,3,1,2,170,82,88
VAL VERDE COUNTY,465,82 Years,218,98,120,51,27,24,3,2,1,1,0,1,2,1,1,161,68,93
VAL VERDE COUNTY,465,83 Years,204,89,115,41,22,19,5,3,2,2,0,2,2,1,1,154,63,91
VAL VERDE COUNTY,465,84 Years,159,72,87,39,22,17,3,3,0,1,0,1,2,1,1,114,46,68
VAL VERDE COUNTY,465,85 Years,142,60,82,29,14,15,1,1,0,0,0,0,3,1,2,109,44,65
VAL VERDE COUNTY,465,86 Years,135,57,78,30,16,14,1,1,0,0,0,0,3,1,2,101,39,62
VAL VERDE COUNTY,465,87 Years,118,51,67,24,12,12,0,0,0,0,0,0,1,1,0,93,38,55
VAL VERDE COUNTY,465,88 Years,105,39,66,21,9,12,1,1,0,1,0,1,0,0,0,82,29,53
VAL VERDE COUNTY,465,89 Years,98,39,59,15,7,8,0,0,0,1,0,1,1,1,0,81,31,50
VAL VERDE COUNTY,465,90 Years,77,30,47,14,6,8,1,0,1,0,0,0,0,0,0,62,24,38
VAL VERDE COUNTY,465,91 Years,61,21,40,12,5,7,0,0,0,0,0,0,1,0,1,48,16,32
VAL VERDE COUNTY,465,92 Years,47,16,31,9,3,6,1,0,1,1,0,1,0,0,0,36,13,23
VAL VERDE COUNTY,465,93 Years,37,13,24,9,3,6,0,0,0,0,0,0,0,0,0,28,10,18
VAL VERDE COUNTY,465,94 Years,29,9,20,5,2,3,2,0,2,0,0,0,0,0,0,22,7,15
VAL VERDE COUNTY,465,95 Years +,92,28,64,15,6,9,2,0,2,1,0,1,1,0,1,73,22,51
VAN ZANDT COUNTY,467,All Ages,56376,27780,28596,47008,23003,24005,1587,800,787,232,98,134,1412,700,712,6137,3179,2958
VAN ZANDT COUNTY,467,< 1 Year,704,367,337,533,273,260,14,7,7,4,2,2,30,17,13,123,68,55
VAN ZANDT COUNTY,467,1 Years,711,366,345,534,275,259,16,9,7,5,2,3,39,20,19,117,60,57
VAN ZANDT COUNTY,467,2 Years,723,374,349,548,290,258,19,9,10,5,2,3,32,15,17,119,58,61
VAN ZANDT COUNTY,467,3 Years,718,368,350,546,287,259,20,11,9,5,1,4,40,17,23,107,52,55
VAN ZANDT COUNTY,467,4 Years,700,362,338,526,275,251,22,13,9,5,0,5,36,14,22,111,60,51
VAN ZANDT COUNTY,467,5 Years,693,354,339,512,264,248,23,13,10,6,2,4,44,19,25,108,56,52
VAN ZANDT COUNTY,467,6 Years,685,359,326,505,269,236,22,12,10,10,5,5,42,20,22,106,53,53
VAN ZANDT COUNTY,467,7 Years,681,358,323,506,271,235,20,10,10,9,4,5,40,21,19,106,52,54
VAN ZANDT COUNTY,467,8 Years,676,353,323,508,272,236,20,11,9,7,3,4,26,13,13,115,54,61
VAN ZANDT COUNTY,467,9 Years,734,372,362,555,299,256,19,8,11,5,1,4,24,13,11,131,51,80
VAN ZANDT COUNTY,467,10 Years,674,345,329,503,261,242,14,5,9,4,3,1,22,12,10,131,64,67
VAN ZANDT COUNTY,467,11 Years,712,341,371,516,253,263,19,10,9,3,2,1,20,8,12,154,68,86
VAN ZANDT COUNTY,467,12 Years,689,332,357,531,250,281,19,10,9,2,2,0,15,7,8,122,63,59
VAN ZANDT COUNTY,467,13 Years,705,358,347,533,270,263,16,8,8,2,2,0,18,9,9,136,69,67
VAN ZANDT COUNTY,467,14 Years,711,349,362,534,265,269,17,9,8,3,3,0,24,13,11,133,59,74
VAN ZANDT COUNTY,467,15 Years,716,359,357,548,275,273,26,17,9,3,2,1,19,9,10,120,56,64
VAN ZANDT COUNTY,467,16 Years,724,381,343,547,299,248,24,16,8,2,1,1,18,6,12,133,59,74
VAN ZANDT COUNTY,467,17 Years,675,359,316,520,280,240,21,11,10,0,0,0,20,12,8,114,56,58
VAN ZANDT COUNTY,467,18 Years,642,325,317,481,243,238,24,13,11,2,1,1,27,10,17,108,58,50
VAN ZANDT COUNTY,467,19 Years,592,288,304,426,208,218,20,11,9,3,3,0,25,12,13,118,54,64
VAN ZANDT COUNTY,467,20 Years,547,284,263,406,211,195,15,7,8,3,1,2,25,11,14,98,54,44
VAN ZANDT COUNTY,467,21 Years,545,277,268,401,206,195,19,10,9,3,0,3,29,11,18,93,50,43
VAN ZANDT COUNTY,467,22 Years,551,292,259,408,210,198,22,16,6,2,2,0,21,10,11,98,54,44
VAN ZANDT COUNTY,467,23 Years,571,279,292,433,209,224,36,15,21,1,1,0,23,13,10,78,41,37
VAN ZANDT COUNTY,467,24 Years,601,308,293,471,238,233,23,8,15,4,3,1,29,19,10,74,40,34
VAN ZANDT COUNTY,467,25 Years,628,320,308,503,247,256,20,11,9,1,1,0,19,11,8,85,50,35
VAN ZANDT COUNTY,467,26 Years,693,354,339,533,264,269,34,19,15,1,1,0,25,19,6,100,51,49
VAN ZANDT COUNTY,467,27 Years,714,351,363,569,284,285,27,12,15,1,1,0,24,12,12,93,42,51
VAN ZANDT COUNTY,467,28 Years,711,345,366,570,282,288,24,8,16,1,1,0,13,5,8,103,49,54
VAN ZANDT COUNTY,467,29 Years,656,307,349,530,246,284,19,10,9,2,1,1,10,5,5,95,45,50
VAN ZANDT COUNTY,467,30 Years,650,306,344,527,250,277,17,11,6,1,0,1,9,5,4,96,40,56
VAN ZANDT COUNTY,467,31 Years,615,307,308,502,257,245,10,4,6,2,1,1,6,2,4,95,43,52
VAN ZANDT COUNTY,467,32 Years,585,282,303,480,232,248,12,5,7,0,0,0,7,3,4,86,42,44
VAN ZANDT COUNTY,467,33 Years,593,299,294,478,243,235,14,5,9,2,1,1,12,8,4,87,42,45
VAN ZANDT COUNTY,467,34 Years,601,298,303,491,239,252,16,10,6,1,0,1,12,5,7,81,44,37
VAN ZANDT COUNTY,467,35 Years,572,300,272,476,245,231,19,10,9,0,0,0,9,4,5,68,41,27
VAN ZANDT COUNTY,467,36 Years,640,330,310,519,256,263,19,12,7,1,0,1,13,8,5,88,54,34
VAN ZANDT COUNTY,467,37 Years,621,308,313,501,243,258,19,11,8,5,2,3,10,5,5,86,47,39
VAN ZANDT COUNTY,467,38 Years,622,310,312,533,263,270,10,7,3,3,2,1,9,4,5,67,34,33
VAN ZANDT COUNTY,467,39 Years,605,315,290,507,260,247,12,7,5,3,1,2,7,3,4,76,44,32
VAN ZANDT COUNTY,467,40 Years,584,310,274,478,245,233,10,5,5,3,1,2,4,1,3,89,58,31
VAN ZANDT COUNTY,467,41 Years,601,302,299,488,248,240,15,7,8,3,1,2,16,9,7,79,37,42
VAN ZANDT COUNTY,467,42 Years,614,293,321,511,239,272,13,8,5,5,1,4,14,7,7,71,38,33
VAN ZANDT COUNTY,467,43 Years,639,339,300,529,267,262,20,14,6,2,1,1,9,7,2,79,50,29
VAN ZANDT COUNTY,467,44 Years,610,321,289,510,264,246,16,8,8,1,1,0,10,7,3,73,41,32
VAN ZANDT COUNTY,467,45 Years,588,299,289,491,249,242,17,9,8,3,3,0,14,9,5,63,29,34
VAN ZANDT COUNTY,467,46 Years,634,314,320,538,261,277,17,9,8,4,1,3,12,6,6,63,37,26
VAN ZANDT COUNTY,467,47 Years,671,325,346,576,280,296,13,10,3,6,1,5,14,5,9,62,29,33
VAN ZANDT COUNTY,467,48 Years,694,339,355,587,288,299,20,10,10,6,1,5,10,4,6,71,36,35
VAN ZANDT COUNTY,467,49 Years,726,346,380,610,286,324,22,11,11,3,1,2,10,4,6,81,44,37
VAN ZANDT COUNTY,467,50 Years,699,336,363,605,279,326,11,6,5,5,2,3,6,2,4,72,47,25
VAN ZANDT COUNTY,467,51 Years,662,309,353,574,262,312,11,6,5,2,0,2,14,9,5,61,32,29
VAN ZANDT COUNTY,467,52 Years,665,324,341,575,281,294,13,5,8,0,0,0,15,11,4,62,27,35
VAN ZANDT COUNTY,467,53 Years,691,330,361,596,286,310,13,5,8,2,1,1,14,5,9,66,33,33
VAN ZANDT COUNTY,467,54 Years,783,379,404,686,324,362,20,12,8,3,1,2,13,5,8,61,37,24
VAN ZANDT COUNTY,467,55 Years,799,389,410,684,329,355,25,12,13,1,1,0,20,9,11,69,38,31
VAN ZANDT COUNTY,467,56 Years,853,415,438,753,365,388,24,9,15,2,0,2,21,10,11,53,31,22
VAN ZANDT COUNTY,467,57 Years,794,386,408,714,347,367,22,9,13,2,1,1,18,9,9,38,20,18
VAN ZANDT COUNTY,467,58 Years,782,391,391,700,346,354,21,12,9,1,1,0,15,7,8,45,25,20
VAN ZANDT COUNTY,467,59 Years,843,431,412,752,378,374,26,15,11,4,1,3,12,8,4,49,29,20
VAN ZANDT COUNTY,467,60 Years,835,418,417,741,370,371,21,10,11,6,1,5,17,8,9,50,29,21
VAN ZANDT COUNTY,467,61 Years,791,380,411,703,336,367,23,12,11,4,0,4,13,5,8,48,27,21
VAN ZANDT COUNTY,467,62 Years,822,390,432,727,344,383,19,10,9,3,1,2,17,10,7,56,25,31
VAN ZANDT COUNTY,467,63 Years,810,384,426,720,332,388,22,12,10,2,1,1,18,12,6,48,27,21
VAN ZANDT COUNTY,467,64 Years,772,378,394,696,334,362,23,13,10,1,1,0,13,5,8,39,25,14
VAN ZANDT COUNTY,467,65 Years,762,387,375,682,345,337,26,11,15,0,0,0,14,6,8,40,25,15
VAN ZANDT COUNTY,467,66 Years,759,370,389,687,332,355,22,9,13,4,1,3,9,4,5,37,24,13
VAN ZANDT COUNTY,467,67 Years,708,340,368,643,308,335,18,6,12,3,0,3,13,9,4,31,17,14
VAN ZANDT COUNTY,467,68 Years,712,336,376,650,305,345,20,9,11,2,1,1,10,5,5,30,16,14
VAN ZANDT COUNTY,467,69 Years,693,327,366,636,296,340,17,9,8,4,1,3,12,6,6,24,15,9
VAN ZANDT COUNTY,467,70 Years,665,326,339,608,294,314,22,11,11,3,1,2,10,7,3,22,13,9
VAN ZANDT COUNTY,467,71 Years,718,338,380,654,308,346,22,9,13,2,1,1,9,4,5,31,16,15
VAN ZANDT COUNTY,467,72 Years,726,353,373,662,317,345,19,8,11,2,0,2,13,8,5,30,20,10
VAN ZANDT COUNTY,467,73 Years,583,282,301,536,257,279,11,6,5,3,1,2,10,4,6,23,14,9
VAN ZANDT COUNTY,467,74 Years,524,254,270,478,231,247,11,8,3,1,0,1,9,2,7,25,13,12
VAN ZANDT COUNTY,467,75 Years,545,263,282,509,243,266,9,4,5,1,1,0,9,3,6,17,12,5
VAN ZANDT COUNTY,467,76 Years,516,255,261,482,236,246,9,5,4,2,2,0,13,5,8,10,7,3
VAN ZANDT COUNTY,467,77 Years,461,205,256,432,192,240,11,5,6,1,1,0,10,5,5,7,2,5
VAN ZANDT COUNTY,467,78 Years,465,207,258,431,189,242,13,6,7,0,0,0,9,6,3,12,6,6
VAN ZANDT COUNTY,467,79 Years,414,193,221,380,173,207,10,6,4,0,0,0,10,7,3,14,7,7
VAN ZANDT COUNTY,467,80 Years,375,174,201,352,164,188,7,4,3,2,0,2,6,4,2,8,2,6
VAN ZANDT COUNTY,467,81 Years,355,164,191,332,149,183,7,5,2,0,0,0,6,4,2,10,6,4
VAN ZANDT COUNTY,467,82 Years,326,147,179,305,136,169,7,3,4,1,1,0,5,2,3,8,5,3
VAN ZANDT COUNTY,467,83 Years,302,145,157,282,136,146,9,4,5,1,1,0,3,0,3,7,4,3
VAN ZANDT COUNTY,467,84 Years,267,128,139,249,122,127,9,1,8,0,0,0,3,0,3,6,5,1
VAN ZANDT COUNTY,467,85 Years,232,99,133,213,93,120,12,4,8,0,0,0,2,0,2,5,2,3
VAN ZANDT COUNTY,467,86 Years,175,72,103,158,65,93,8,2,6,1,1,0,3,1,2,5,3,2
VAN ZANDT COUNTY,467,87 Years,172,70,102,157,64,93,9,3,6,0,0,0,3,1,2,3,2,1
VAN ZANDT COUNTY,467,88 Years,155,58,97,143,54,89,7,2,5,2,1,1,2,1,1,1,0,1
VAN ZANDT COUNTY,467,89 Years,126,50,76,114,45,69,7,3,4,0,0,0,1,0,1,4,2,2
VAN ZANDT COUNTY,467,90 Years,111,42,69,101,36,65,4,2,2,0,0,0,1,1,0,5,3,2
VAN ZANDT COUNTY,467,91 Years,97,34,63,87,30,57,6,2,4,0,0,0,2,1,1,2,1,1
VAN ZANDT COUNTY,467,92 Years,74,28,46,68,24,44,2,1,1,0,0,0,0,0,0,4,3,1
VAN ZANDT COUNTY,467,93 Years,53,16,37,48,15,33,2,0,2,0,0,0,1,0,1,2,1,1
VAN ZANDT COUNTY,467,94 Years,45,13,32,41,13,28,3,0,3,0,0,0,1,0,1,0,0,0
VAN ZANDT COUNTY,467,95 Years +,112,34,78,94,27,67,9,2,7,1,0,1,1,0,1,7,5,2
VICTORIA COUNTY,469,All Ages,91329,45269,46060,40448,19746,20702,5480,2775,2705,1018,505,513,1461,713,748,42922,21530,21392
VICTORIA COUNTY,469,< 1 Year,1118,572,546,332,170,162,54,27,27,12,6,6,48,23,25,672,346,326
VICTORIA COUNTY,469,1 Years,1117,575,542,339,174,165,59,28,31,10,5,5,48,25,23,661,343,318
VICTORIA COUNTY,469,2 Years,1128,581,547,355,181,174,55,27,28,11,6,5,53,26,27,654,341,313
VICTORIA COUNTY,469,3 Years,1181,614,567,388,201,187,58,30,28,12,7,5,55,30,25,668,346,322
VICTORIA COUNTY,469,4 Years,1229,638,591,413,210,203,52,27,25,19,10,9,60,32,28,685,359,326
VICTORIA COUNTY,469,5 Years,1255,648,607,434,221,213,55,28,27,19,10,9,60,30,30,687,359,328
VICTORIA COUNTY,469,6 Years,1233,633,600,439,222,217,55,26,29,18,10,8,53,28,25,668,347,321
VICTORIA COUNTY,469,7 Years,1206,603,603,440,222,218,57,28,29,14,7,7,44,21,23,651,325,326
VICTORIA COUNTY,469,8 Years,1189,600,589,431,215,216,55,27,28,13,7,6,34,18,16,656,333,323
VICTORIA COUNTY,469,9 Years,1167,596,571,405,206,199,55,29,26,10,7,3,30,13,17,667,341,326
VICTORIA COUNTY,469,10 Years,1244,651,593,418,227,191,63,34,29,6,4,2,34,13,21,723,373,350
VICTORIA COUNTY,469,11 Years,1298,681,617,401,212,189,73,38,35,9,3,6,26,13,13,789,415,374
VICTORIA COUNTY,469,12 Years,1272,655,617,404,202,202,72,39,33,18,7,11,17,7,10,761,400,361
VICTORIA COUNTY,469,13 Years,1248,631,617,383,187,196,84,40,44,16,8,8,18,9,9,747,387,360
VICTORIA COUNTY,469,14 Years,1232,629,603,393,201,192,74,34,40,11,8,3,23,10,13,731,376,355
VICTORIA COUNTY,469,15 Years,1208,603,605,377,192,185,86,40,46,13,9,4,23,9,14,709,353,356
VICTORIA COUNTY,469,16 Years,1221,620,601,361,192,169,84,42,42,23,10,13,27,12,15,726,364,362
VICTORIA COUNTY,469,17 Years,1201,618,583,375,198,177,85,44,41,16,10,6,29,16,13,696,350,346
VICTORIA COUNTY,469,18 Years,1227,610,617,374,197,177,90,42,48,23,10,13,22,12,10,718,349,369
VICTORIA COUNTY,469,19 Years,1255,657,598,372,198,174,91,53,38,20,7,13,22,11,11,750,388,362
VICTORIA COUNTY,469,20 Years,1173,600,573,354,196,158,94,46,48,7,4,3,21,11,10,697,343,354
VICTORIA COUNTY,469,21 Years,1221,589,632,397,193,204,84,33,51,22,11,11,32,12,20,686,340,346
VICTORIA COUNTY,469,22 Years,1283,639,644,472,224,248,98,42,56,16,7,9,32,17,15,665,349,316
VICTORIA COUNTY,469,23 Years,1376,691,685,527,256,271,105,55,50,27,11,16,27,13,14,690,356,334
VICTORIA COUNTY,469,24 Years,1406,708,698,564,276,288,97,51,46,14,7,7,26,13,13,705,361,344
VICTORIA COUNTY,469,25 Years,1509,781,728,601,307,294,105,49,56,19,15,4,29,12,17,755,398,357
VICTORIA COUNTY,469,26 Years,1594,825,769,614,303,311,106,54,52,12,8,4,25,10,15,837,450,387
VICTORIA COUNTY,469,27 Years,1579,845,734,662,363,299,102,48,54,5,2,3,19,10,9,791,422,369
VICTORIA COUNTY,469,28 Years,1505,744,761,645,303,342,108,38,70,4,2,2,28,13,15,720,388,332
VICTORIA COUNTY,469,29 Years,1512,768,744,636,300,336,103,50,53,3,1,2,15,8,7,755,409,346
VICTORIA COUNTY,469,30 Years,1518,776,742,636,317,319,120,51,69,8,3,5,12,7,5,742,398,344
VICTORIA COUNTY,469,31 Years,1399,728,671,574,303,271,86,51,35,6,3,3,20,7,13,713,364,349
VICTORIA COUNTY,469,32 Years,1350,705,645,530,286,244,120,60,60,6,3,3,15,4,11,679,352,327
VICTORIA COUNTY,469,33 Years,1331,690,641,549,291,258,95,53,42,7,4,3,9,4,5,671,338,333
VICTORIA COUNTY,469,34 Years,1282,600,682,556,258,298,90,38,52,8,5,3,15,9,6,613,290,323
VICTORIA COUNTY,469,35 Years,1246,608,638,540,251,289,90,44,46,10,5,5,13,8,5,593,300,293
VICTORIA COUNTY,469,36 Years,1271,653,618,524,276,248,66,26,40,20,15,5,15,8,7,646,328,318
VICTORIA COUNTY,469,37 Years,1231,622,609,524,274,250,59,25,34,13,8,5,11,9,2,624,306,318
VICTORIA COUNTY,469,38 Years,1231,587,644,559,268,291,61,29,32,12,7,5,10,6,4,589,277,312
VICTORIA COUNTY,469,39 Years,1194,605,589,511,260,251,70,46,24,14,7,7,10,7,3,589,285,304
VICTORIA COUNTY,469,40 Years,1101,544,557,481,224,257,83,49,34,14,7,7,9,8,1,514,256,258
VICTORIA COUNTY,469,41 Years,1012,490,522,433,195,238,74,46,28,9,3,6,3,3,0,493,243,250
VICTORIA COUNTY,469,42 Years,983,500,483,412,215,197,45,24,21,9,4,5,7,4,3,510,253,257
VICTORIA COUNTY,469,43 Years,1009,516,493,415,223,192,58,39,19,13,5,8,6,2,4,517,247,270
VICTORIA COUNTY,469,44 Years,973,494,479,422,218,204,50,30,20,17,6,11,5,1,4,479,239,240
VICTORIA COUNTY,469,45 Years,962,465,497,437,214,223,43,24,19,21,8,13,5,1,4,456,218,238
VICTORIA COUNTY,469,46 Years,994,491,503,473,229,244,52,35,17,16,8,8,4,1,3,449,218,231
VICTORIA COUNTY,469,47 Years,1003,510,493,466,229,237,51,34,17,11,5,6,14,4,10,461,238,223
VICTORIA COUNTY,469,48 Years,979,486,493,446,214,232,61,38,23,15,5,10,12,4,8,445,225,220
VICTORIA COUNTY,469,49 Years,990,502,488,471,234,237,54,36,18,14,6,8,3,2,1,448,224,224
VICTORIA COUNTY,469,50 Years,907,446,461,423,211,212,50,26,24,13,5,8,5,2,3,416,202,214
VICTORIA COUNTY,469,51 Years,872,424,448,401,199,202,57,31,26,11,5,6,6,3,3,397,186,211
VICTORIA COUNTY,469,52 Years,909,440,469,436,203,233,56,34,22,15,8,7,5,2,3,397,193,204
VICTORIA COUNTY,469,53 Years,969,495,474,482,242,240,63,43,20,16,7,9,3,2,1,405,201,204
VICTORIA COUNTY,469,54 Years,1037,501,536,519,251,268,80,43,37,11,5,6,8,2,6,419,200,219
VICTORIA COUNTY,469,55 Years,1052,530,522,530,260,270,64,37,27,14,10,4,10,3,7,434,220,214
VICTORIA COUNTY,469,56 Years,1060,518,542,550,255,295,61,32,29,13,10,3,13,6,7,423,215,208
VICTORIA COUNTY,469,57 Years,1082,510,572,572,259,313,64,35,29,15,8,7,12,6,6,419,202,217
VICTORIA COUNTY,469,58 Years,1115,552,563,611,302,309,62,32,30,12,8,4,9,5,4,421,205,216
VICTORIA COUNTY,469,59 Years,1095,541,554,611,314,297,62,31,31,10,6,4,6,2,4,406,188,218
VICTORIA COUNTY,469,60 Years,1092,531,561,620,304,316,58,27,31,8,2,6,12,6,6,394,192,202
VICTORIA COUNTY,469,61 Years,1114,544,570,628,300,328,53,29,24,9,4,5,17,7,10,407,204,203
VICTORIA COUNTY,469,62 Years,1063,534,529,574,277,297,56,33,23,19,7,12,12,8,4,402,209,193
VICTORIA COUNTY,469,63 Years,1025,505,520,588,282,306,59,28,31,11,4,7,12,8,4,355,183,172
VICTORIA COUNTY,469,64 Years,1078,517,561,612,295,317,73,31,42,15,8,7,15,9,6,363,174,189
VICTORIA COUNTY,469,65 Years,1010,476,534,583,277,306,69,34,35,15,7,8,15,10,5,328,148,180
VICTORIA COUNTY,469,66 Years,948,457,491,546,265,281,68,38,30,12,5,7,10,5,5,312,144,168
VICTORIA COUNTY,469,67 Years,933,426,507,546,251,295,62,30,32,12,5,7,4,1,3,309,139,170
VICTORIA COUNTY,469,68 Years,888,431,457,520,252,268,56,24,32,14,7,7,6,2,4,292,146,146
VICTORIA COUNTY,469,69 Years,876,403,473,514,241,273,47,17,30,11,5,6,8,5,3,296,135,161
VICTORIA COUNTY,469,70 Years,844,384,460,503,223,280,50,21,29,6,1,5,10,5,5,275,134,141
VICTORIA COUNTY,469,71 Years,820,374,446,500,228,272,53,22,31,7,4,3,9,3,6,251,117,134
VICTORIA COUNTY,469,72 Years,788,350,438,485,220,265,38,16,22,11,5,6,9,5,4,245,104,141
VICTORIA COUNTY,469,73 Years,695,333,362,403,199,204,33,18,15,7,3,4,6,3,3,246,110,136
VICTORIA COUNTY,469,74 Years,614,286,328,363,172,191,29,16,13,7,2,5,6,4,2,209,92,117
VICTORIA COUNTY,469,75 Years,586,251,335,389,166,223,26,13,13,4,1,3,6,3,3,161,68,93
VICTORIA COUNTY,469,76 Years,548,258,290,360,174,186,25,14,11,3,1,2,4,2,2,156,67,89
VICTORIA COUNTY,469,77 Years,516,228,288,355,156,199,23,12,11,2,2,0,4,1,3,132,57,75
VICTORIA COUNTY,469,78 Years,463,206,257,315,141,174,20,10,10,3,3,0,2,0,2,123,52,71
VICTORIA COUNTY,469,79 Years,428,187,241,284,122,162,17,8,9,6,3,3,6,3,3,115,51,64
VICTORIA COUNTY,469,80 Years,408,183,225,259,114,145,19,7,12,5,2,3,5,3,2,120,57,63
VICTORIA COUNTY,469,81 Years,375,179,196,238,110,128,15,6,9,4,3,1,5,2,3,113,58,55
VICTORIA COUNTY,469,82 Years,337,147,190,224,97,127,12,6,6,3,0,3,4,1,3,94,43,51
VICTORIA COUNTY,469,83 Years,305,140,165,204,94,110,13,6,7,1,0,1,3,2,1,84,38,46
VICTORIA COUNTY,469,84 Years,313,138,175,214,86,128,11,5,6,2,0,2,3,2,1,83,45,38
VICTORIA COUNTY,469,85 Years,256,105,151,172,68,104,12,5,7,4,2,2,3,1,2,65,29,36
VICTORIA COUNTY,469,86 Years,243,99,144,172,71,101,10,4,6,3,2,1,1,1,0,57,21,36
VICTORIA COUNTY,469,87 Years,236,98,138,173,73,100,10,4,6,3,2,1,0,0,0,50,19,31
VICTORIA COUNTY,469,88 Years,191,75,116,140,55,85,10,3,7,3,1,2,1,1,0,37,15,22
VICTORIA COUNTY,469,89 Years,160,58,102,116,42,74,7,3,4,2,1,1,2,0,2,33,12,21
VICTORIA COUNTY,469,90 Years,135,53,82,99,40,59,6,2,4,2,0,2,3,1,2,25,10,15
VICTORIA COUNTY,469,91 Years,120,46,74,88,35,53,7,2,5,2,1,1,1,0,1,22,8,14
VICTORIA COUNTY,469,92 Years,94,36,58,68,27,41,5,2,3,2,1,1,1,0,1,18,6,12
VICTORIA COUNTY,469,93 Years,75,27,48,52,19,33,5,2,3,1,1,0,1,0,1,16,5,11
VICTORIA COUNTY,469,94 Years,61,25,36,42,16,26,4,2,2,2,2,0,0,0,0,13,5,8
VICTORIA COUNTY,469,95 Years +,147,45,102,99,30,69,13,4,9,2,0,2,0,0,0,33,11,22
WALKER COUNTY,471,All Ages,75949,44602,31347,41911,23664,18247,17221,10912,6309,775,394,381,1409,715,694,14633,8917,5716
WALKER COUNTY,471,< 1 Year,654,349,305,290,153,137,151,75,76,7,4,3,23,14,9,183,103,80
WALKER COUNTY,471,1 Years,661,355,306,288,156,132,164,80,84,6,3,3,27,15,12,176,101,75
WALKER COUNTY,471,2 Years,680,359,321,290,156,134,172,85,87,7,4,3,27,13,14,184,101,83
WALKER COUNTY,471,3 Years,718,370,348,297,157,140,185,92,93,8,3,5,37,15,22,191,103,88
WALKER COUNTY,471,4 Years,753,382,371,312,160,152,179,91,88,10,4,6,41,20,21,211,107,104
WALKER COUNTY,471,5 Years,758,386,372,323,169,154,172,86,86,9,5,4,43,22,21,211,104,107
WALKER COUNTY,471,6 Years,733,381,352,313,165,148,156,80,76,8,5,3,40,21,19,216,110,106
WALKER COUNTY,471,7 Years,716,360,356,309,160,149,150,76,74,7,3,4,38,20,18,212,101,111
WALKER COUNTY,471,8 Years,714,370,344,311,163,148,153,84,69,6,3,3,30,15,15,214,105,109
WALKER COUNTY,471,9 Years,820,436,384,350,180,170,188,91,97,7,3,4,32,19,13,243,143,100
WALKER COUNTY,471,10 Years,757,403,354,338,182,156,182,89,93,6,1,5,20,9,11,211,122,89
WALKER COUNTY,471,11 Years,734,380,354,329,173,156,159,78,81,6,4,2,29,17,12,211,108,103
WALKER COUNTY,471,12 Years,752,376,376,327,164,163,185,98,87,7,4,3,27,17,10,206,93,113
WALKER COUNTY,471,13 Years,744,398,346,314,176,138,185,91,94,7,4,3,36,19,17,202,108,94
WALKER COUNTY,471,14 Years,739,379,360,320,166,154,161,71,90,4,3,1,28,16,12,226,123,103
WALKER COUNTY,471,15 Years,714,371,343,287,143,144,175,87,88,2,1,1,25,16,9,225,124,101
WALKER COUNTY,471,16 Years,774,411,363,358,184,174,178,93,85,4,2,2,24,17,7,210,115,95
WALKER COUNTY,471,17 Years,833,478,355,338,168,170,250,173,77,3,2,1,38,18,20,204,117,87
WALKER COUNTY,471,18 Years,1600,747,853,775,341,434,432,208,224,5,3,2,30,18,12,358,177,181
WALKER COUNTY,471,19 Years,2316,1015,1301,1037,452,585,569,240,329,22,8,14,59,25,34,629,290,339
WALKER COUNTY,471,20 Years,2281,1056,1225,1095,495,600,587,298,289,30,18,12,63,28,35,506,217,289
WALKER COUNTY,471,21 Years,2360,1200,1160,1185,576,609,543,263,280,31,23,8,60,28,32,541,310,231
WALKER COUNTY,471,22 Years,2152,1208,944,1114,599,515,492,265,227,27,17,10,54,24,30,465,303,162
WALKER COUNTY,471,23 Years,1805,983,822,918,470,448,390,222,168,17,8,9,49,22,27,431,261,170
WALKER COUNTY,471,24 Years,1571,853,718,769,411,358,429,227,202,23,14,9,32,18,14,318,183,135
WALKER COUNTY,471,25 Years,989,543,446,329,179,150,332,179,153,13,10,3,16,9,7,299,166,133
WALKER COUNTY,471,26 Years,988,542,446,357,191,166,245,126,119,36,23,13,17,12,5,333,190,143
WALKER COUNTY,471,27 Years,858,503,355,281,146,135,231,143,88,38,31,7,25,13,12,283,170,113
WALKER COUNTY,471,28 Years,925,549,376,477,243,234,245,194,51,29,11,18,29,10,19,145,91,54
WALKER COUNTY,471,29 Years,953,567,386,580,298,282,197,158,39,21,10,11,12,8,4,143,93,50
WALKER COUNTY,471,30 Years,1072,654,418,667,368,299,207,164,43,31,21,10,16,6,10,151,95,56
WALKER COUNTY,471,31 Years,1102,681,421,666,412,254,230,169,61,25,10,15,6,3,3,175,87,88
WALKER COUNTY,471,32 Years,973,670,303,506,327,179,264,196,68,11,3,8,6,6,0,186,138,48
WALKER COUNTY,471,33 Years,835,627,208,368,243,125,239,200,39,10,5,5,8,5,3,210,174,36
WALKER COUNTY,471,34 Years,1129,783,346,608,372,236,245,201,44,7,4,3,11,9,2,258,197,61
WALKER COUNTY,471,35 Years,1132,739,393,640,384,256,274,204,70,5,3,2,16,6,10,197,142,55
WALKER COUNTY,471,36 Years,1074,752,322,571,359,212,286,226,60,6,3,3,13,5,8,198,159,39
WALKER COUNTY,471,37 Years,1123,794,329,594,370,224,283,232,51,4,2,2,8,3,5,234,187,47
WALKER COUNTY,471,38 Years,1089,766,323,560,336,224,296,241,55,4,2,2,9,5,4,220,182,38
WALKER COUNTY,471,39 Years,1019,691,328,522,317,205,259,207,52,5,2,3,6,3,3,227,162,65
WALKER COUNTY,471,40 Years,1009,701,308,521,331,190,271,203,68,6,1,5,13,6,7,198,160,38
WALKER COUNTY,471,41 Years,907,648,259,453,298,155,253,194,59,7,4,3,14,7,7,180,145,35
WALKER COUNTY,471,42 Years,938,652,286,462,298,164,236,189,47,5,3,2,5,1,4,230,161,69
WALKER COUNTY,471,43 Years,941,667,274,456,284,172,254,209,45,9,4,5,14,10,4,208,160,48
WALKER COUNTY,471,44 Years,918,663,255,451,286,165,266,213,53,10,3,7,10,7,3,181,154,27
WALKER COUNTY,471,45 Years,943,693,250,451,303,148,285,226,59,7,2,5,13,5,8,187,157,30
WALKER COUNTY,471,46 Years,958,694,264,472,318,154,270,220,50,9,4,5,9,7,2,198,145,53
WALKER COUNTY,471,47 Years,956,669,287,468,295,173,260,214,46,10,5,5,13,9,4,205,146,59
WALKER COUNTY,471,48 Years,1072,753,319,580,375,205,255,203,52,11,4,7,14,9,5,212,162,50
WALKER COUNTY,471,49 Years,1000,700,300,543,369,174,239,181,58,11,5,6,8,4,4,199,141,58
WALKER COUNTY,471,50 Years,979,680,299,557,367,190,217,167,50,8,3,5,9,6,3,188,137,51
WALKER COUNTY,471,51 Years,955,686,269,531,361,170,237,185,52,8,3,5,9,5,4,170,132,38
WALKER COUNTY,471,52 Years,902,641,261,523,352,171,212,162,50,4,2,2,6,2,4,157,123,34
WALKER COUNTY,471,53 Years,950,628,322,521,342,179,230,163,67,1,0,1,12,3,9,186,120,66
WALKER COUNTY,471,54 Years,983,663,320,569,383,186,254,186,68,5,1,4,8,2,6,147,91,56
WALKER COUNTY,471,55 Years,932,620,312,600,387,213,214,167,47,5,1,4,7,3,4,106,62,44
WALKER COUNTY,471,56 Years,919,595,324,595,374,221,200,149,51,7,3,4,6,4,2,111,65,46
WALKER COUNTY,471,57 Years,891,587,304,588,378,210,197,141,56,4,2,2,7,6,1,95,60,35
WALKER COUNTY,471,58 Years,927,591,336,632,401,231,188,129,59,9,6,3,5,4,1,93,51,42
WALKER COUNTY,471,59 Years,933,577,356,648,405,243,187,126,61,7,4,3,6,3,3,85,39,46
WALKER COUNTY,471,60 Years,908,584,324,637,403,234,182,132,50,7,1,6,5,4,1,77,44,33
WALKER COUNTY,471,61 Years,812,496,316,581,356,225,160,107,53,9,2,7,3,3,0,59,28,31
WALKER COUNTY,471,62 Years,789,484,305,564,347,217,152,99,53,9,2,7,6,3,3,58,33,25
WALKER COUNTY,471,63 Years,755,445,310,545,315,230,144,97,47,12,4,8,6,4,2,48,25,23
WALKER COUNTY,471,64 Years,791,437,354,554,316,238,126,76,50,8,3,5,8,4,4,95,38,57
WALKER COUNTY,471,65 Years,705,377,328,526,296,230,98,45,53,7,5,2,6,0,6,68,31,37
WALKER COUNTY,471,66 Years,698,352,346,546,277,269,91,44,47,7,3,4,6,0,6,48,28,20
WALKER COUNTY,471,67 Years,658,349,309,503,283,220,97,39,58,9,3,6,4,0,4,45,24,21
WALKER COUNTY,471,68 Years,622,315,307,499,265,234,75,29,46,5,2,3,4,0,4,39,19,20
WALKER COUNTY,471,69 Years,665,343,322,499,271,228,86,39,47,7,4,3,2,0,2,71,29,42
WALKER COUNTY,471,70 Years,587,310,277,462,252,210,76,36,40,3,3,0,3,0,3,43,19,24
WALKER COUNTY,471,71 Years,558,300,258,451,242,209,68,36,32,2,2,0,4,0,4,33,20,13
WALKER COUNTY,471,72 Years,539,287,252,438,239,199,62,30,32,4,1,3,1,0,1,34,17,17
WALKER COUNTY,471,73 Years,444,211,233,351,176,175,57,20,37,5,1,4,1,0,1,30,14,16
WALKER COUNTY,471,74 Years,449,241,208,348,191,157,61,31,30,5,1,4,6,3,3,29,15,14
WALKER COUNTY,471,75 Years,417,220,197,319,162,157,62,34,28,2,2,0,4,2,2,30,20,10
WALKER COUNTY,471,76 Years,448,236,212,346,169,177,62,34,28,1,1,0,6,4,2,33,28,5
WALKER COUNTY,471,77 Years,415,216,199,326,162,164,61,33,28,2,1,1,5,3,2,21,17,4
WALKER COUNTY,471,78 Years,368,183,185,296,146,150,42,18,24,2,1,1,4,2,2,24,16,8
WALKER COUNTY,471,79 Years,354,190,164,280,153,127,46,23,23,2,1,1,4,2,2,22,11,11
WALKER COUNTY,471,80 Years,311,165,146,257,142,115,37,15,22,1,0,1,2,1,1,14,7,7
WALKER COUNTY,471,81 Years,270,131,139,222,108,114,32,15,17,0,0,0,1,1,0,15,7,8
WALKER COUNTY,471,82 Years,241,113,128,195,96,99,27,9,18,0,0,0,2,1,1,17,7,10
WALKER COUNTY,471,83 Years,221,120,101,181,100,81,24,10,14,0,0,0,3,2,1,13,8,5
WALKER COUNTY,471,84 Years,219,99,120,173,81,92,34,10,24,2,0,2,1,1,0,9,7,2
WALKER COUNTY,471,85 Years,179,82,97,147,72,75,23,7,16,0,0,0,1,0,1,8,3,5
WALKER COUNTY,471,86 Years,144,66,78,122,55,67,13,5,8,0,0,0,1,1,0,8,5,3
WALKER COUNTY,471,87 Years,129,49,80,106,41,65,12,5,7,0,0,0,1,0,1,10,3,7
WALKER COUNTY,471,88 Years,129,49,80,102,38,64,11,4,7,3,2,1,2,0,2,11,5,6
WALKER COUNTY,471,89 Years,107,38,69,86,30,56,9,3,6,1,0,1,4,2,2,7,3,4
WALKER COUNTY,471,90 Years,92,34,58,77,28,49,7,3,4,0,0,0,1,0,1,7,3,4
WALKER COUNTY,471,91 Years,77,29,48,63,25,38,8,3,5,0,0,0,1,0,1,5,1,4
WALKER COUNTY,471,92 Years,62,22,40,45,17,28,8,2,6,1,0,1,1,0,1,7,3,4
WALKER COUNTY,471,93 Years,45,16,29,34,12,22,6,2,4,0,0,0,1,0,1,4,2,2
WALKER COUNTY,471,94 Years,39,13,26,28,9,19,5,2,3,1,0,1,0,0,0,5,2,3
WALKER COUNTY,471,95 Years +,89,25,64,68,18,50,12,5,7,1,0,1,1,0,1,7,2,5
WALLER COUNTY,473,All Ages,54822,27525,27297,23976,11974,12002,12848,6071,6777,283,144,139,832,416,416,16883,8920,7963
WALLER COUNTY,473,< 1 Year,565,294,271,175,93,82,68,39,29,2,1,1,17,8,9,303,153,150
WALLER COUNTY,473,1 Years,582,300,282,186,96,90,69,37,32,3,2,1,18,10,8,306,155,151
WALLER COUNTY,473,2 Years,573,289,284,192,97,95,70,37,33,1,0,1,16,8,8,294,147,147
WALLER COUNTY,473,3 Years,566,292,274,196,101,95,71,36,35,1,0,1,14,8,6,284,147,137
WALLER COUNTY,473,4 Years,574,301,273,202,101,101,64,34,30,1,1,0,12,7,5,295,158,137
WALLER COUNTY,473,5 Years,575,307,268,192,99,93,68,35,33,1,1,0,13,9,4,301,163,138
WALLER COUNTY,473,6 Years,590,304,286,187,94,93,78,38,40,1,1,0,13,9,4,311,162,149
WALLER COUNTY,473,7 Years,565,287,278,176,89,87,90,44,46,1,1,0,11,7,4,287,146,141
WALLER COUNTY,473,8 Years,573,294,279,177,95,82,98,48,50,2,1,1,8,4,4,288,146,142
WALLER COUNTY,473,9 Years,621,339,282,204,115,89,91,48,43,1,1,0,9,4,5,316,171,145
WALLER COUNTY,473,10 Years,825,434,391,284,154,130,119,60,59,3,2,1,17,6,11,402,212,190
WALLER COUNTY,473,11 Years,856,452,404,267,145,122,137,62,75,1,0,1,12,6,6,439,239,200
WALLER COUNTY,473,12 Years,857,438,419,300,143,157,104,53,51,1,1,0,13,9,4,439,232,207
WALLER COUNTY,473,13 Years,804,411,393,282,148,134,114,57,57,1,1,0,10,4,6,397,201,196
WALLER COUNTY,473,14 Years,779,400,379,268,139,129,112,48,64,5,4,1,10,6,4,384,203,181
WALLER COUNTY,473,15 Years,754,366,388,260,109,151,114,52,62,4,2,2,12,5,7,364,198,166
WALLER COUNTY,473,16 Years,846,433,413,279,140,139,162,74,88,3,1,2,26,11,15,376,207,169
WALLER COUNTY,473,17 Years,974,476,498,311,150,161,253,110,143,3,2,1,15,2,13,392,212,180
WALLER COUNTY,473,18 Years,1905,875,1030,362,174,188,1096,470,626,4,3,1,32,7,25,411,221,190
WALLER COUNTY,473,19 Years,2347,1057,1290,305,130,175,1609,718,891,3,1,2,38,19,19,392,189,203
WALLER COUNTY,473,20 Years,2021,907,1114,290,135,155,1353,592,761,1,0,1,23,11,12,354,169,185
WALLER COUNTY,473,21 Years,1711,856,855,293,150,143,1025,503,522,5,0,5,33,19,14,355,184,171
WALLER COUNTY,473,22 Years,1358,705,653,324,157,167,699,385,314,14,9,5,16,8,8,305,146,159
WALLER COUNTY,473,23 Years,1088,556,532,334,149,185,495,278,217,12,5,7,16,10,6,231,114,117
WALLER COUNTY,473,24 Years,955,524,431,375,197,178,348,214,134,4,1,3,13,8,5,215,104,111
WALLER COUNTY,473,25 Years,751,424,327,324,180,144,200,134,66,0,0,0,12,5,7,215,105,110
WALLER COUNTY,473,26 Years,660,337,323,297,165,132,136,71,65,3,1,2,9,5,4,215,95,120
WALLER COUNTY,473,27 Years,622,335,287,289,162,127,97,61,36,2,0,2,23,10,13,211,102,109
WALLER COUNTY,473,28 Years,595,302,293,304,176,128,79,19,60,3,1,2,15,8,7,194,98,96
WALLER COUNTY,473,29 Years,620,331,289,296,168,128,106,54,52,14,2,12,16,5,11,188,102,86
WALLER COUNTY,473,30 Years,635,332,303,333,178,155,81,30,51,6,2,4,16,8,8,199,114,85
WALLER COUNTY,473,31 Years,544,296,248,258,120,138,91,58,33,6,4,2,9,5,4,180,109,71
WALLER COUNTY,473,32 Years,552,305,247,264,125,139,83,46,37,15,14,1,7,4,3,183,116,67
WALLER COUNTY,473,33 Years,520,286,234,266,132,134,65,43,22,7,7,0,9,5,4,173,99,74
WALLER COUNTY,473,34 Years,541,269,272,272,133,139,60,22,38,3,2,1,6,5,1,200,107,93
WALLER COUNTY,473,35 Years,584,302,282,307,157,150,50,18,32,3,1,2,6,5,1,218,121,97
WALLER COUNTY,473,36 Years,580,310,270,290,154,136,60,26,34,2,1,1,3,2,1,225,127,98
WALLER COUNTY,473,37 Years,612,317,295,287,131,156,74,42,32,4,2,2,6,6,0,241,136,105
WALLER COUNTY,473,38 Years,644,314,330,294,132,162,106,51,55,4,2,2,4,4,0,236,125,111
WALLER COUNTY,473,39 Years,642,340,302,296,149,147,111,58,53,3,2,1,5,4,1,227,127,100
WALLER COUNTY,473,40 Years,581,275,306,290,130,160,86,31,55,1,0,1,2,0,2,202,114,88
WALLER COUNTY,473,41 Years,553,261,292,274,136,138,59,14,45,2,2,0,2,1,1,216,108,108
WALLER COUNTY,473,42 Years,521,270,251,251,143,108,67,19,48,0,0,0,2,1,1,201,107,94
WALLER COUNTY,473,43 Years,499,277,222,222,134,88,77,33,44,2,0,2,6,1,5,192,109,83
WALLER COUNTY,473,44 Years,549,295,254,267,142,125,55,28,27,2,1,1,10,4,6,215,120,95
WALLER COUNTY,473,45 Years,578,281,297,281,145,136,66,31,35,1,1,0,5,3,2,225,101,124
WALLER COUNTY,473,46 Years,518,243,275,248,126,122,75,30,45,0,0,0,4,1,3,191,86,105
WALLER COUNTY,473,47 Years,558,256,302,275,133,142,61,27,34,3,0,3,7,3,4,212,93,119
WALLER COUNTY,473,48 Years,574,285,289,313,163,150,59,29,30,3,2,1,4,2,2,195,89,106
WALLER COUNTY,473,49 Years,579,298,281,292,150,142,64,31,33,2,1,1,10,5,5,211,111,100
WALLER COUNTY,473,50 Years,610,318,292,330,169,161,67,33,34,4,3,1,9,7,2,200,106,94
WALLER COUNTY,473,51 Years,573,302,271,303,168,135,73,37,36,3,1,2,10,4,6,184,92,92
WALLER COUNTY,473,52 Years,556,253,303,303,135,168,80,35,45,3,1,2,8,4,4,162,78,84
WALLER COUNTY,473,53 Years,583,288,295,315,163,152,97,34,63,3,1,2,5,3,2,163,87,76
WALLER COUNTY,473,54 Years,620,322,298,328,173,155,98,39,59,4,2,2,9,3,6,181,105,76
WALLER COUNTY,473,55 Years,619,322,297,364,186,178,66,30,36,2,1,1,9,2,7,178,103,75
WALLER COUNTY,473,56 Years,631,335,296,376,185,191,70,41,29,2,1,1,8,5,3,175,103,72
WALLER COUNTY,473,57 Years,573,288,285,346,160,186,72,39,33,3,1,2,5,2,3,147,86,61
WALLER COUNTY,473,58 Years,609,313,296,381,192,189,80,43,37,6,1,5,8,4,4,134,73,61
WALLER COUNTY,473,59 Years,623,315,308,396,186,210,90,50,40,5,1,4,6,5,1,126,73,53
WALLER COUNTY,473,60 Years,611,322,289,399,199,200,86,47,39,5,3,2,6,4,2,115,69,46
WALLER COUNTY,473,61 Years,610,326,284,400,203,197,74,34,40,5,3,2,5,3,2,126,83,43
WALLER COUNTY,473,62 Years,541,275,266,350,176,174,71,29,42,3,2,1,6,4,2,111,64,47
WALLER COUNTY,473,63 Years,516,271,245,329,167,162,73,42,31,5,4,1,3,2,1,106,56,50
WALLER COUNTY,473,64 Years,565,291,274,371,185,186,77,41,36,3,3,0,5,2,3,109,60,49
WALLER COUNTY,473,65 Years,533,247,286,353,157,196,78,36,42,3,1,2,11,6,5,88,47,41
WALLER COUNTY,473,66 Years,533,260,273,358,171,187,68,30,38,1,1,0,10,5,5,96,53,43
WALLER COUNTY,473,67 Years,527,251,276,350,166,184,80,33,47,3,3,0,10,3,7,84,46,38
WALLER COUNTY,473,68 Years,473,232,241,324,160,164,72,23,49,3,2,1,7,4,3,67,43,24
WALLER COUNTY,473,69 Years,449,193,256,311,135,176,67,20,47,4,2,2,6,3,3,61,33,28
WALLER COUNTY,473,70 Years,462,207,255,317,146,171,67,21,46,5,1,4,6,3,3,67,36,31
WALLER COUNTY,473,71 Years,457,223,234,328,167,161,56,19,37,5,1,4,4,2,2,64,34,30
WALLER COUNTY,473,72 Years,422,204,218,298,148,150,52,20,32,4,2,2,7,2,5,61,32,29
WALLER COUNTY,473,73 Years,387,181,206,266,128,138,48,17,31,3,0,3,9,3,6,61,33,28
WALLER COUNTY,473,74 Years,372,178,194,271,129,142,49,20,29,0,0,0,4,2,2,48,27,21
WALLER COUNTY,473,75 Years,357,172,185,260,129,131,41,17,24,1,0,1,7,4,3,48,22,26
WALLER COUNTY,473,76 Years,313,161,152,232,119,113,32,11,21,3,1,2,6,5,1,40,25,15
WALLER COUNTY,473,77 Years,283,144,139,220,113,107,30,11,19,3,2,1,4,3,1,26,15,11
WALLER COUNTY,473,78 Years,253,127,126,188,94,94,30,12,18,2,2,0,5,2,3,28,17,11
WALLER COUNTY,473,79 Years,202,97,105,140,68,72,33,13,20,2,2,0,4,1,3,23,13,10
WALLER COUNTY,473,80 Years,179,85,94,124,50,74,22,13,9,4,2,2,1,0,1,28,20,8
WALLER COUNTY,473,81 Years,181,92,89,128,63,65,27,11,16,1,1,0,0,0,0,25,17,8
WALLER COUNTY,473,82 Years,152,77,75,100,53,47,31,11,20,0,0,0,2,2,0,19,11,8
WALLER COUNTY,473,83 Years,145,62,83,97,42,55,28,9,19,0,0,0,2,1,1,18,10,8
WALLER COUNTY,473,84 Years,118,45,73,79,33,46,25,6,19,0,0,0,1,0,1,13,6,7
WALLER COUNTY,473,85 Years,92,42,50,56,29,27,23,7,16,0,0,0,0,0,0,13,6,7
WALLER COUNTY,473,86 Years,99,49,50,59,29,30,25,12,13,3,2,1,0,0,0,12,6,6
WALLER COUNTY,473,87 Years,99,49,50,61,30,31,25,12,13,1,0,1,1,1,0,11,6,5
WALLER COUNTY,473,88 Years,84,35,49,52,22,30,18,7,11,1,0,1,1,1,0,12,5,7
WALLER COUNTY,473,89 Years,77,29,48,44,16,28,18,7,11,1,0,1,1,0,1,13,6,7
WALLER COUNTY,473,90 Years,54,23,31,35,15,20,12,6,6,1,0,1,1,0,1,5,2,3
WALLER COUNTY,473,91 Years,38,16,22,25,10,15,9,4,5,0,0,0,0,0,0,4,2,2
WALLER COUNTY,473,92 Years,40,15,25,23,10,13,6,2,4,1,0,1,2,1,1,8,2,6
WALLER COUNTY,473,93 Years,32,15,17,21,9,12,5,2,3,1,1,0,1,1,0,4,2,2
WALLER COUNTY,473,94 Years,29,12,17,18,8,10,6,2,4,0,0,0,1,0,1,4,2,2
WALLER COUNTY,473,95 Years +,64,23,41,36,14,22,16,5,11,2,1,1,1,0,1,9,3,6
WARD COUNTY,475,All Ages,11530,5826,5704,4286,2182,2104,499,255,244,36,13,23,149,73,76,6560,3303,3257
WARD COUNTY,475,< 1 Year,192,96,96,56,34,22,9,5,4,0,0,0,1,0,1,126,57,69
WARD COUNTY,475,1 Years,185,93,92,54,31,23,8,4,4,0,0,0,1,0,1,122,58,64
WARD COUNTY,475,2 Years,175,86,89,51,25,26,7,4,3,0,0,0,0,0,0,117,57,60
WARD COUNTY,475,3 Years,179,86,93,53,26,27,7,4,3,2,1,1,1,0,1,116,55,61
WARD COUNTY,475,4 Years,189,94,95,56,30,26,10,5,5,2,1,1,2,1,1,119,57,62
WARD COUNTY,475,5 Years,206,105,101,68,37,31,11,5,6,1,0,1,2,1,1,124,62,62
WARD COUNTY,475,6 Years,204,109,95,67,37,30,10,5,5,0,0,0,1,0,1,126,67,59
WARD COUNTY,475,7 Years,202,106,96,71,38,33,12,9,3,1,0,1,1,0,1,117,59,58
WARD COUNTY,475,8 Years,181,82,99,66,34,32,12,5,7,1,0,1,1,0,1,101,43,58
WARD COUNTY,475,9 Years,167,87,80,59,29,30,14,5,9,1,1,0,1,0,1,92,52,40
WARD COUNTY,475,10 Years,184,99,85,49,24,25,10,4,6,0,0,0,3,2,1,122,69,53
WARD COUNTY,475,11 Years,192,104,88,50,31,19,7,3,4,1,1,0,3,2,1,131,67,64
WARD COUNTY,475,12 Years,180,88,92,60,34,26,9,3,6,1,1,0,1,0,1,109,50,59
WARD COUNTY,475,13 Years,183,84,99,65,36,29,6,2,4,0,0,0,2,0,2,110,46,64
WARD COUNTY,475,14 Years,184,85,99,59,32,27,8,2,6,0,0,0,1,0,1,116,51,65
WARD COUNTY,475,15 Years,183,95,88,56,32,24,8,4,4,0,0,0,6,2,4,113,57,56
WARD COUNTY,475,16 Years,180,93,87,51,30,21,5,5,0,0,0,0,4,2,2,120,56,64
WARD COUNTY,475,17 Years,169,86,83,44,24,20,9,5,4,1,1,0,5,2,3,110,54,56
WARD COUNTY,475,18 Years,157,88,69,33,18,15,8,4,4,0,0,0,4,2,2,112,64,48
WARD COUNTY,475,19 Years,142,75,67,41,24,17,8,3,5,0,0,0,4,2,2,89,46,43
WARD COUNTY,475,20 Years,129,60,69,39,19,20,8,3,5,0,0,0,3,1,2,79,37,42
WARD COUNTY,475,21 Years,141,79,62,32,18,14,8,3,5,0,0,0,2,1,1,99,57,42
WARD COUNTY,475,22 Years,157,83,74,46,25,21,8,3,5,1,0,1,3,3,0,99,52,47
WARD COUNTY,475,23 Years,165,89,76,46,23,23,8,4,4,1,0,1,4,4,0,106,58,48
WARD COUNTY,475,24 Years,162,86,76,51,28,23,8,3,5,0,0,0,3,2,1,100,53,47
WARD COUNTY,475,25 Years,168,84,84,54,31,23,6,3,3,0,0,0,2,1,1,106,49,57
WARD COUNTY,475,26 Years,194,105,89,58,34,24,5,3,2,0,0,0,4,1,3,127,67,60
WARD COUNTY,475,27 Years,193,103,90,69,35,34,4,3,1,0,0,0,1,0,1,119,65,54
WARD COUNTY,475,28 Years,141,75,66,50,29,21,5,1,4,0,0,0,1,0,1,85,45,40
WARD COUNTY,475,29 Years,174,100,74,55,42,13,7,2,5,0,0,0,3,1,2,109,55,54
WARD COUNTY,475,30 Years,201,106,95,66,35,31,8,5,3,0,0,0,3,1,2,124,65,59
WARD COUNTY,475,31 Years,167,83,84,62,26,36,5,4,1,1,1,0,3,2,1,96,50,46
WARD COUNTY,475,32 Years,152,80,72,59,28,31,5,4,1,1,0,1,3,1,2,84,47,37
WARD COUNTY,475,33 Years,156,78,78,57,29,28,5,2,3,1,0,1,2,2,0,91,45,46
WARD COUNTY,475,34 Years,154,75,79,60,32,28,9,4,5,1,0,1,4,3,1,80,36,44
WARD COUNTY,475,35 Years,160,84,76,54,26,28,6,4,2,0,0,0,2,1,1,98,53,45
WARD COUNTY,475,36 Years,166,84,82,66,30,36,3,2,1,1,0,1,1,0,1,95,52,43
WARD COUNTY,475,37 Years,172,94,78,68,37,31,2,1,1,1,0,1,1,0,1,100,56,44
WARD COUNTY,475,38 Years,179,98,81,64,34,30,7,2,5,1,1,0,4,3,1,103,58,45
WARD COUNTY,475,39 Years,164,92,72,50,27,23,10,5,5,0,0,0,2,1,1,102,59,43
WARD COUNTY,475,40 Years,137,85,52,49,27,22,4,3,1,0,0,0,2,1,1,82,54,28
WARD COUNTY,475,41 Years,113,64,49,48,22,26,2,2,0,0,0,0,1,0,1,62,40,22
WARD COUNTY,475,42 Years,116,66,50,50,28,22,3,3,0,0,0,0,2,1,1,61,34,27
WARD COUNTY,475,43 Years,132,68,64,49,23,26,2,2,0,0,0,0,1,0,1,80,43,37
WARD COUNTY,475,44 Years,119,64,55,42,16,26,3,2,1,1,0,1,1,0,1,72,46,26
WARD COUNTY,475,45 Years,104,48,56,39,16,23,3,1,2,1,1,0,1,0,1,60,30,30
WARD COUNTY,475,46 Years,119,48,71,42,19,23,3,0,3,2,0,2,1,1,0,71,28,43
WARD COUNTY,475,47 Years,107,48,59,43,20,23,2,0,2,1,0,1,1,1,0,60,27,33
WARD COUNTY,475,48 Years,121,61,60,56,29,27,4,3,1,1,0,1,1,1,0,59,28,31
WARD COUNTY,475,49 Years,112,55,57,46,26,20,4,2,2,1,0,1,1,1,0,60,26,34
WARD COUNTY,475,50 Years,108,48,60,47,20,27,2,1,1,0,0,0,2,2,0,57,25,32
WARD COUNTY,475,51 Years,116,56,60,49,25,24,4,4,0,0,0,0,1,1,0,62,26,36
WARD COUNTY,475,52 Years,111,58,53,54,30,24,5,3,2,0,0,0,1,1,0,51,24,27
WARD COUNTY,475,53 Years,123,65,58,56,30,26,5,3,2,1,1,0,2,2,0,59,29,30
WARD COUNTY,475,54 Years,133,66,67,57,31,26,8,5,3,0,0,0,2,2,0,66,28,38
WARD COUNTY,475,55 Years,125,51,74,48,22,26,7,4,3,0,0,0,2,1,1,68,24,44
WARD COUNTY,475,56 Years,133,64,69,57,29,28,6,3,3,0,0,0,0,0,0,70,32,38
WARD COUNTY,475,57 Years,121,60,61,58,26,32,7,4,3,0,0,0,1,1,0,55,29,26
WARD COUNTY,475,58 Years,126,67,59,55,30,25,5,3,2,0,0,0,3,1,2,63,33,30
WARD COUNTY,475,59 Years,124,62,62,57,30,27,5,2,3,0,0,0,1,1,0,61,29,32
WARD COUNTY,475,60 Years,130,67,63,60,28,32,7,5,2,0,0,0,0,0,0,63,34,29
WARD COUNTY,475,61 Years,121,63,58,50,26,24,9,6,3,0,0,0,2,0,2,60,31,29
WARD COUNTY,475,62 Years,112,60,52,53,26,27,3,2,1,2,1,1,2,1,1,52,30,22
WARD COUNTY,475,63 Years,113,55,58,57,26,31,5,3,2,1,0,1,2,1,1,48,25,23
WARD COUNTY,475,64 Years,117,60,57,58,27,31,6,3,3,1,0,1,1,0,1,51,30,21
WARD COUNTY,475,65 Years,95,49,46,51,25,26,7,2,5,0,0,0,1,1,0,36,21,15
WARD COUNTY,475,66 Years,92,44,48,48,22,26,4,2,2,1,1,0,1,0,1,38,19,19
WARD COUNTY,475,67 Years,91,50,41,41,22,19,8,5,3,0,0,0,1,0,1,41,23,18
WARD COUNTY,475,68 Years,93,42,51,39,14,25,4,2,2,0,0,0,1,1,0,49,25,24
WARD COUNTY,475,69 Years,94,46,48,48,23,25,3,1,2,1,0,1,1,1,0,41,21,20
WARD COUNTY,475,70 Years,88,47,41,42,23,19,1,1,0,1,0,1,0,0,0,44,23,21
WARD COUNTY,475,71 Years,90,42,48,48,23,25,5,3,2,0,0,0,0,0,0,37,16,21
WARD COUNTY,475,72 Years,81,41,40,45,25,20,5,2,3,0,0,0,0,0,0,31,14,17
WARD COUNTY,475,73 Years,62,30,32,32,18,14,2,0,2,0,0,0,2,0,2,26,12,14
WARD COUNTY,475,74 Years,63,32,31,34,20,14,2,0,2,0,0,0,4,1,3,23,11,12
WARD COUNTY,475,75 Years,67,34,33,33,18,15,2,2,0,0,0,0,3,1,2,29,13,16
WARD COUNTY,475,76 Years,61,30,31,32,16,16,4,2,2,0,0,0,1,1,0,24,11,13
WARD COUNTY,475,77 Years,54,27,27,29,14,15,4,2,2,0,0,0,1,1,0,20,10,10
WARD COUNTY,475,78 Years,45,21,24,21,8,13,2,1,1,0,0,0,2,1,1,20,11,9
WARD COUNTY,475,79 Years,47,23,24,27,12,15,1,0,1,0,0,0,2,1,1,17,10,7
WARD COUNTY,475,80 Years,44,20,24,27,9,18,1,0,1,1,1,0,0,0,0,15,10,5
WARD COUNTY,475,81 Years,39,19,20,23,8,15,2,1,1,0,0,0,0,0,0,14,10,4
WARD COUNTY,475,82 Years,38,13,25,19,6,13,2,0,2,0,0,0,0,0,0,17,7,10
WARD COUNTY,475,83 Years,39,19,20,23,9,14,2,2,0,0,0,0,0,0,0,14,8,6
WARD COUNTY,475,84 Years,39,19,20,20,9,11,1,1,0,0,0,0,0,0,0,18,9,9
WARD COUNTY,475,85 Years,38,17,21,17,7,10,1,1,0,0,0,0,0,0,0,20,9,11
WARD COUNTY,475,86 Years,37,12,25,14,4,10,3,2,1,0,0,0,0,0,0,20,6,14
WARD COUNTY,475,87 Years,34,11,23,14,5,9,2,1,1,0,0,0,0,0,0,18,5,13
WARD COUNTY,475,88 Years,35,11,24,15,5,10,2,1,1,0,0,0,0,0,0,18,5,13
WARD COUNTY,475,89 Years,31,9,22,11,3,8,2,2,0,0,0,0,0,0,0,18,4,14
WARD COUNTY,475,90 Years,29,7,22,9,2,7,2,1,1,0,0,0,0,0,0,18,4,14
WARD COUNTY,475,91 Years,17,5,12,8,2,6,0,0,0,0,0,0,0,0,0,9,3,6
WARD COUNTY,475,92 Years,15,4,11,7,1,6,1,1,0,0,0,0,0,0,0,7,2,5
WARD COUNTY,475,93 Years,12,3,9,4,1,3,1,0,1,0,0,0,0,0,0,7,2,5
WARD COUNTY,475,94 Years,10,2,8,2,0,2,1,0,1,0,0,0,0,0,0,7,2,5
WARD COUNTY,475,95 Years +,28,9,19,8,2,6,3,1,2,0,0,0,0,0,0,17,6,11
WASHINGTON COUNTY,477,All Ages,35570,17536,18034,22487,10915,11572,6077,3004,3073,475,221,254,480,223,257,6051,3173,2878
WASHINGTON COUNTY,477,< 1 Year,362,182,180,171,85,86,62,28,34,1,0,1,9,4,5,119,65,54
WASHINGTON COUNTY,477,1 Years,369,176,193,176,81,95,60,27,33,2,1,1,9,4,5,122,63,59
WASHINGTON COUNTY,477,2 Years,390,191,199,187,90,97,62,27,35,2,1,1,10,5,5,129,68,61
WASHINGTON COUNTY,477,3 Years,404,192,212,197,95,102,62,26,36,1,0,1,11,5,6,133,66,67
WASHINGTON COUNTY,477,4 Years,421,214,207,211,113,98,67,31,36,1,0,1,11,5,6,131,65,66
WASHINGTON COUNTY,477,5 Years,413,210,203,209,113,96,65,32,33,2,1,1,13,5,8,124,59,65
WASHINGTON COUNTY,477,6 Years,415,211,204,214,115,99,65,33,32,1,1,0,9,5,4,126,57,69
WASHINGTON COUNTY,477,7 Years,428,222,206,209,116,93,68,30,38,2,1,1,12,8,4,137,67,70
WASHINGTON COUNTY,477,8 Years,447,231,216,219,124,95,73,31,42,2,1,1,9,5,4,144,70,74
WASHINGTON COUNTY,477,9 Years,411,212,199,201,107,94,67,38,29,2,1,1,8,3,5,133,63,70
WASHINGTON COUNTY,477,10 Years,457,234,223,209,111,98,90,47,43,8,4,4,11,3,8,139,69,70
WASHINGTON COUNTY,477,11 Years,462,225,237,207,101,106,99,46,53,6,3,3,12,6,6,138,69,69
WASHINGTON COUNTY,477,12 Years,444,222,222,195,101,94,91,40,51,4,2,2,13,5,8,141,74,67
WASHINGTON COUNTY,477,13 Years,459,227,232,208,108,100,100,43,57,6,5,1,8,3,5,137,68,69
WASHINGTON COUNTY,477,14 Years,479,261,218,224,125,99,107,55,52,4,3,1,6,1,5,138,77,61
WASHINGTON COUNTY,477,15 Years,472,262,210,221,114,107,88,57,31,4,1,3,7,1,6,152,89,63
WASHINGTON COUNTY,477,16 Years,482,281,201,217,122,95,103,60,43,7,3,4,10,7,3,145,89,56
WASHINGTON COUNTY,477,17 Years,433,255,178,200,115,85,91,54,37,6,2,4,6,3,3,130,81,49
WASHINGTON COUNTY,477,18 Years,635,345,290,305,155,150,172,107,65,9,4,5,4,2,2,145,77,68
WASHINGTON COUNTY,477,19 Years,643,356,287,309,167,142,195,114,81,8,4,4,9,5,4,122,66,56
WASHINGTON COUNTY,477,20 Years,513,280,233,250,135,115,147,89,58,6,3,3,10,4,6,100,49,51
WASHINGTON COUNTY,477,21 Years,441,240,201,238,124,114,103,64,39,6,4,2,13,5,8,81,43,38
WASHINGTON COUNTY,477,22 Years,334,167,167,180,87,93,64,33,31,7,4,3,11,6,5,72,37,35
WASHINGTON COUNTY,477,23 Years,345,161,184,194,96,98,70,31,39,8,2,6,8,4,4,65,28,37
WASHINGTON COUNTY,477,24 Years,357,166,191,215,107,108,66,29,37,6,3,3,8,4,4,62,23,39
WASHINGTON COUNTY,477,25 Years,393,191,202,235,117,118,81,43,38,6,2,4,6,3,3,65,26,39
WASHINGTON COUNTY,477,26 Years,421,207,214,246,117,129,99,51,48,6,2,4,8,6,2,62,31,31
WASHINGTON COUNTY,477,27 Years,448,210,238,253,112,141,96,45,51,11,6,5,10,6,4,78,41,37
WASHINGTON COUNTY,477,28 Years,626,284,342,361,165,196,126,56,70,11,4,7,16,8,8,112,51,61
WASHINGTON COUNTY,477,29 Years,521,259,262,295,144,151,105,53,52,8,3,5,10,5,5,103,54,49
WASHINGTON COUNTY,477,30 Years,357,189,168,207,108,99,64,33,31,6,4,2,5,3,2,75,41,34
WASHINGTON COUNTY,477,31 Years,423,217,206,229,115,114,106,55,51,7,3,4,10,4,6,71,40,31
WASHINGTON COUNTY,477,32 Years,422,213,209,235,117,118,91,44,47,5,1,4,6,1,5,85,50,35
WASHINGTON COUNTY,477,33 Years,402,212,190,226,116,110,84,41,43,4,1,3,2,2,0,86,52,34
WASHINGTON COUNTY,477,34 Years,393,216,177,218,120,98,76,34,42,6,5,1,2,1,1,91,56,35
WASHINGTON COUNTY,477,35 Years,392,197,195,234,121,113,72,28,44,10,5,5,6,3,3,70,40,30
WASHINGTON COUNTY,477,36 Years,403,200,203,241,124,117,69,30,39,12,5,7,5,4,1,76,37,39
WASHINGTON COUNTY,477,37 Years,403,192,211,235,116,119,72,26,46,6,2,4,2,2,0,88,46,42
WASHINGTON COUNTY,477,38 Years,393,189,204,228,114,114,73,26,47,9,5,4,2,0,2,81,44,37
WASHINGTON COUNTY,477,39 Years,387,221,166,232,133,99,68,37,31,4,3,1,5,1,4,78,47,31
WASHINGTON COUNTY,477,40 Years,377,196,181,228,118,110,61,31,30,8,5,3,5,4,1,75,38,37
WASHINGTON COUNTY,477,41 Years,392,203,189,237,118,119,63,34,29,6,1,5,4,2,2,82,48,34
WASHINGTON COUNTY,477,42 Years,361,178,183,216,106,110,67,32,35,2,0,2,5,3,2,71,37,34
WASHINGTON COUNTY,477,43 Years,351,178,173,208,101,107,60,33,27,4,1,3,3,1,2,76,42,34
WASHINGTON COUNTY,477,44 Years,346,173,173,206,96,110,52,28,24,3,1,2,7,5,2,78,43,35
WASHINGTON COUNTY,477,45 Years,334,175,159,192,90,102,60,35,25,7,5,2,4,2,2,71,43,28
WASHINGTON COUNTY,477,46 Years,352,180,172,213,105,108,61,28,33,7,4,3,1,0,1,70,43,27
WASHINGTON COUNTY,477,47 Years,374,199,175,226,112,114,66,38,28,9,4,5,0,0,0,73,45,28
WASHINGTON COUNTY,477,48 Years,372,199,173,233,113,120,61,38,23,6,3,3,3,3,0,69,42,27
WASHINGTON COUNTY,477,49 Years,408,198,210,248,113,135,76,36,40,9,6,3,5,3,2,70,40,30
WASHINGTON COUNTY,477,50 Years,395,196,199,256,117,139,67,38,29,9,5,4,2,1,1,61,35,26
WASHINGTON COUNTY,477,51 Years,360,168,192,224,107,117,60,25,35,17,4,13,2,1,1,57,31,26
WASHINGTON COUNTY,477,52 Years,353,176,177,242,124,118,47,20,27,11,3,8,2,1,1,51,28,23
WASHINGTON COUNTY,477,53 Years,398,200,198,281,136,145,64,36,28,10,6,4,2,1,1,41,21,20
WASHINGTON COUNTY,477,54 Years,429,207,222,306,141,165,70,36,34,7,3,4,2,2,0,44,25,19
WASHINGTON COUNTY,477,55 Years,484,239,245,345,170,175,82,40,42,5,3,2,4,2,2,48,24,24
WASHINGTON COUNTY,477,56 Years,492,257,235,358,185,173,71,35,36,8,5,3,5,2,3,50,30,20
WASHINGTON COUNTY,477,57 Years,462,232,230,338,171,167,71,33,38,6,4,2,2,0,2,45,24,21
WASHINGTON COUNTY,477,58 Years,499,236,263,365,177,188,81,35,46,7,2,5,5,1,4,41,21,20
WASHINGTON COUNTY,477,59 Years,511,245,266,368,171,197,89,46,43,4,1,3,5,2,3,45,25,20
WASHINGTON COUNTY,477,60 Years,484,234,250,354,167,187,88,40,48,4,3,1,5,3,2,33,21,12
WASHINGTON COUNTY,477,61 Years,490,234,256,380,184,196,64,26,38,6,2,4,6,3,3,34,19,15
WASHINGTON COUNTY,477,62 Years,502,240,262,362,170,192,86,43,43,5,2,3,8,5,3,41,20,21
WASHINGTON COUNTY,477,63 Years,465,232,233,337,166,171,80,43,37,6,2,4,4,2,2,38,19,19
WASHINGTON COUNTY,477,64 Years,505,236,269,378,178,200,77,36,41,10,5,5,5,4,1,35,13,22
WASHINGTON COUNTY,477,65 Years,482,229,253,378,180,198,59,29,30,9,3,6,5,2,3,31,15,16
WASHINGTON COUNTY,477,66 Years,468,221,247,369,178,191,55,26,29,3,1,2,3,1,2,38,15,23
WASHINGTON COUNTY,477,67 Years,473,227,246,378,188,190,57,24,33,5,2,3,2,1,1,31,12,19
WASHINGTON COUNTY,477,68 Years,440,204,236,360,169,191,49,21,28,4,1,3,4,2,2,23,11,12
WASHINGTON COUNTY,477,69 Years,426,198,228,344,163,181,53,21,32,6,2,4,6,1,5,17,11,6
WASHINGTON COUNTY,477,70 Years,391,186,205,312,151,161,42,19,23,6,3,3,4,1,3,27,12,15
WASHINGTON COUNTY,477,71 Years,405,187,218,334,159,175,46,17,29,6,3,3,3,0,3,16,8,8
WASHINGTON COUNTY,477,72 Years,419,194,225,345,165,180,41,16,25,4,2,2,3,0,3,26,11,15
WASHINGTON COUNTY,477,73 Years,346,164,182,283,132,151,39,21,18,4,2,2,1,0,1,19,9,10
WASHINGTON COUNTY,477,74 Years,312,150,162,251,120,131,42,18,24,4,3,1,0,0,0,15,9,6
WASHINGTON COUNTY,477,75 Years,330,158,172,268,126,142,37,21,16,2,1,1,1,1,0,22,9,13
WASHINGTON COUNTY,477,76 Years,305,154,151,259,129,130,30,17,13,2,1,1,3,2,1,11,5,6
WASHINGTON COUNTY,477,77 Years,276,121,155,233,101,132,31,14,17,4,3,1,3,0,3,5,3,2
WASHINGTON COUNTY,477,78 Years,268,116,152,229,99,130,27,13,14,3,1,2,1,0,1,8,3,5
WASHINGTON COUNTY,477,79 Years,228,97,131,183,77,106,36,15,21,2,1,1,1,0,1,6,4,2
WASHINGTON COUNTY,477,80 Years,229,95,134,191,81,110,29,10,19,2,1,1,1,0,1,6,3,3
WASHINGTON COUNTY,477,81 Years,208,90,118,177,75,102,21,10,11,2,2,0,1,0,1,7,3,4
WASHINGTON COUNTY,477,82 Years,186,80,106,163,71,92,15,6,9,2,1,1,1,0,1,5,2,3
WASHINGTON COUNTY,477,83 Years,178,71,107,154,63,91,16,5,11,2,1,1,0,0,0,6,2,4
WASHINGTON COUNTY,477,84 Years,166,66,100,147,60,87,15,5,10,0,0,0,0,0,0,4,1,3
WASHINGTON COUNTY,477,85 Years,146,60,86,130,54,76,10,4,6,0,0,0,2,2,0,4,0,4
WASHINGTON COUNTY,477,86 Years,141,54,87,126,49,77,9,4,5,2,0,2,0,0,0,4,1,3
WASHINGTON COUNTY,477,87 Years,127,47,80,113,42,71,9,4,5,0,0,0,0,0,0,5,1,4
WASHINGTON COUNTY,477,88 Years,130,50,80,113,42,71,9,4,5,2,2,0,0,0,0,6,2,4
WASHINGTON COUNTY,477,89 Years,125,45,80,108,39,69,11,4,7,0,0,0,2,0,2,4,2,2
WASHINGTON COUNTY,477,90 Years,96,36,60,86,32,54,8,3,5,0,0,0,0,0,0,2,1,1
WASHINGTON COUNTY,477,91 Years,77,27,50,64,24,40,8,3,5,0,0,0,2,0,2,3,0,3
WASHINGTON COUNTY,477,92 Years,70,22,48,60,19,41,5,2,3,0,0,0,1,0,1,4,1,3
WASHINGTON COUNTY,477,93 Years,50,14,36,42,12,30,5,2,3,1,0,1,0,0,0,2,0,2
WASHINGTON COUNTY,477,94 Years,46,12,34,38,10,28,5,2,3,0,0,0,1,0,1,2,0,2
WASHINGTON COUNTY,477,95 Years +,130,30,100,107,23,84,15,5,10,0,0,0,1,0,1,7,2,5
WEBB COUNTY,479,All Ages,280775,137478,143297,11443,6190,5253,639,413,226,1513,754,759,566,313,253,266614,129808,136806
WEBB COUNTY,479,< 1 Year,4214,2138,2076,161,78,83,16,7,9,11,8,3,5,4,1,4021,2041,1980
WEBB COUNTY,479,1 Years,4244,2151,2093,162,82,80,16,8,8,14,9,5,5,4,1,4047,2048,1999
WEBB COUNTY,479,2 Years,4409,2247,2162,196,97,99,15,7,8,14,8,6,5,3,2,4179,2132,2047
WEBB COUNTY,479,3 Years,4602,2357,2245,196,103,93,16,9,7,13,7,6,7,4,3,4370,2234,2136
WEBB COUNTY,479,4 Years,4783,2467,2316,198,107,91,15,9,6,14,7,7,5,2,3,4551,2342,2209
WEBB COUNTY,479,5 Years,4891,2529,2362,196,107,89,15,9,6,16,8,8,5,3,2,4659,2402,2257
WEBB COUNTY,479,6 Years,4908,2532,2376,206,100,106,15,7,8,16,9,7,7,5,2,4664,2411,2253
WEBB COUNTY,479,7 Years,4885,2513,2372,212,99,113,12,5,7,16,9,7,7,5,2,4638,2395,2243
WEBB COUNTY,479,8 Years,4863,2463,2400,190,80,110,8,1,7,16,7,9,8,4,4,4641,2371,2270
WEBB COUNTY,479,9 Years,4301,2119,2182,169,84,85,5,4,1,15,5,10,6,4,2,4106,2022,2084
WEBB COUNTY,479,10 Years,4856,2435,2421,189,94,95,5,4,1,20,9,11,10,4,6,4632,2324,2308
WEBB COUNTY,479,11 Years,4929,2486,2443,169,84,85,9,4,5,21,11,10,10,6,4,4720,2381,2339
WEBB COUNTY,479,12 Years,4866,2451,2415,154,69,85,14,10,4,15,8,7,6,3,3,4677,2361,2316
WEBB COUNTY,479,13 Years,4684,2350,2334,140,77,63,7,6,1,20,12,8,8,4,4,4509,2251,2258
WEBB COUNTY,479,14 Years,4741,2449,2292,139,76,63,10,5,5,18,11,7,9,6,3,4565,2351,2214
WEBB COUNTY,479,15 Years,4712,2476,2236,124,74,50,9,7,2,18,8,10,9,4,5,4552,2383,2169
WEBB COUNTY,479,16 Years,4563,2357,2206,109,60,49,9,6,3,23,14,9,6,4,2,4416,2273,2143
WEBB COUNTY,479,17 Years,4582,2351,2231,105,51,54,5,2,3,19,8,11,10,6,4,4443,2284,2159
WEBB COUNTY,479,18 Years,4836,2398,2438,94,42,52,23,14,9,25,10,15,9,7,2,4685,2325,2360
WEBB COUNTY,479,19 Years,5539,2694,2845,145,60,85,10,6,4,20,11,9,20,10,10,5344,2607,2737
WEBB COUNTY,479,20 Years,5096,2571,2525,92,38,54,12,5,7,38,26,12,15,14,1,4939,2488,2451
WEBB COUNTY,479,21 Years,4778,2347,2431,161,98,63,12,8,4,25,16,9,9,6,3,4571,2219,2352
WEBB COUNTY,479,22 Years,4819,2326,2493,123,50,73,21,12,9,35,19,16,6,2,4,4634,2243,2391
WEBB COUNTY,479,23 Years,4664,2359,2305,165,107,58,16,12,4,12,6,6,14,3,11,4457,2231,2226
WEBB COUNTY,479,24 Years,4840,2390,2450,115,41,74,4,2,2,29,9,20,7,3,4,4685,2335,2350
WEBB COUNTY,479,25 Years,4954,2486,2468,186,77,109,15,10,5,22,11,11,10,7,3,4721,2381,2340
WEBB COUNTY,479,26 Years,5020,2440,2580,144,68,76,6,3,3,18,10,8,9,6,3,4843,2353,2490
WEBB COUNTY,479,27 Years,4807,2393,2414,149,73,76,10,9,1,21,14,7,8,5,3,4619,2292,2327
WEBB COUNTY,479,28 Years,3812,2071,1741,111,94,17,2,2,0,16,11,5,3,2,1,3680,1962,1718
WEBB COUNTY,479,29 Years,3526,1807,1719,184,130,54,12,5,7,11,6,5,3,3,0,3316,1663,1653
WEBB COUNTY,479,30 Years,3442,1773,1669,120,64,56,12,11,1,8,1,7,11,11,0,3291,1686,1605
WEBB COUNTY,479,31 Years,3404,1800,1604,113,71,42,1,1,0,4,0,4,15,10,5,3271,1718,1553
WEBB COUNTY,479,32 Years,3442,1713,1729,94,41,53,1,1,0,12,8,4,8,7,1,3327,1656,1671
WEBB COUNTY,479,33 Years,3584,1798,1786,168,78,90,4,4,0,12,9,3,10,7,3,3390,1700,1690
WEBB COUNTY,479,34 Years,3618,1781,1837,139,91,48,2,2,0,30,15,15,8,6,2,3439,1667,1772
WEBB COUNTY,479,35 Years,3580,1778,1802,151,93,58,4,1,3,33,13,20,10,4,6,3382,1667,1715
WEBB COUNTY,479,36 Years,3588,1796,1792,168,104,64,5,0,5,28,7,21,9,4,5,3378,1681,1697
WEBB COUNTY,479,37 Years,3607,1810,1797,156,96,60,6,4,2,26,11,15,9,6,3,3410,1693,1717
WEBB COUNTY,479,38 Years,3660,1792,1868,140,74,66,23,23,0,23,10,13,7,5,2,3467,1680,1787
WEBB COUNTY,479,39 Years,3729,1793,1936,142,78,64,3,2,1,20,9,11,6,4,2,3558,1700,1858
WEBB COUNTY,479,40 Years,3437,1702,1735,127,80,47,5,3,2,21,9,12,8,4,4,3276,1606,1670
WEBB COUNTY,479,41 Years,3354,1647,1707,114,68,46,18,16,2,22,10,12,6,4,2,3194,1549,1645
WEBB COUNTY,479,42 Years,3444,1705,1739,106,70,36,20,17,3,21,10,11,4,2,2,3293,1606,1687
WEBB COUNTY,479,43 Years,3665,1802,1863,112,70,42,7,6,1,34,17,17,5,2,3,3507,1707,1800
WEBB COUNTY,479,44 Years,3654,1748,1906,117,67,50,10,9,1,28,10,18,10,2,8,3489,1660,1829
WEBB COUNTY,479,45 Years,3599,1691,1908,106,57,49,10,7,3,31,13,18,6,1,5,3446,1613,1833
WEBB COUNTY,479,46 Years,3555,1746,1809,121,66,55,6,5,1,21,9,12,4,3,1,3403,1663,1740
WEBB COUNTY,479,47 Years,3570,1694,1876,128,69,59,5,1,4,25,12,13,4,1,3,3408,1611,1797
WEBB COUNTY,479,48 Years,3520,1631,1889,127,81,46,9,7,2,33,15,18,7,0,7,3344,1528,1816
WEBB COUNTY,479,49 Years,3505,1626,1879,131,77,54,8,5,3,37,18,19,7,3,4,3322,1523,1799
WEBB COUNTY,479,50 Years,3340,1591,1749,117,64,53,4,1,3,33,15,18,7,6,1,3179,1505,1674
WEBB COUNTY,479,51 Years,3189,1482,1707,113,58,55,5,0,5,40,28,12,7,4,3,3024,1392,1632
WEBB COUNTY,479,52 Years,3039,1421,1618,136,75,61,5,3,2,23,11,12,9,4,5,2866,1328,1538
WEBB COUNTY,479,53 Years,2977,1392,1585,119,62,57,6,4,2,21,8,13,12,6,6,2819,1312,1507
WEBB COUNTY,479,54 Years,2994,1392,1602,135,75,60,3,3,0,29,17,12,10,2,8,2817,1295,1522
WEBB COUNTY,479,55 Years,2838,1326,1512,132,79,53,5,5,0,25,17,8,6,2,4,2670,1223,1447
WEBB COUNTY,479,56 Years,2815,1350,1465,131,74,57,7,6,1,28,14,14,6,1,5,2643,1255,1388
WEBB COUNTY,479,57 Years,2732,1355,1377,148,82,66,8,6,2,23,11,12,3,0,3,2550,1256,1294
WEBB COUNTY,479,58 Years,2738,1259,1479,176,94,82,9,7,2,18,8,10,2,1,1,2533,1149,1384
WEBB COUNTY,479,59 Years,2707,1307,1400,156,77,79,6,4,2,13,8,5,6,5,1,2526,1213,1313
WEBB COUNTY,479,60 Years,2512,1203,1309,155,85,70,9,7,2,13,5,8,3,2,1,2332,1104,1228
WEBB COUNTY,479,61 Years,2461,1124,1337,164,100,64,9,7,2,12,5,7,7,3,4,2269,1009,1260
WEBB COUNTY,479,62 Years,2437,1097,1340,147,75,72,6,5,1,19,9,10,8,4,4,2257,1004,1253
WEBB COUNTY,479,63 Years,2324,1101,1223,149,82,67,9,5,4,21,10,11,7,4,3,2138,1000,1138
WEBB COUNTY,479,64 Years,2232,1035,1197,153,75,78,7,5,2,21,12,9,4,1,3,2047,942,1105
WEBB COUNTY,479,65 Years,2077,957,1120,139,79,60,4,4,0,13,6,7,7,2,5,1914,866,1048
WEBB COUNTY,479,66 Years,1901,904,997,159,105,54,2,2,0,9,4,5,8,4,4,1723,789,934
WEBB COUNTY,479,67 Years,1793,804,989,124,68,56,2,0,2,12,5,7,4,1,3,1651,730,921
WEBB COUNTY,479,68 Years,1745,791,954,142,63,79,2,0,2,8,3,5,6,2,4,1587,723,864
WEBB COUNTY,479,69 Years,1719,778,941,149,76,73,2,0,2,8,4,4,6,2,4,1554,696,858
WEBB COUNTY,479,70 Years,1642,771,871,159,100,59,5,3,2,9,4,5,4,2,2,1465,662,803
WEBB COUNTY,479,71 Years,1669,789,880,156,88,68,3,2,1,14,7,7,4,3,1,1492,689,803
WEBB COUNTY,479,72 Years,1507,681,826,130,68,62,3,2,1,10,6,4,5,2,3,1359,603,756
WEBB COUNTY,479,73 Years,1304,582,722,102,55,47,1,1,0,6,3,3,3,2,1,1192,521,671
WEBB COUNTY,479,74 Years,1265,549,716,110,55,55,1,1,0,7,4,3,5,3,2,1142,486,656
WEBB COUNTY,479,75 Years,1118,475,643,79,44,35,1,1,0,4,2,2,1,1,0,1033,427,606
WEBB COUNTY,479,76 Years,1040,449,591,80,49,31,2,1,1,2,1,1,2,0,2,954,398,556
WEBB COUNTY,479,77 Years,993,421,572,76,48,28,1,1,0,3,0,3,4,2,2,909,370,539
WEBB COUNTY,479,78 Years,901,400,501,60,35,25,1,1,0,6,4,2,1,1,0,833,359,474
WEBB COUNTY,479,79 Years,830,353,477,59,32,27,1,1,0,2,2,0,1,1,0,767,317,450
WEBB COUNTY,479,80 Years,764,320,444,53,26,27,0,0,0,2,2,0,3,3,0,706,289,417
WEBB COUNTY,479,81 Years,684,280,404,37,21,16,1,1,0,2,2,0,1,1,0,643,255,388
WEBB COUNTY,479,82 Years,602,229,373,32,23,9,1,0,1,2,0,2,2,1,1,565,205,360
WEBB COUNTY,479,83 Years,595,231,364,28,17,11,1,0,1,1,0,1,2,2,0,563,212,351
WEBB COUNTY,479,84 Years,526,206,320,24,16,8,1,0,1,2,0,2,1,1,0,498,189,309
WEBB COUNTY,479,85 Years,433,171,262,16,9,7,0,0,0,2,1,1,0,0,0,415,161,254
WEBB COUNTY,479,86 Years,379,141,238,18,6,12,1,1,0,1,1,0,1,1,0,358,132,226
WEBB COUNTY,479,87 Years,385,141,244,19,10,9,0,0,0,0,0,0,1,1,0,365,130,235
WEBB COUNTY,479,88 Years,333,126,207,11,5,6,0,0,0,1,0,1,0,0,0,321,121,200
WEBB COUNTY,479,89 Years,311,115,196,17,7,10,1,0,1,1,0,1,2,1,1,290,107,183
WEBB COUNTY,479,90 Years,269,92,177,13,8,5,1,0,1,1,0,1,0,0,0,254,84,170
WEBB COUNTY,479,91 Years,224,78,146,15,7,8,0,0,0,1,0,1,0,0,0,208,71,137
WEBB COUNTY,479,92 Years,184,58,126,15,6,9,0,0,0,2,1,1,0,0,0,167,51,116
WEBB COUNTY,479,93 Years,147,44,103,9,5,4,0,0,0,0,0,0,0,0,0,138,39,99
WEBB COUNTY,479,94 Years,115,35,80,5,3,2,0,0,0,0,0,0,0,0,0,110,32,78
WEBB COUNTY,479,95 Years +,304,93,211,12,4,8,0,0,0,3,1,2,0,0,0,289,88,201
WHARTON COUNTY,481,All Ages,41224,20299,20925,17910,8682,9228,5151,2435,2716,186,93,93,410,210,200,17567,8879,8688
WHARTON COUNTY,481,< 1 Year,585,290,295,177,87,90,65,33,32,0,0,0,10,4,6,333,166,167
WHARTON COUNTY,481,1 Years,564,287,277,169,86,83,61,31,30,1,0,1,11,7,4,322,163,159
WHARTON COUNTY,481,2 Years,562,287,275,173,91,82,56,28,28,2,1,1,10,5,5,321,162,159
WHARTON COUNTY,481,3 Years,565,292,273,175,92,83,59,32,27,4,2,2,10,5,5,317,161,156
WHARTON COUNTY,481,4 Years,567,288,279,182,93,89,59,31,28,5,3,2,9,4,5,312,157,155
WHARTON COUNTY,481,5 Years,554,284,270,178,92,86,63,35,28,6,4,2,9,5,4,298,148,150
WHARTON COUNTY,481,6 Years,537,273,264,175,88,87,59,31,28,5,3,2,9,4,5,289,147,142
WHARTON COUNTY,481,7 Years,538,282,256,176,85,91,58,35,23,6,3,3,8,4,4,290,155,135
WHARTON COUNTY,481,8 Years,550,287,263,177,87,90,58,35,23,4,3,1,11,5,6,300,157,143
WHARTON COUNTY,481,9 Years,566,299,267,182,101,81,55,25,30,6,2,4,10,8,2,313,163,150
WHARTON COUNTY,481,10 Years,579,304,275,182,100,82,70,39,31,2,1,1,8,3,5,317,161,156
WHARTON COUNTY,481,11 Years,612,317,295,193,107,86,90,43,47,1,1,0,7,2,5,321,164,157
WHARTON COUNTY,481,12 Years,619,314,305,184,87,97,84,44,40,1,1,0,11,6,5,339,176,163
WHARTON COUNTY,481,13 Years,603,311,292,173,82,91,65,36,29,2,0,2,9,4,5,354,189,165
WHARTON COUNTY,481,14 Years,612,321,291,174,83,91,78,39,39,1,0,1,12,7,5,347,192,155
WHARTON COUNTY,481,15 Years,647,329,318,208,107,101,71,32,39,3,2,1,11,7,4,354,181,173
WHARTON COUNTY,481,16 Years,613,305,308,196,98,98,76,34,42,1,1,0,9,6,3,331,166,165
WHARTON COUNTY,481,17 Years,608,319,289,193,99,94,74,36,38,3,1,2,4,2,2,334,181,153
WHARTON COUNTY,481,18 Years,546,288,258,184,97,87,67,40,27,1,1,0,3,2,1,291,148,143
WHARTON COUNTY,481,19 Years,523,262,261,174,88,86,67,34,33,0,0,0,4,2,2,278,138,140
WHARTON COUNTY,481,20 Years,476,237,239,148,72,76,51,25,26,0,0,0,7,4,3,270,136,134
WHARTON COUNTY,481,21 Years,487,251,236,147,79,68,64,35,29,2,0,2,6,2,4,268,135,133
WHARTON COUNTY,481,22 Years,497,232,265,148,69,79,64,30,34,2,0,2,6,2,4,277,131,146
WHARTON COUNTY,481,23 Years,481,240,241,169,81,88,64,29,35,3,1,2,5,1,4,240,128,112
WHARTON COUNTY,481,24 Years,469,252,217,189,101,88,65,35,30,2,0,2,3,1,2,210,115,95
WHARTON COUNTY,481,25 Years,556,299,257,206,114,92,68,36,32,2,0,2,6,4,2,274,145,129
WHARTON COUNTY,481,26 Years,582,303,279,206,105,101,73,36,37,1,0,1,7,5,2,295,157,138
WHARTON COUNTY,481,27 Years,526,282,244,184,95,89,79,42,37,1,0,1,6,6,0,256,139,117
WHARTON COUNTY,481,28 Years,569,297,272,207,115,92,94,42,52,7,4,3,4,3,1,257,133,124
WHARTON COUNTY,481,29 Years,599,302,297,208,104,104,90,43,47,3,2,1,6,3,3,292,150,142
WHARTON COUNTY,481,30 Years,531,268,263,213,105,108,68,32,36,1,1,0,6,2,4,243,128,115
WHARTON COUNTY,481,31 Years,483,255,228,193,104,89,61,29,32,3,2,1,3,1,2,223,119,104
WHARTON COUNTY,481,32 Years,497,261,236,191,100,91,61,32,29,2,2,0,1,1,0,242,126,116
WHARTON COUNTY,481,33 Years,511,253,258,183,94,89,66,34,32,4,2,2,2,1,1,256,122,134
WHARTON COUNTY,481,34 Years,497,244,253,185,97,88,58,22,36,3,1,2,3,2,1,248,122,126
WHARTON COUNTY,481,35 Years,517,269,248,211,106,105,74,36,38,3,0,3,3,3,0,226,124,102
WHARTON COUNTY,481,36 Years,508,244,264,204,93,111,72,37,35,2,1,1,4,2,2,226,111,115
WHARTON COUNTY,481,37 Years,511,227,284,214,91,123,57,24,33,4,2,2,5,2,3,231,108,123
WHARTON COUNTY,481,38 Years,488,241,247,211,104,107,53,21,32,2,1,1,4,1,3,218,114,104
WHARTON COUNTY,481,39 Years,463,231,232,198,103,95,52,20,32,2,1,1,2,1,1,209,106,103
WHARTON COUNTY,481,40 Years,481,227,254,211,100,111,68,27,41,2,0,2,1,1,0,199,99,100
WHARTON COUNTY,481,41 Years,461,226,235,188,89,99,57,28,29,1,0,1,2,2,0,213,107,106
WHARTON COUNTY,481,42 Years,449,216,233,186,90,96,59,28,31,2,1,1,4,3,1,198,94,104
WHARTON COUNTY,481,43 Years,450,217,233,172,82,90,53,21,32,2,1,1,3,2,1,220,111,109
WHARTON COUNTY,481,44 Years,418,197,221,178,88,90,49,18,31,0,0,0,4,2,2,187,89,98
WHARTON COUNTY,481,45 Years,433,219,214,186,103,83,46,24,22,3,3,0,2,1,1,196,88,108
WHARTON COUNTY,481,46 Years,413,209,204,169,88,81,45,25,20,5,3,2,2,2,0,192,91,101
WHARTON COUNTY,481,47 Years,458,219,239,193,94,99,46,26,20,3,2,1,3,1,2,213,96,117
WHARTON COUNTY,481,48 Years,476,235,241,201,104,97,59,29,30,4,3,1,3,1,2,209,98,111
WHARTON COUNTY,481,49 Years,483,239,244,221,106,115,59,29,30,3,2,1,2,2,0,198,100,98
WHARTON COUNTY,481,50 Years,429,207,222,191,88,103,49,27,22,1,0,1,2,1,1,186,91,95
WHARTON COUNTY,481,51 Years,449,210,239,184,86,98,51,25,26,1,0,1,4,3,1,209,96,113
WHARTON COUNTY,481,52 Years,478,239,239,215,110,105,59,28,31,2,0,2,3,2,1,199,99,100
WHARTON COUNTY,481,53 Years,481,254,227,224,116,108,64,31,33,2,1,1,1,1,0,190,105,85
WHARTON COUNTY,481,54 Years,498,238,260,237,116,121,69,25,44,3,1,2,2,2,0,187,94,93
WHARTON COUNTY,481,55 Years,512,251,261,255,126,129,59,23,36,2,0,2,3,0,3,193,102,91
WHARTON COUNTY,481,56 Years,512,239,273,257,116,141,64,29,35,4,2,2,4,1,3,183,91,92
WHARTON COUNTY,481,57 Years,483,229,254,247,112,135,66,31,35,3,2,1,3,1,2,164,83,81
WHARTON COUNTY,481,58 Years,519,258,261,271,130,141,74,32,42,1,0,1,7,4,3,166,92,74
WHARTON COUNTY,481,59 Years,511,242,269,283,133,150,70,30,40,0,0,0,6,4,2,152,75,77
WHARTON COUNTY,481,60 Years,517,249,268,287,136,151,78,37,41,1,1,0,5,2,3,146,73,73
WHARTON COUNTY,481,61 Years,519,253,266,290,135,155,74,37,37,1,1,0,3,2,1,151,78,73
WHARTON COUNTY,481,62 Years,535,240,295,301,139,162,69,30,39,2,1,1,3,0,3,160,70,90
WHARTON COUNTY,481,63 Years,548,259,289,315,147,168,68,32,36,5,3,2,3,0,3,157,77,80
WHARTON COUNTY,481,64 Years,514,233,281,278,115,163,74,36,38,4,2,2,1,1,0,157,79,78
WHARTON COUNTY,481,65 Years,492,234,258,288,137,151,71,30,41,1,1,0,4,3,1,128,63,65
WHARTON COUNTY,481,66 Years,475,235,240,284,140,144,61,28,33,2,1,1,5,3,2,123,63,60
WHARTON COUNTY,481,67 Years,454,231,223,285,146,139,48,24,24,1,1,0,4,2,2,116,58,58
WHARTON COUNTY,481,68 Years,486,239,247,298,146,152,57,27,30,2,1,1,4,2,2,125,63,62
WHARTON COUNTY,481,69 Years,460,219,241,278,135,143,57,25,32,4,2,2,3,2,1,118,55,63
WHARTON COUNTY,481,70 Years,428,205,223,274,135,139,51,17,34,2,1,1,4,2,2,97,50,47
WHARTON COUNTY,481,71 Years,398,187,211,241,116,125,53,21,32,3,2,1,4,0,4,97,48,49
WHARTON COUNTY,481,72 Years,372,173,199,247,112,135,43,18,25,2,1,1,5,2,3,75,40,35
WHARTON COUNTY,481,73 Years,317,143,174,205,92,113,35,15,20,2,0,2,4,2,2,71,34,37
WHARTON COUNTY,481,74 Years,313,143,170,199,87,112,38,21,17,1,0,1,2,1,1,73,34,39
WHARTON COUNTY,481,75 Years,301,148,153,199,98,101,38,17,21,1,1,0,3,1,2,60,31,29
WHARTON COUNTY,481,76 Years,290,143,147,191,99,92,37,16,21,2,1,1,5,1,4,55,26,29
WHARTON COUNTY,481,77 Years,279,128,151,182,83,99,39,15,24,1,1,0,5,2,3,52,27,25
WHARTON COUNTY,481,78 Years,255,113,142,158,70,88,40,15,25,0,0,0,1,0,1,56,28,28
WHARTON COUNTY,481,79 Years,222,99,123,143,61,82,29,13,16,0,0,0,2,1,1,48,24,24
WHARTON COUNTY,481,80 Years,217,92,125,138,56,82,28,11,17,1,1,0,3,2,1,47,22,25
WHARTON COUNTY,481,81 Years,217,98,119,143,64,79,33,17,16,0,0,0,2,1,1,39,16,23
WHARTON COUNTY,481,82 Years,192,85,107,130,59,71,27,11,16,1,1,0,1,1,0,33,13,20
WHARTON COUNTY,481,83 Years,170,67,103,116,47,69,21,7,14,0,0,0,0,0,0,33,13,20
WHARTON COUNTY,481,84 Years,150,62,88,104,46,58,20,6,14,0,0,0,1,1,0,25,9,16
WHARTON COUNTY,481,85 Years,138,53,85,92,37,55,20,6,14,0,0,0,1,0,1,25,10,15
WHARTON COUNTY,481,86 Years,119,51,68,86,37,49,17,6,11,0,0,0,0,0,0,16,8,8
WHARTON COUNTY,481,87 Years,102,40,62,75,31,44,12,4,8,0,0,0,1,0,1,14,5,9
WHARTON COUNTY,481,88 Years,102,34,68,74,23,51,10,4,6,0,0,0,1,0,1,17,7,10
WHARTON COUNTY,481,89 Years,95,29,66,63,19,44,14,4,10,0,0,0,1,0,1,17,6,11
WHARTON COUNTY,481,90 Years,73,23,50,50,16,34,9,3,6,0,0,0,1,0,1,13,4,9
WHARTON COUNTY,481,91 Years,63,22,41,43,14,29,7,3,4,0,0,0,0,0,0,13,5,8
WHARTON COUNTY,481,92 Years,50,17,33,35,11,24,6,2,4,0,0,0,0,0,0,9,4,5
WHARTON COUNTY,481,93 Years,43,14,29,27,10,17,8,1,7,0,0,0,0,0,0,8,3,5
WHARTON COUNTY,481,94 Years,37,12,25,25,8,17,7,2,5,0,0,0,0,0,0,5,2,3
WHARTON COUNTY,481,95 Years +,89,28,61,57,16,41,17,5,12,0,0,0,3,1,2,12,6,6
WHEELER COUNTY,483,All Ages,5178,2587,2591,3446,1705,1741,104,54,50,24,7,17,113,53,60,1491,768,723
WHEELER COUNTY,483,< 1 Year,49,24,25,24,12,12,0,0,0,0,0,0,0,0,0,25,12,13
WHEELER COUNTY,483,1 Years,55,29,26,30,16,14,0,0,0,0,0,0,0,0,0,25,13,12
WHEELER COUNTY,483,2 Years,65,33,32,35,18,17,0,0,0,0,0,0,6,4,2,24,11,13
WHEELER COUNTY,483,3 Years,77,41,36,43,21,22,0,0,0,0,0,0,4,3,1,30,17,13
WHEELER COUNTY,483,4 Years,87,44,43,39,19,20,2,1,1,0,0,0,8,3,5,38,21,17
WHEELER COUNTY,483,5 Years,87,45,42,35,18,17,2,1,1,0,0,0,8,3,5,42,23,19
WHEELER COUNTY,483,6 Years,85,43,42,31,16,15,2,1,1,0,0,0,9,4,5,43,22,21
WHEELER COUNTY,483,7 Years,71,37,34,31,17,14,1,1,0,0,0,0,3,1,2,36,18,18
WHEELER COUNTY,483,8 Years,71,38,33,32,18,14,2,2,0,0,0,0,0,0,0,37,18,19
WHEELER COUNTY,483,9 Years,81,47,34,38,19,19,0,0,0,0,0,0,3,1,2,40,27,13
WHEELER COUNTY,483,10 Years,69,41,28,32,17,15,1,1,0,1,0,1,2,1,1,33,22,11
WHEELER COUNTY,483,11 Years,67,36,31,29,16,13,1,1,0,1,0,1,1,0,1,35,19,16
WHEELER COUNTY,483,12 Years,68,32,36,25,13,12,1,0,1,1,0,1,1,0,1,40,19,21
WHEELER COUNTY,483,13 Years,76,35,41,30,14,16,1,1,0,1,0,1,2,1,1,42,19,23
WHEELER COUNTY,483,14 Years,80,44,36,42,27,15,4,1,3,0,0,0,3,2,1,31,14,17
WHEELER COUNTY,483,15 Years,72,31,41,37,18,19,2,1,1,0,0,0,3,1,2,30,11,19
WHEELER COUNTY,483,16 Years,76,40,36,38,20,18,2,2,0,0,0,0,1,1,0,35,17,18
WHEELER COUNTY,483,17 Years,68,40,28,32,21,11,2,0,2,0,0,0,1,0,1,33,19,14
WHEELER COUNTY,483,18 Years,56,30,26,30,15,15,1,0,1,0,0,0,2,1,1,23,14,9
WHEELER COUNTY,483,19 Years,61,29,32,37,19,18,2,1,1,1,0,1,0,0,0,21,9,12
WHEELER COUNTY,483,20 Years,60,33,27,33,19,14,2,1,1,0,0,0,0,0,0,25,13,12
WHEELER COUNTY,483,21 Years,62,33,29,31,17,14,2,1,1,0,0,0,1,1,0,28,14,14
WHEELER COUNTY,483,22 Years,62,32,30,33,18,15,3,1,2,0,0,0,3,2,1,23,11,12
WHEELER COUNTY,483,23 Years,66,31,35,41,19,22,3,1,2,0,0,0,1,1,0,21,10,11
WHEELER COUNTY,483,24 Years,59,29,30,34,16,18,1,1,0,0,0,0,0,0,0,24,12,12
WHEELER COUNTY,483,25 Years,60,25,35,40,18,22,1,0,1,0,0,0,2,0,2,17,7,10
WHEELER COUNTY,483,26 Years,69,39,30,43,24,19,2,1,1,0,0,0,1,0,1,23,14,9
WHEELER COUNTY,483,27 Years,74,39,35,47,26,21,2,1,1,0,0,0,2,0,2,23,12,11
WHEELER COUNTY,483,28 Years,56,28,28,28,14,14,2,1,1,0,0,0,3,2,1,23,11,12
WHEELER COUNTY,483,29 Years,41,21,20,26,13,13,1,1,0,0,0,0,2,1,1,12,6,6
WHEELER COUNTY,483,30 Years,37,16,21,23,9,14,0,0,0,0,0,0,0,0,0,14,7,7
WHEELER COUNTY,483,31 Years,42,16,26,26,10,16,2,0,2,0,0,0,0,0,0,14,6,8
WHEELER COUNTY,483,32 Years,56,33,23,34,19,15,3,1,2,0,0,0,1,1,0,18,12,6
WHEELER COUNTY,483,33 Years,58,30,28,34,15,19,1,1,0,0,0,0,0,0,0,23,14,9
WHEELER COUNTY,483,34 Years,61,26,35,42,18,24,1,0,1,0,0,0,0,0,0,18,8,10
WHEELER COUNTY,483,35 Years,63,28,35,43,20,23,2,0,2,0,0,0,1,0,1,17,8,9
WHEELER COUNTY,483,36 Years,63,33,30,42,21,21,2,1,1,0,0,0,2,0,2,17,11,6
WHEELER COUNTY,483,37 Years,56,26,30,32,16,16,1,1,0,0,0,0,2,0,2,21,9,12
WHEELER COUNTY,483,38 Years,53,26,27,35,17,18,0,0,0,0,0,0,1,1,0,17,8,9
WHEELER COUNTY,483,39 Years,62,31,31,38,20,18,1,0,1,0,0,0,1,1,0,22,10,12
WHEELER COUNTY,483,40 Years,51,29,22,31,17,14,2,2,0,1,1,0,0,0,0,17,9,8
WHEELER COUNTY,483,41 Years,39,19,20,23,10,13,1,1,0,0,0,0,0,0,0,15,8,7
WHEELER COUNTY,483,42 Years,47,21,26,27,10,17,2,2,0,0,0,0,0,0,0,18,9,9
WHEELER COUNTY,483,43 Years,55,26,29,27,12,15,1,1,0,0,0,0,1,1,0,26,12,14
WHEELER COUNTY,483,44 Years,65,36,29,41,21,20,1,1,0,0,0,0,1,1,0,22,13,9
WHEELER COUNTY,483,45 Years,56,32,24,36,22,14,1,0,1,0,0,0,1,1,0,18,9,9
WHEELER COUNTY,483,46 Years,56,25,31,38,18,20,1,0,1,1,0,1,0,0,0,16,7,9
WHEELER COUNTY,483,47 Years,52,26,26,31,17,14,3,2,1,0,0,0,0,0,0,18,7,11
WHEELER COUNTY,483,48 Years,59,27,32,42,20,22,0,0,0,0,0,0,0,0,0,17,7,10
WHEELER COUNTY,483,49 Years,52,22,30,37,15,22,0,0,0,0,0,0,0,0,0,15,7,8
WHEELER COUNTY,483,50 Years,51,25,26,36,17,19,0,0,0,0,0,0,0,0,0,15,8,7
WHEELER COUNTY,483,51 Years,46,26,20,31,18,13,1,0,1,0,0,0,0,0,0,14,8,6
WHEELER COUNTY,483,52 Years,50,29,21,40,25,15,1,1,0,0,0,0,0,0,0,9,3,6
WHEELER COUNTY,483,53 Years,45,26,19,30,18,12,2,1,1,0,0,0,1,1,0,12,6,6
WHEELER COUNTY,483,54 Years,49,24,25,33,16,17,2,1,1,0,0,0,0,0,0,14,7,7
WHEELER COUNTY,483,55 Years,54,25,29,37,17,20,2,2,0,0,0,0,1,0,1,14,6,8
WHEELER COUNTY,483,56 Years,61,31,30,48,24,24,2,2,0,0,0,0,1,1,0,10,4,6
WHEELER COUNTY,483,57 Years,64,30,34,51,23,28,3,1,2,0,0,0,1,1,0,9,5,4
WHEELER COUNTY,483,58 Years,67,31,36,50,21,29,2,0,2,1,0,1,2,2,0,12,8,4
WHEELER COUNTY,483,59 Years,64,27,37,55,21,34,1,1,0,0,0,0,1,0,1,7,5,2
WHEELER COUNTY,483,60 Years,69,32,37,60,30,30,1,1,0,0,0,0,0,0,0,8,1,7
WHEELER COUNTY,483,61 Years,72,30,42,63,27,36,0,0,0,0,0,0,1,0,1,8,3,5
WHEELER COUNTY,483,62 Years,76,41,35,66,36,30,2,0,2,0,0,0,1,0,1,7,5,2
WHEELER COUNTY,483,63 Years,80,36,44,72,31,41,1,1,0,1,0,1,0,0,0,6,4,2
WHEELER COUNTY,483,64 Years,81,40,41,73,37,36,1,0,1,0,0,0,1,0,1,6,3,3
WHEELER COUNTY,483,65 Years,69,35,34,59,30,29,0,0,0,0,0,0,2,0,2,8,5,3
WHEELER COUNTY,483,66 Years,62,35,27,50,24,26,2,2,0,0,0,0,3,3,0,7,6,1
WHEELER COUNTY,483,67 Years,64,35,29,58,31,27,1,1,0,1,0,1,1,1,0,3,2,1
WHEELER COUNTY,483,68 Years,63,32,31,55,27,28,1,0,1,1,0,1,0,0,0,6,5,1
WHEELER COUNTY,483,69 Years,59,29,30,50,24,26,1,0,1,0,0,0,1,1,0,7,4,3
WHEELER COUNTY,483,70 Years,56,30,26,51,26,25,0,0,0,0,0,0,1,1,0,4,3,1
WHEELER COUNTY,483,71 Years,62,33,29,54,29,25,1,0,1,1,1,0,1,1,0,5,2,3
WHEELER COUNTY,483,72 Years,62,31,31,54,29,25,0,0,0,1,1,0,1,0,1,6,1,5
WHEELER COUNTY,483,73 Years,52,25,27,46,23,23,0,0,0,1,0,1,1,0,1,4,2,2
WHEELER COUNTY,483,74 Years,50,25,25,43,21,22,0,0,0,2,1,1,0,0,0,5,3,2
WHEELER COUNTY,483,75 Years,54,28,26,46,23,23,0,0,0,1,0,1,0,0,0,7,5,2
WHEELER COUNTY,483,76 Years,50,25,25,44,22,22,2,1,1,0,0,0,1,0,1,3,2,1
WHEELER COUNTY,483,77 Years,45,20,25,39,18,21,1,1,0,0,0,0,3,0,3,2,1,1
WHEELER COUNTY,483,78 Years,44,23,21,40,22,18,0,0,0,0,0,0,2,0,2,2,1,1
WHEELER COUNTY,483,79 Years,37,20,17,33,16,17,0,0,0,1,1,0,1,1,0,2,2,0
WHEELER COUNTY,483,80 Years,41,23,18,35,19,16,0,0,0,3,1,2,1,1,0,2,2,0
WHEELER COUNTY,483,81 Years,33,17,16,29,14,15,0,0,0,2,1,1,0,0,0,2,2,0
WHEELER COUNTY,483,82 Years,28,15,13,27,14,13,1,1,0,0,0,0,0,0,0,0,0,0
WHEELER COUNTY,483,83 Years,28,10,18,26,9,17,0,0,0,0,0,0,0,0,0,2,1,1
WHEELER COUNTY,483,84 Years,25,8,17,22,7,15,0,0,0,0,0,0,0,0,0,3,1,2
WHEELER COUNTY,483,85 Years,20,11,9,19,10,9,1,1,0,0,0,0,0,0,0,0,0,0
WHEELER COUNTY,483,86 Years,20,7,13,19,6,13,0,0,0,0,0,0,0,0,0,1,1,0
WHEELER COUNTY,483,87 Years,18,8,10,14,6,8,0,0,0,0,0,0,0,0,0,4,2,2
WHEELER COUNTY,483,88 Years,14,7,7,11,6,5,0,0,0,0,0,0,0,0,0,3,1,2
WHEELER COUNTY,483,89 Years,14,4,10,12,4,8,0,0,0,0,0,0,0,0,0,2,0,2
WHEELER COUNTY,483,90 Years,18,7,11,16,6,10,0,0,0,1,0,1,0,0,0,1,1,0
WHEELER COUNTY,483,91 Years,13,3,10,12,3,9,1,0,1,0,0,0,0,0,0,0,0,0
WHEELER COUNTY,483,92 Years,8,3,5,7,2,5,0,0,0,0,0,0,0,0,0,1,1,0
WHEELER COUNTY,483,93 Years,6,2,4,6,2,4,0,0,0,0,0,0,0,0,0,0,0,0
WHEELER COUNTY,483,94 Years,6,2,4,4,2,2,0,0,0,0,0,0,1,0,1,1,0,1
WHEELER COUNTY,483,95 Years +,15,4,11,12,4,8,1,0,1,0,0,0,0,0,0,2,0,2
WICHITA COUNTY,485,All Ages,132920,68743,64177,85585,43659,41926,13364,7375,5989,2869,1336,1533,4320,2197,2123,26782,14176,12606
WICHITA COUNTY,485,< 1 Year,1720,877,843,842,439,403,187,92,95,23,10,13,124,61,63,544,275,269
WICHITA COUNTY,485,1 Years,1702,873,829,827,428,399,185,94,91,23,12,11,124,63,61,543,276,267
WICHITA COUNTY,485,2 Years,1687,857,830,842,439,403,170,84,86,24,14,10,123,61,62,528,259,269
WICHITA COUNTY,485,3 Years,1719,873,846,868,447,421,173,87,86,25,15,10,125,64,61,528,260,268
WICHITA COUNTY,485,4 Years,1761,892,869,921,474,447,165,82,83,24,14,10,113,56,57,538,266,272
WICHITA COUNTY,485,5 Years,1790,911,879,950,481,469,171,89,82,23,13,10,94,47,47,552,281,271
WICHITA COUNTY,485,6 Years,1767,893,874,956,490,466,162,82,80,23,13,10,81,36,45,545,272,273
WICHITA COUNTY,485,7 Years,1748,889,859,939,492,447,172,85,87,26,15,11,84,37,47,527,260,267
WICHITA COUNTY,485,8 Years,1728,898,830,942,508,434,172,83,89,27,19,8,85,43,42,502,245,257
WICHITA COUNTY,485,9 Years,1662,866,796,896,476,420,174,74,100,29,19,10,79,44,35,484,253,231
WICHITA COUNTY,485,10 Years,1558,839,719,817,444,373,159,80,79,25,14,11,76,43,33,481,258,223
WICHITA COUNTY,485,11 Years,1555,824,731,840,457,383,158,66,92,25,15,10,84,51,33,448,235,213
WICHITA COUNTY,485,12 Years,1538,787,751,812,428,384,180,78,102,23,13,10,79,45,34,444,223,221
WICHITA COUNTY,485,13 Years,1544,793,751,808,421,387,159,67,92,25,14,11,86,51,35,466,240,226
WICHITA COUNTY,485,14 Years,1473,774,699,773,409,364,152,76,76,27,16,11,79,44,35,442,229,213
WICHITA COUNTY,485,15 Years,1418,733,685,740,382,358,160,80,80,27,13,14,68,38,30,423,220,203
WICHITA COUNTY,485,16 Years,1459,745,714,764,390,374,165,81,84,33,21,12,65,37,28,432,216,216
WICHITA COUNTY,485,17 Years,1778,943,835,951,502,449,217,97,120,34,19,15,84,48,36,492,277,215
WICHITA COUNTY,485,18 Years,2230,1305,925,1308,782,526,262,157,105,39,24,15,93,50,43,528,292,236
WICHITA COUNTY,485,19 Years,2851,1774,1077,1733,1115,618,377,231,146,63,49,14,108,62,46,570,317,253
WICHITA COUNTY,485,20 Years,2553,1575,978,1501,931,570,359,224,135,57,39,18,112,73,39,524,308,216
WICHITA COUNTY,485,21 Years,2315,1388,927,1319,831,488,308,169,139,54,34,20,97,58,39,537,296,241
WICHITA COUNTY,485,22 Years,2300,1320,980,1256,747,509,338,182,156,64,26,38,90,47,43,552,318,234
WICHITA COUNTY,485,23 Years,2176,1294,882,1207,740,467,310,182,128,59,28,31,83,45,38,517,299,218
WICHITA COUNTY,485,24 Years,2069,1211,858,1171,710,461,308,182,126,50,29,21,66,32,34,474,258,216
WICHITA COUNTY,485,25 Years,2003,1140,863,1198,685,513,256,140,116,39,23,16,63,34,29,447,258,189
WICHITA COUNTY,485,26 Years,1835,1025,810,1121,633,488,217,113,104,40,25,15,56,34,22,401,220,181
WICHITA COUNTY,485,27 Years,2035,1151,884,1209,700,509,258,142,116,41,28,13,70,41,29,457,240,217
WICHITA COUNTY,485,28 Years,2225,1227,998,1309,722,587,246,139,107,40,23,17,79,46,33,551,297,254
WICHITA COUNTY,485,29 Years,2212,1205,1007,1355,736,619,232,132,100,45,26,19,85,50,35,495,261,234
WICHITA COUNTY,485,30 Years,2136,1139,997,1332,689,643,235,145,90,49,27,22,71,38,33,449,240,209
WICHITA COUNTY,485,31 Years,2060,1124,936,1310,667,643,224,150,74,40,22,18,56,39,17,430,246,184
WICHITA COUNTY,485,32 Years,2028,1106,922,1273,654,619,251,171,80,35,17,18,58,39,19,411,225,186
WICHITA COUNTY,485,33 Years,1878,1014,864,1101,552,549,227,152,75,34,19,15,63,40,23,453,251,202
WICHITA COUNTY,485,34 Years,1785,978,807,1050,542,508,218,147,71,45,25,20,51,23,28,421,241,180
WICHITA COUNTY,485,35 Years,1711,907,804,1019,507,512,209,139,70,40,20,20,61,30,31,382,211,171
WICHITA COUNTY,485,36 Years,1627,862,765,982,501,481,202,134,68,29,12,17,41,16,25,373,199,174
WICHITA COUNTY,485,37 Years,1630,867,763,999,505,494,184,121,63,26,11,15,39,19,20,382,211,171
WICHITA COUNTY,485,38 Years,1616,884,732,991,529,462,184,118,66,35,15,20,50,27,23,356,195,161
WICHITA COUNTY,485,39 Years,1548,842,706,918,481,437,187,122,65,33,15,18,56,26,30,354,198,156
WICHITA COUNTY,485,40 Years,1493,798,695,890,454,436,167,107,60,30,12,18,54,27,27,352,198,154
WICHITA COUNTY,485,41 Years,1404,745,659,875,443,432,159,103,56,31,14,17,42,17,25,297,168,129
WICHITA COUNTY,485,42 Years,1412,761,651,871,456,415,172,106,66,32,17,15,37,16,21,300,166,134
WICHITA COUNTY,485,43 Years,1408,751,657,881,459,422,150,100,50,45,19,26,42,14,28,290,159,131
WICHITA COUNTY,485,44 Years,1379,733,646,874,446,428,150,101,49,38,16,22,35,13,22,282,157,125
WICHITA COUNTY,485,45 Years,1300,698,602,816,437,379,161,93,68,49,21,28,26,10,16,248,137,111
WICHITA COUNTY,485,46 Years,1346,700,646,879,444,435,138,87,51,55,19,36,23,13,10,251,137,114
WICHITA COUNTY,485,47 Years,1365,692,673,916,442,474,134,85,49,39,19,20,29,13,16,247,133,114
WICHITA COUNTY,485,48 Years,1429,713,716,974,472,502,129,81,48,42,17,25,36,15,21,248,128,120
WICHITA COUNTY,485,49 Years,1452,744,708,987,508,479,123,74,49,46,15,31,33,14,19,263,133,130
WICHITA COUNTY,485,50 Years,1320,677,643,879,453,426,127,75,52,50,17,33,25,14,11,239,118,121
WICHITA COUNTY,485,51 Years,1283,631,652,863,421,442,125,78,47,36,15,21,19,11,8,240,106,134
WICHITA COUNTY,485,52 Years,1350,683,667,934,464,470,111,68,43,34,17,17,20,11,9,251,123,128
WICHITA COUNTY,485,53 Years,1397,716,681,964,488,476,129,76,53,49,19,30,23,10,13,232,123,109
WICHITA COUNTY,485,54 Years,1562,795,767,1111,564,547,136,75,61,50,15,35,26,10,16,239,131,108
WICHITA COUNTY,485,55 Years,1546,777,769,1110,553,557,120,70,50,49,17,32,31,11,20,236,126,110
WICHITA COUNTY,485,56 Years,1614,782,832,1179,565,614,116,66,50,54,17,37,33,11,22,232,123,109
WICHITA COUNTY,485,57 Years,1664,804,860,1241,584,657,134,72,62,35,17,18,34,12,22,220,119,101
WICHITA COUNTY,485,58 Years,1707,869,838,1283,653,630,146,71,75,26,13,13,33,12,21,219,120,99
WICHITA COUNTY,485,59 Years,1672,868,804,1252,651,601,132,66,66,45,15,30,30,15,15,213,121,92
WICHITA COUNTY,485,60 Years,1604,786,818,1213,601,612,133,62,71,30,10,20,29,12,17,199,101,98
WICHITA COUNTY,485,61 Years,1667,796,871,1276,604,672,124,63,61,41,10,31,26,10,16,200,109,91
WICHITA COUNTY,485,62 Years,1615,756,859,1237,569,668,108,52,56,45,14,31,31,12,19,194,109,85
WICHITA COUNTY,485,63 Years,1539,732,807,1207,567,640,112,48,64,29,9,20,24,9,15,167,99,68
WICHITA COUNTY,485,64 Years,1534,748,786,1198,573,625,115,65,50,43,16,27,22,10,12,156,84,72
WICHITA COUNTY,485,65 Years,1475,708,767,1161,541,620,100,60,40,48,17,31,23,12,11,143,78,65
WICHITA COUNTY,485,66 Years,1407,675,732,1095,516,579,108,49,59,33,15,18,25,13,12,146,82,64
WICHITA COUNTY,485,67 Years,1331,628,703,1045,485,560,94,48,46,23,10,13,24,11,13,145,74,71
WICHITA COUNTY,485,68 Years,1274,567,707,989,438,551,105,50,55,35,11,24,23,9,14,122,59,63
WICHITA COUNTY,485,69 Years,1216,563,653,971,459,512,89,39,50,24,5,19,22,8,14,110,52,58
WICHITA COUNTY,485,70 Years,1149,535,614,925,436,489,73,30,43,21,6,15,20,8,12,110,55,55
WICHITA COUNTY,485,71 Years,1134,533,601,923,437,486,62,28,34,23,9,14,24,9,15,102,50,52
WICHITA COUNTY,485,72 Years,1134,519,615,936,433,503,62,23,39,23,10,13,17,7,10,96,46,50
WICHITA COUNTY,485,73 Years,906,411,495,732,340,392,67,22,45,15,6,9,13,7,6,79,36,43
WICHITA COUNTY,485,74 Years,876,417,459,706,344,362,58,25,33,15,5,10,13,4,9,84,39,45
WICHITA COUNTY,485,75 Years,877,371,506,711,303,408,54,22,32,14,5,9,16,5,11,82,36,46
WICHITA COUNTY,485,76 Years,830,355,475,692,303,389,41,16,25,11,4,7,14,4,10,72,28,44
WICHITA COUNTY,485,77 Years,758,315,443,632,269,363,40,15,25,10,4,6,14,5,9,62,22,40
WICHITA COUNTY,485,78 Years,724,296,428,601,245,356,40,21,19,14,5,9,11,3,8,58,22,36
WICHITA COUNTY,485,79 Years,636,262,374,530,227,303,35,11,24,8,1,7,8,2,6,55,21,34
WICHITA COUNTY,485,80 Years,602,237,365,512,202,310,40,15,25,9,2,7,6,3,3,35,15,20
WICHITA COUNTY,485,81 Years,595,236,359,500,203,297,36,9,27,11,4,7,9,4,5,39,16,23
WICHITA COUNTY,485,82 Years,550,229,321,461,199,262,27,7,20,10,2,8,12,4,8,40,17,23
WICHITA COUNTY,485,83 Years,523,206,317,436,174,262,27,9,18,11,5,6,9,3,6,40,15,25
WICHITA COUNTY,485,84 Years,518,210,308,445,183,262,19,8,11,7,3,4,9,3,6,38,13,25
WICHITA COUNTY,485,85 Years,471,198,273,409,175,234,23,10,13,7,1,6,8,2,6,24,10,14
WICHITA COUNTY,485,86 Years,405,164,241,349,145,204,23,9,14,8,1,7,9,3,6,16,6,10
WICHITA COUNTY,485,87 Years,374,148,226,329,137,192,19,6,13,5,0,5,6,1,5,15,4,11
WICHITA COUNTY,485,88 Years,319,131,188,276,118,158,20,6,14,6,1,5,5,2,3,12,4,8
WICHITA COUNTY,485,89 Years,274,109,165,238,99,139,16,4,12,6,1,5,3,1,2,11,4,7
WICHITA COUNTY,485,90 Years,227,91,136,195,82,113,12,3,9,6,2,4,3,1,2,11,3,8
WICHITA COUNTY,485,91 Years,198,74,124,172,64,108,12,4,8,4,2,2,2,1,1,8,3,5
WICHITA COUNTY,485,92 Years,159,53,106,139,47,92,9,3,6,4,0,4,1,0,1,6,3,3
WICHITA COUNTY,485,93 Years,134,41,93,116,36,80,7,2,5,3,1,2,2,0,2,6,2,4
WICHITA COUNTY,485,94 Years,106,30,76,87,24,63,7,2,5,4,1,3,2,1,1,6,2,4
WICHITA COUNTY,485,95 Years +,246,71,175,212,58,154,15,6,9,5,1,4,3,1,2,11,5,6
WILBARGER COUNTY,487,All Ages,12465,6205,6260,6976,3409,3567,1097,571,526,118,53,65,388,192,196,3886,1980,1906
WILBARGER COUNTY,487,< 1 Year,185,99,86,61,36,25,11,4,7,0,0,0,17,9,8,96,50,46
WILBARGER COUNTY,487,1 Years,172,91,81,54,31,23,12,6,6,3,2,1,13,8,5,90,44,46
WILBARGER COUNTY,487,2 Years,167,86,81,55,28,27,12,5,7,3,1,2,16,11,5,81,41,40
WILBARGER COUNTY,487,3 Years,170,83,87,55,27,28,14,6,8,4,1,3,16,9,7,81,40,41
WILBARGER COUNTY,487,4 Years,165,85,80,55,29,26,13,5,8,5,3,2,15,9,6,77,39,38
WILBARGER COUNTY,487,5 Years,164,83,81,55,32,23,13,6,7,4,2,2,13,6,7,79,37,42
WILBARGER COUNTY,487,6 Years,150,72,78,55,29,26,10,4,6,2,1,1,8,3,5,75,35,40
WILBARGER COUNTY,487,7 Years,153,70,83,60,30,30,10,4,6,2,0,2,5,1,4,76,35,41
WILBARGER COUNTY,487,8 Years,152,68,84,58,26,32,11,5,6,0,0,0,6,1,5,77,36,41
WILBARGER COUNTY,487,9 Years,156,71,85,56,27,29,14,8,6,1,1,0,6,5,1,79,30,49
WILBARGER COUNTY,487,10 Years,142,67,75,60,28,32,12,9,3,1,0,1,4,1,3,65,29,36
WILBARGER COUNTY,487,11 Years,146,68,78,57,28,29,17,9,8,1,0,1,8,6,2,63,25,38
WILBARGER COUNTY,487,12 Years,145,61,84,58,24,34,17,8,9,0,0,0,9,6,3,61,23,38
WILBARGER COUNTY,487,13 Years,153,73,80,64,30,34,14,4,10,0,0,0,9,6,3,66,33,33
WILBARGER COUNTY,487,14 Years,144,70,74,62,32,30,12,4,8,1,0,1,7,3,4,62,31,31
WILBARGER COUNTY,487,15 Years,168,96,72,77,47,30,11,5,6,1,0,1,5,2,3,74,42,32
WILBARGER COUNTY,487,16 Years,171,96,75,72,42,30,27,16,11,1,0,1,7,4,3,64,34,30
WILBARGER COUNTY,487,17 Years,186,105,81,85,48,37,23,15,8,1,1,0,7,5,2,70,36,34
WILBARGER COUNTY,487,18 Years,159,88,71,76,44,32,19,10,9,1,1,0,6,5,1,57,28,29
WILBARGER COUNTY,487,19 Years,144,81,63,67,40,27,14,7,7,0,0,0,5,3,2,58,31,27
WILBARGER COUNTY,487,20 Years,131,77,54,56,33,23,11,7,4,2,2,0,5,5,0,57,30,27
WILBARGER COUNTY,487,21 Years,131,76,55,58,33,25,12,8,4,1,1,0,5,4,1,55,30,25
WILBARGER COUNTY,487,22 Years,134,67,67,65,36,29,15,6,9,0,0,0,4,2,2,50,23,27
WILBARGER COUNTY,487,23 Years,136,64,72,66,36,30,14,5,9,1,1,0,3,1,2,52,21,31
WILBARGER COUNTY,487,24 Years,134,66,68,64,34,30,12,6,6,1,1,0,5,4,1,52,21,31
WILBARGER COUNTY,487,25 Years,161,79,82,80,37,43,14,9,5,1,0,1,6,3,3,60,30,30
WILBARGER COUNTY,487,26 Years,192,104,88,94,48,46,17,10,7,2,1,1,8,5,3,71,40,31
WILBARGER COUNTY,487,27 Years,179,97,82,88,43,45,17,9,8,1,0,1,3,1,2,70,44,26
WILBARGER COUNTY,487,28 Years,188,95,93,109,54,55,12,6,6,1,0,1,4,3,1,62,32,30
WILBARGER COUNTY,487,29 Years,199,102,97,118,60,58,21,15,6,1,1,0,5,2,3,54,24,30
WILBARGER COUNTY,487,30 Years,169,79,90,95,44,51,15,10,5,0,0,0,2,0,2,57,25,32
WILBARGER COUNTY,487,31 Years,163,79,84,83,35,48,15,8,7,0,0,0,2,1,1,63,35,28
WILBARGER COUNTY,487,32 Years,171,79,92,85,34,51,12,6,6,1,0,1,4,2,2,69,37,32
WILBARGER COUNTY,487,33 Years,185,91,94,95,48,47,23,10,13,0,0,0,3,1,2,64,32,32
WILBARGER COUNTY,487,34 Years,179,90,89,94,48,46,23,10,13,0,0,0,4,1,3,58,31,27
WILBARGER COUNTY,487,35 Years,182,94,88,104,49,55,10,6,4,2,2,0,4,1,3,62,36,26
WILBARGER COUNTY,487,36 Years,165,83,82,92,49,43,13,7,6,0,0,0,5,1,4,55,26,29
WILBARGER COUNTY,487,37 Years,152,79,73,85,44,41,11,5,6,0,0,0,7,1,6,49,29,20
WILBARGER COUNTY,487,38 Years,143,66,77,90,38,52,9,5,4,0,0,0,5,1,4,39,22,17
WILBARGER COUNTY,487,39 Years,134,70,64,86,42,44,13,6,7,1,1,0,2,1,1,32,20,12
WILBARGER COUNTY,487,40 Years,139,69,70,89,45,44,13,6,7,2,0,2,4,1,3,31,17,14
WILBARGER COUNTY,487,41 Years,136,75,61,76,43,33,13,7,6,1,0,1,3,1,2,43,24,19
WILBARGER COUNTY,487,42 Years,138,74,64,80,37,43,13,7,6,2,2,0,0,0,0,43,28,15
WILBARGER COUNTY,487,43 Years,120,56,64,67,31,36,12,8,4,2,1,1,2,0,2,37,16,21
WILBARGER COUNTY,487,44 Years,108,55,53,63,28,35,10,8,2,1,0,1,2,1,1,32,18,14
WILBARGER COUNTY,487,45 Years,109,49,60,61,25,36,11,6,5,2,2,0,1,1,0,34,15,19
WILBARGER COUNTY,487,46 Years,128,65,63,72,37,35,13,7,6,1,1,0,3,2,1,39,18,21
WILBARGER COUNTY,487,47 Years,118,59,59,67,32,35,9,5,4,3,1,2,3,1,2,36,20,16
WILBARGER COUNTY,487,48 Years,133,59,74,79,36,43,10,4,6,2,0,2,4,1,3,38,18,20
WILBARGER COUNTY,487,49 Years,122,57,65,64,31,33,12,6,6,3,2,1,4,1,3,39,17,22
WILBARGER COUNTY,487,50 Years,107,47,60,58,24,34,14,7,7,1,0,1,4,1,3,30,15,15
WILBARGER COUNTY,487,51 Years,122,61,61,64,32,32,12,7,5,2,0,2,5,2,3,39,20,19
WILBARGER COUNTY,487,52 Years,132,80,52,78,47,31,14,7,7,1,1,0,3,3,0,36,22,14
WILBARGER COUNTY,487,53 Years,143,78,65,91,50,41,12,5,7,2,1,1,1,1,0,37,21,16
WILBARGER COUNTY,487,54 Years,149,78,71,94,50,44,10,6,4,1,0,1,4,1,3,40,21,19
WILBARGER COUNTY,487,55 Years,150,84,66,94,50,44,11,7,4,2,1,1,4,2,2,39,24,15
WILBARGER COUNTY,487,56 Years,167,82,85,112,50,62,15,8,7,1,0,1,3,1,2,36,23,13
WILBARGER COUNTY,487,57 Years,174,84,90,112,52,60,14,9,5,2,2,0,5,0,5,41,21,20
WILBARGER COUNTY,487,58 Years,186,87,99,119,51,68,13,7,6,2,2,0,6,3,3,46,24,22
WILBARGER COUNTY,487,59 Years,182,99,83,111,60,51,16,8,8,1,1,0,3,3,0,51,27,24
WILBARGER COUNTY,487,60 Years,164,90,74,102,55,47,17,9,8,1,1,0,4,2,2,40,23,17
WILBARGER COUNTY,487,61 Years,165,83,82,112,60,52,16,7,9,2,1,1,3,2,1,32,13,19
WILBARGER COUNTY,487,62 Years,149,72,77,100,48,52,14,8,6,1,0,1,3,1,2,31,15,16
WILBARGER COUNTY,487,63 Years,160,86,74,106,56,50,15,9,6,2,0,2,4,2,2,33,19,14
WILBARGER COUNTY,487,64 Years,161,85,76,109,54,55,19,13,6,4,1,3,3,1,2,26,16,10
WILBARGER COUNTY,487,65 Years,168,85,83,114,56,58,17,9,8,3,2,1,3,3,0,31,15,16
WILBARGER COUNTY,487,66 Years,154,76,78,113,53,60,13,7,6,1,1,0,1,0,1,26,15,11
WILBARGER COUNTY,487,67 Years,145,74,71,108,54,54,9,5,4,2,1,1,3,2,1,23,12,11
WILBARGER COUNTY,487,68 Years,136,67,69,96,46,50,14,8,6,2,0,2,3,1,2,21,12,9
WILBARGER COUNTY,487,69 Years,118,54,64,86,38,48,11,6,5,1,0,1,1,0,1,19,10,9
WILBARGER COUNTY,487,70 Years,119,59,60,85,45,40,10,4,6,2,0,2,3,1,2,19,9,10
WILBARGER COUNTY,487,71 Years,146,67,79,108,48,60,7,3,4,1,0,1,5,2,3,25,14,11
WILBARGER COUNTY,487,72 Years,135,69,66,105,48,57,7,6,1,1,0,1,4,2,2,18,13,5
WILBARGER COUNTY,487,73 Years,117,55,62,84,36,48,9,4,5,1,1,0,2,1,1,21,13,8
WILBARGER COUNTY,487,74 Years,120,58,62,87,40,47,11,6,5,0,0,0,3,1,2,19,11,8
WILBARGER COUNTY,487,75 Years,111,50,61,87,40,47,7,3,4,0,0,0,1,0,1,16,7,9
WILBARGER COUNTY,487,76 Years,92,41,51,78,33,45,4,3,1,0,0,0,0,0,0,10,5,5
WILBARGER COUNTY,487,77 Years,90,41,49,72,36,36,4,0,4,2,0,2,0,0,0,12,5,7
WILBARGER COUNTY,487,78 Years,87,40,47,67,30,37,4,2,2,1,0,1,1,0,1,14,8,6
WILBARGER COUNTY,487,79 Years,84,39,45,68,31,37,7,3,4,0,0,0,0,0,0,9,5,4
WILBARGER COUNTY,487,80 Years,77,38,39,60,30,30,4,1,3,2,1,1,0,0,0,11,6,5
WILBARGER COUNTY,487,81 Years,65,33,32,53,28,25,2,1,1,1,0,1,0,0,0,9,4,5
WILBARGER COUNTY,487,82 Years,57,25,32,45,19,26,0,0,0,1,1,0,2,0,2,9,5,4
WILBARGER COUNTY,487,83 Years,58,22,36,42,16,26,6,2,4,1,1,0,1,0,1,8,3,5
WILBARGER COUNTY,487,84 Years,57,24,33,45,17,28,5,2,3,1,0,1,0,0,0,6,5,1
WILBARGER COUNTY,487,85 Years,50,21,29,37,13,24,6,4,2,0,0,0,0,0,0,7,4,3
WILBARGER COUNTY,487,86 Years,43,17,26,32,11,21,5,3,2,0,0,0,1,0,1,5,3,2
WILBARGER COUNTY,487,87 Years,34,10,24,26,6,20,3,1,2,1,0,1,1,1,0,3,2,1
WILBARGER COUNTY,487,88 Years,34,8,26,24,6,18,5,1,4,0,0,0,0,0,0,5,1,4
WILBARGER COUNTY,487,89 Years,32,11,21,23,7,16,2,1,1,1,0,1,0,0,0,6,3,3
WILBARGER COUNTY,487,90 Years,28,12,16,24,10,14,1,1,0,0,0,0,0,0,0,3,1,2
WILBARGER COUNTY,487,91 Years,26,10,16,16,6,10,4,2,2,1,1,0,1,0,1,4,1,3
WILBARGER COUNTY,487,92 Years,27,10,17,16,5,11,5,2,3,1,1,0,1,0,1,4,2,2
WILBARGER COUNTY,487,93 Years,18,8,10,11,4,7,3,2,1,0,0,0,0,0,0,4,2,2
WILBARGER COUNTY,487,94 Years,14,5,9,10,3,7,2,2,0,0,0,0,0,0,0,2,0,2
WILBARGER COUNTY,487,95 Years +,41,12,29,25,7,18,7,2,5,1,0,1,2,1,1,6,2,4
WILLACY COUNTY,489,All Ages,21566,11810,9756,1894,1011,883,383,343,40,123,98,25,104,58,46,19062,10300,8762
WILLACY COUNTY,489,< 1 Year,270,131,139,13,4,9,0,0,0,0,0,0,4,2,2,253,125,128
WILLACY COUNTY,489,1 Years,272,136,136,16,7,9,0,0,0,0,0,0,2,1,1,254,128,126
WILLACY COUNTY,489,2 Years,284,140,144,13,4,9,0,0,0,1,0,1,4,2,2,266,134,132
WILLACY COUNTY,489,3 Years,298,145,153,15,3,12,0,0,0,0,0,0,3,2,1,280,140,140
WILLACY COUNTY,489,4 Years,305,153,152,18,7,11,0,0,0,0,0,0,4,3,1,283,143,140
WILLACY COUNTY,489,5 Years,308,150,158,22,9,13,2,1,1,0,0,0,3,2,1,281,138,143
WILLACY COUNTY,489,6 Years,318,160,158,22,11,11,0,0,0,0,0,0,4,3,1,292,146,146
WILLACY COUNTY,489,7 Years,320,157,163,26,13,13,0,0,0,0,0,0,0,0,0,294,144,150
WILLACY COUNTY,489,8 Years,333,165,168,27,15,12,0,0,0,0,0,0,0,0,0,306,150,156
WILLACY COUNTY,489,9 Years,302,137,165,26,9,17,1,0,1,0,0,0,2,0,2,273,128,145
WILLACY COUNTY,489,10 Years,277,137,140,21,11,10,2,1,1,0,0,0,1,0,1,253,125,128
WILLACY COUNTY,489,11 Years,288,145,143,18,10,8,1,1,0,0,0,0,1,1,0,268,133,135
WILLACY COUNTY,489,12 Years,300,152,148,19,8,11,0,0,0,0,0,0,1,1,0,280,143,137
WILLACY COUNTY,489,13 Years,273,135,138,14,7,7,2,0,2,0,0,0,1,0,1,256,128,128
WILLACY COUNTY,489,14 Years,291,148,143,15,8,7,1,0,1,0,0,0,1,1,0,274,139,135
WILLACY COUNTY,489,15 Years,304,152,152,19,9,10,1,1,0,0,0,0,3,2,1,281,140,141
WILLACY COUNTY,489,16 Years,277,150,127,19,11,8,1,1,0,0,0,0,1,0,1,256,138,118
WILLACY COUNTY,489,17 Years,269,135,134,20,9,11,1,0,1,0,0,0,3,2,1,245,124,121
WILLACY COUNTY,489,18 Years,364,220,144,24,14,10,4,3,1,4,3,1,2,1,1,330,199,131
WILLACY COUNTY,489,19 Years,332,203,129,19,9,10,10,9,1,5,4,1,1,0,1,297,181,116
WILLACY COUNTY,489,20 Years,382,243,139,22,13,9,12,10,2,5,3,2,3,2,1,340,215,125
WILLACY COUNTY,489,21 Years,390,261,129,20,12,8,12,12,0,8,7,1,4,4,0,346,226,120
WILLACY COUNTY,489,22 Years,387,249,138,19,11,8,18,15,3,7,5,2,4,2,2,339,216,123
WILLACY COUNTY,489,23 Years,367,236,131,19,13,6,15,14,1,4,3,1,3,2,1,326,204,122
WILLACY COUNTY,489,24 Years,387,241,146,25,17,8,11,10,1,4,3,1,3,2,1,344,209,135
WILLACY COUNTY,489,25 Years,385,246,139,23,15,8,9,9,0,5,3,2,3,1,2,345,218,127
WILLACY COUNTY,489,26 Years,390,248,142,22,15,7,15,15,0,0,0,0,1,0,1,352,218,134
WILLACY COUNTY,489,27 Years,402,265,137,21,14,7,18,17,1,10,9,1,1,1,0,352,224,128
WILLACY COUNTY,489,28 Years,380,244,136,22,13,9,11,9,2,5,5,0,1,1,0,341,216,125
WILLACY COUNTY,489,29 Years,374,246,128,23,15,8,17,14,3,4,4,0,1,1,0,329,212,117
WILLACY COUNTY,489,30 Years,343,223,120,18,10,8,19,17,2,4,4,0,1,0,1,301,192,109
WILLACY COUNTY,489,31 Years,328,215,113,25,17,8,13,13,0,2,2,0,1,1,0,287,182,105
WILLACY COUNTY,489,32 Years,335,221,114,21,13,8,18,18,0,8,8,0,0,0,0,288,182,106
WILLACY COUNTY,489,33 Years,331,214,117,24,19,5,12,12,0,2,1,1,1,1,0,292,181,111
WILLACY COUNTY,489,34 Years,319,202,117,26,17,9,10,9,1,1,1,0,1,1,0,281,174,107
WILLACY COUNTY,489,35 Years,282,188,94,14,10,4,11,11,0,5,5,0,0,0,0,252,162,90
WILLACY COUNTY,489,36 Years,323,213,110,21,13,8,15,13,2,2,1,1,1,1,0,284,185,99
WILLACY COUNTY,489,37 Years,308,202,106,24,17,7,13,11,2,4,4,0,0,0,0,267,170,97
WILLACY COUNTY,489,38 Years,288,184,104,23,16,7,7,7,0,1,1,0,0,0,0,257,160,97
WILLACY COUNTY,489,39 Years,295,179,116,20,9,11,10,9,1,2,2,0,0,0,0,263,159,104
WILLACY COUNTY,489,40 Years,253,150,103,24,14,10,3,3,0,2,2,0,0,0,0,224,131,93
WILLACY COUNTY,489,41 Years,268,148,120,16,8,8,5,5,0,3,2,1,0,0,0,244,133,111
WILLACY COUNTY,489,42 Years,260,139,121,14,9,5,5,5,0,1,1,0,1,0,1,239,124,115
WILLACY COUNTY,489,43 Years,250,135,115,14,10,4,3,3,0,2,2,0,1,0,1,230,120,110
WILLACY COUNTY,489,44 Years,243,138,105,19,14,5,3,3,0,2,2,0,1,0,1,218,119,99
WILLACY COUNTY,489,45 Years,254,143,111,21,12,9,6,6,0,1,1,0,1,1,0,225,123,102
WILLACY COUNTY,489,46 Years,241,139,102,23,13,10,6,6,0,2,1,1,2,0,2,208,119,89
WILLACY COUNTY,489,47 Years,230,118,112,21,11,10,6,6,0,1,1,0,0,0,0,202,100,102
WILLACY COUNTY,489,48 Years,222,119,103,19,12,7,4,4,0,3,3,0,1,0,1,195,100,95
WILLACY COUNTY,489,49 Years,218,120,98,24,14,10,2,2,0,0,0,0,1,1,0,191,103,88
WILLACY COUNTY,489,50 Years,211,113,98,25,12,13,4,4,0,3,2,1,1,1,0,178,94,84
WILLACY COUNTY,489,51 Years,202,106,96,20,13,7,2,2,0,0,0,0,1,0,1,179,91,88
WILLACY COUNTY,489,52 Years,200,103,97,21,14,7,1,1,0,0,0,0,0,0,0,178,88,90
WILLACY COUNTY,489,53 Years,176,95,81,23,14,9,1,1,0,1,0,1,0,0,0,151,80,71
WILLACY COUNTY,489,54 Years,223,101,122,23,12,11,3,3,0,2,2,0,1,0,1,194,84,110
WILLACY COUNTY,489,55 Years,217,104,113,24,14,10,3,3,0,2,0,2,0,0,0,188,87,101
WILLACY COUNTY,489,56 Years,198,88,110,26,14,12,1,1,0,1,0,1,1,1,0,169,72,97
WILLACY COUNTY,489,57 Years,202,90,112,20,11,9,1,1,0,1,1,0,1,1,0,179,76,103
WILLACY COUNTY,489,58 Years,203,98,105,25,13,12,1,1,0,1,0,1,2,2,0,174,82,92
WILLACY COUNTY,489,59 Years,230,119,111,34,17,17,4,3,1,0,0,0,1,0,1,191,99,92
WILLACY COUNTY,489,60 Years,213,113,100,21,12,9,2,2,0,0,0,0,0,0,0,190,99,91
WILLACY COUNTY,489,61 Years,195,98,97,29,14,15,1,1,0,0,0,0,0,0,0,165,83,82
WILLACY COUNTY,489,62 Years,199,94,105,33,16,17,2,2,0,0,0,0,1,0,1,163,76,87
WILLACY COUNTY,489,63 Years,196,100,96,21,12,9,2,2,0,0,0,0,0,0,0,173,86,87
WILLACY COUNTY,489,64 Years,219,97,122,31,15,16,2,2,0,1,0,1,1,0,1,184,80,104
WILLACY COUNTY,489,65 Years,211,93,118,31,14,17,1,0,1,0,0,0,1,0,1,178,79,99
WILLACY COUNTY,489,66 Years,213,98,115,28,12,16,0,0,0,0,0,0,1,0,1,184,86,98
WILLACY COUNTY,489,67 Years,203,86,117,26,12,14,1,0,1,0,0,0,0,0,0,176,74,102
WILLACY COUNTY,489,68 Years,174,77,97,24,11,13,1,0,1,0,0,0,0,0,0,149,66,83
WILLACY COUNTY,489,69 Years,179,87,92,25,9,16,0,0,0,0,0,0,3,2,1,151,76,75
WILLACY COUNTY,489,70 Years,199,104,95,29,11,18,1,1,0,0,0,0,0,0,0,169,92,77
WILLACY COUNTY,489,71 Years,157,73,84,18,9,9,1,1,0,0,0,0,0,0,0,138,63,75
WILLACY COUNTY,489,72 Years,149,60,89,17,9,8,2,1,1,0,0,0,0,0,0,130,50,80
WILLACY COUNTY,489,73 Years,147,70,77,19,8,11,1,1,0,0,0,0,1,0,1,126,61,65
WILLACY COUNTY,489,74 Years,134,72,62,23,15,8,0,0,0,0,0,0,1,0,1,110,57,53
WILLACY COUNTY,489,75 Years,124,64,60,24,10,14,1,0,1,0,0,0,0,0,0,99,54,45
WILLACY COUNTY,489,76 Years,112,50,62,31,11,20,1,1,0,0,0,0,1,1,0,79,37,42
WILLACY COUNTY,489,77 Years,115,53,62,27,12,15,1,1,0,0,0,0,1,1,0,86,39,47
WILLACY COUNTY,489,78 Years,111,48,63,24,14,10,1,0,1,0,0,0,0,0,0,86,34,52
WILLACY COUNTY,489,79 Years,97,40,57,21,12,9,1,1,0,0,0,0,1,0,1,74,27,47
WILLACY COUNTY,489,80 Years,86,39,47,24,13,11,1,1,0,0,0,0,0,0,0,61,25,36
WILLACY COUNTY,489,81 Years,83,42,41,21,13,8,0,0,0,0,0,0,1,1,0,61,28,33
WILLACY COUNTY,489,82 Years,66,33,33,16,10,6,0,0,0,0,0,0,1,1,0,49,22,27
WILLACY COUNTY,489,83 Years,57,22,35,9,4,5,0,0,0,0,0,0,1,0,1,47,18,29
WILLACY COUNTY,489,84 Years,58,24,34,7,3,4,0,0,0,0,0,0,1,0,1,50,21,29
WILLACY COUNTY,489,85 Years,53,25,28,9,5,4,0,0,0,0,0,0,0,0,0,44,20,24
WILLACY COUNTY,489,86 Years,56,19,37,11,3,8,0,0,0,0,0,0,0,0,0,45,16,29
WILLACY COUNTY,489,87 Years,40,11,29,6,2,4,1,0,1,0,0,0,0,0,0,33,9,24
WILLACY COUNTY,489,88 Years,44,13,31,7,2,5,0,0,0,0,0,0,1,1,0,36,10,26
WILLACY COUNTY,489,89 Years,32,12,20,5,2,3,0,0,0,0,0,0,1,1,0,26,9,17
WILLACY COUNTY,489,90 Years,36,11,25,6,2,4,0,0,0,1,0,1,0,0,0,29,9,20
WILLACY COUNTY,489,91 Years,29,9,20,4,1,3,0,0,0,0,0,0,0,0,0,25,8,17
WILLACY COUNTY,489,92 Years,24,9,15,3,1,2,0,0,0,0,0,0,0,0,0,21,8,13
WILLACY COUNTY,489,93 Years,24,7,17,3,1,2,0,0,0,0,0,0,0,0,0,21,6,15
WILLACY COUNTY,489,94 Years,17,6,11,3,1,2,0,0,0,0,0,0,0,0,0,14,5,9
WILLACY COUNTY,489,95 Years +,32,14,18,4,2,2,3,1,2,0,0,0,0,0,0,25,11,14
WILLIAMSON COUNTY,491,All Ages,589216,288904,300312,346411,169409,177002,37300,18531,18769,40890,19619,21271,18061,9188,8873,146554,72157,74397
WILLIAMSON COUNTY,491,< 1 Year,7485,3800,3685,3393,1723,1670,488,250,238,486,243,243,593,297,296,2525,1287,1238
WILLIAMSON COUNTY,491,1 Years,7586,3855,3731,3480,1769,1711,497,251,246,515,258,257,573,290,283,2521,1287,1234
WILLIAMSON COUNTY,491,2 Years,7716,3913,3803,3654,1876,1778,489,236,253,519,255,264,554,278,276,2500,1268,1232
WILLIAMSON COUNTY,491,3 Years,7885,4053,3832,3839,1987,1852,493,242,251,568,287,281,521,267,254,2464,1270,1194
WILLIAMSON COUNTY,491,4 Years,8139,4189,3950,4023,2074,1949,504,253,251,618,310,308,517,261,256,2477,1291,1186
WILLIAMSON COUNTY,491,5 Years,8185,4223,3962,4067,2071,1996,498,262,236,648,323,325,518,268,250,2454,1299,1155
WILLIAMSON COUNTY,491,6 Years,8232,4221,4011,4107,2081,2026,483,250,233,651,326,325,500,261,239,2491,1303,1188
WILLIAMSON COUNTY,491,7 Years,8191,4219,3972,4104,2110,1994,453,237,216,646,329,317,489,267,222,2499,1276,1223
WILLIAMSON COUNTY,491,8 Years,8387,4299,4088,4201,2171,2030,458,242,216,647,335,312,482,265,217,2599,1286,1313
WILLIAMSON COUNTY,491,9 Years,8304,4152,4152,4101,2042,2059,477,240,237,625,324,301,474,274,200,2627,1272,1355
WILLIAMSON COUNTY,491,10 Years,8431,4179,4252,4221,2071,2150,498,253,245,635,326,309,425,235,190,2652,1294,1358
WILLIAMSON COUNTY,491,11 Years,8734,4386,4348,4358,2207,2151,549,275,274,706,348,358,408,215,193,2713,1341,1372
WILLIAMSON COUNTY,491,12 Years,8699,4384,4315,4346,2197,2149,538,255,283,665,331,334,422,232,190,2728,1369,1359
WILLIAMSON COUNTY,491,13 Years,8668,4424,4244,4289,2176,2113,579,288,291,679,354,325,392,221,171,2729,1385,1344
WILLIAMSON COUNTY,491,14 Years,8680,4483,4197,4379,2286,2093,545,290,255,681,342,339,380,198,182,2695,1367,1328
WILLIAMSON COUNTY,491,15 Years,8724,4423,4301,4373,2257,2116,604,306,298,652,306,346,383,209,174,2712,1345,1367
WILLIAMSON COUNTY,491,16 Years,8472,4275,4197,4274,2200,2074,660,334,326,627,311,316,338,169,169,2573,1261,1312
WILLIAMSON COUNTY,491,17 Years,8353,4160,4193,4193,2109,2084,666,357,309,593,280,313,301,163,138,2600,1251,1349
WILLIAMSON COUNTY,491,18 Years,8079,4059,4020,3949,2020,1929,622,325,297,586,278,308,297,160,137,2625,1276,1349
WILLIAMSON COUNTY,491,19 Years,7165,3636,3529,3463,1796,1667,607,323,284,443,206,237,272,137,135,2380,1174,1206
WILLIAMSON COUNTY,491,20 Years,6882,3495,3387,3265,1665,1600,605,331,274,421,190,231,264,128,136,2327,1181,1146
WILLIAMSON COUNTY,491,21 Years,6950,3472,3478,3317,1649,1668,603,319,284,461,212,249,258,133,125,2311,1159,1152
WILLIAMSON COUNTY,491,22 Years,7225,3594,3631,3507,1763,1744,579,296,283,523,226,297,282,147,135,2334,1162,1172
WILLIAMSON COUNTY,491,23 Years,7472,3708,3764,3664,1848,1816,630,308,322,600,247,353,272,139,133,2306,1166,1140
WILLIAMSON COUNTY,491,24 Years,7723,3816,3907,3910,1973,1937,636,316,320,551,217,334,273,142,131,2353,1168,1185
WILLIAMSON COUNTY,491,25 Years,8201,4062,4139,4216,2081,2135,641,344,297,636,282,354,285,143,142,2423,1212,1211
WILLIAMSON COUNTY,491,26 Years,8408,4289,4119,4484,2282,2202,652,343,309,606,294,312,272,135,137,2394,1235,1159
WILLIAMSON COUNTY,491,27 Years,8347,4191,4156,4440,2252,2188,594,320,274,602,257,345,255,125,130,2456,1237,1219
WILLIAMSON COUNTY,491,28 Years,8048,4041,4007,4289,2141,2148,527,285,242,590,290,300,244,136,108,2398,1189,1209
WILLIAMSON COUNTY,491,29 Years,7976,4070,3906,4323,2188,2135,520,291,229,572,268,304,222,121,101,2339,1202,1137
WILLIAMSON COUNTY,491,30 Years,7771,3911,3860,4183,2036,2147,478,255,223,572,262,310,227,120,107,2311,1238,1073
WILLIAMSON COUNTY,491,31 Years,7761,3879,3882,4224,2010,2214,432,222,210,569,278,291,214,111,103,2322,1258,1064
WILLIAMSON COUNTY,491,32 Years,7796,3866,3930,4336,2088,2248,437,234,203,516,222,294,194,92,102,2313,1230,1083
WILLIAMSON COUNTY,491,33 Years,8052,3954,4098,4522,2191,2331,474,241,233,556,266,290,193,76,117,2307,1180,1127
WILLIAMSON COUNTY,491,34 Years,8427,4148,4279,4811,2360,2451,478,264,214,614,292,322,218,108,110,2306,1124,1182
WILLIAMSON COUNTY,491,35 Years,8520,4193,4327,4853,2332,2521,443,236,207,677,328,349,211,112,99,2336,1185,1151
WILLIAMSON COUNTY,491,36 Years,8949,4447,4502,4930,2437,2493,492,239,253,792,391,401,223,120,103,2512,1260,1252
WILLIAMSON COUNTY,491,37 Years,9008,4399,4609,5046,2444,2602,532,274,258,847,403,444,212,87,125,2371,1191,1180
WILLIAMSON COUNTY,491,38 Years,8952,4423,4529,5030,2535,2495,520,256,264,823,378,445,220,96,124,2359,1158,1201
WILLIAMSON COUNTY,491,39 Years,9259,4577,4682,5129,2571,2558,561,288,273,888,405,483,204,103,101,2477,1210,1267
WILLIAMSON COUNTY,491,40 Years,9095,4464,4631,5099,2495,2604,524,253,271,875,416,459,214,101,113,2383,1199,1184
WILLIAMSON COUNTY,491,41 Years,9056,4464,4592,5226,2564,2662,538,252,286,850,415,435,200,98,102,2242,1135,1107
WILLIAMSON COUNTY,491,42 Years,9056,4505,4551,5146,2555,2591,528,252,276,947,479,468,195,101,94,2240,1118,1122
WILLIAMSON COUNTY,491,43 Years,8715,4297,4418,4929,2465,2464,559,252,307,889,429,460,182,94,88,2156,1057,1099
WILLIAMSON COUNTY,491,44 Years,8607,4305,4302,4910,2492,2418,520,256,264,851,421,430,199,88,111,2127,1048,1079
WILLIAMSON COUNTY,491,45 Years,8598,4313,4285,4802,2470,2332,577,265,312,859,433,426,197,93,104,2163,1052,1111
WILLIAMSON COUNTY,491,46 Years,8416,4140,4276,4842,2455,2387,602,299,303,755,381,374,180,84,96,2037,921,1116
WILLIAMSON COUNTY,491,47 Years,8541,4218,4323,5057,2564,2493,592,289,303,710,331,379,204,109,95,1978,925,1053
WILLIAMSON COUNTY,491,48 Years,8781,4443,4338,5374,2796,2578,638,308,330,652,332,320,186,92,94,1931,915,1016
WILLIAMSON COUNTY,491,49 Years,8782,4352,4430,5416,2746,2670,628,291,337,624,307,317,193,89,104,1921,919,1002
WILLIAMSON COUNTY,491,50 Years,8093,4015,4078,5011,2520,2491,605,306,299,578,280,298,157,83,74,1742,826,916
WILLIAMSON COUNTY,491,51 Years,7466,3766,3700,4631,2373,2258,603,311,292,517,272,245,119,57,62,1596,753,843
WILLIAMSON COUNTY,491,52 Years,6997,3479,3518,4434,2252,2182,522,254,268,475,230,245,129,64,65,1437,679,758
WILLIAMSON COUNTY,491,53 Years,6879,3349,3530,4361,2134,2227,554,252,302,424,209,215,108,56,52,1432,698,734
WILLIAMSON COUNTY,491,54 Years,7023,3461,3562,4491,2235,2256,556,250,306,415,198,217,117,61,56,1444,717,727
WILLIAMSON COUNTY,491,55 Years,7172,3495,3677,4686,2296,2390,550,253,297,412,195,217,123,66,57,1401,685,716
WILLIAMSON COUNTY,491,56 Years,7181,3447,3734,4815,2312,2503,523,247,276,409,204,205,121,55,66,1313,629,684
WILLIAMSON COUNTY,491,57 Years,6993,3382,3611,4791,2316,2475,508,248,260,362,180,182,111,52,59,1221,586,635
WILLIAMSON COUNTY,491,58 Years,6853,3299,3554,4761,2302,2459,479,232,247,314,147,167,111,53,58,1188,565,623
WILLIAMSON COUNTY,491,59 Years,6763,3244,3519,4779,2278,2501,456,240,216,309,152,157,112,51,61,1107,523,584
WILLIAMSON COUNTY,491,60 Years,6262,3000,3262,4440,2137,2303,449,220,229,280,122,158,109,51,58,984,470,514
WILLIAMSON COUNTY,491,61 Years,6180,2922,3258,4464,2134,2330,368,187,181,283,134,149,94,41,53,971,426,545
WILLIAMSON COUNTY,491,62 Years,5985,2771,3214,4353,2030,2323,363,176,187,248,118,130,87,39,48,934,408,526
WILLIAMSON COUNTY,491,63 Years,5823,2726,3097,4274,2034,2240,367,177,190,238,114,124,88,44,44,856,357,499
WILLIAMSON COUNTY,491,64 Years,5767,2656,3111,4285,1997,2288,357,164,193,239,104,135,82,34,48,804,357,447
WILLIAMSON COUNTY,491,65 Years,5498,2476,3022,4164,1906,2258,275,125,150,222,95,127,71,28,43,766,322,444
WILLIAMSON COUNTY,491,66 Years,5418,2436,2982,4161,1875,2286,256,107,149,240,111,129,62,30,32,699,313,386
WILLIAMSON COUNTY,491,67 Years,5098,2264,2834,3881,1744,2137,255,108,147,221,90,131,70,26,44,671,296,375
WILLIAMSON COUNTY,491,68 Years,4861,2251,2610,3756,1767,1989,249,103,146,204,97,107,65,29,36,587,255,332
WILLIAMSON COUNTY,491,69 Years,4764,2135,2629,3730,1682,2048,217,94,123,204,89,115,68,33,35,545,237,308
WILLIAMSON COUNTY,491,70 Years,4517,1994,2523,3516,1557,1959,203,87,116,195,84,111,63,31,32,540,235,305
WILLIAMSON COUNTY,491,71 Years,4493,1997,2496,3601,1608,1993,173,78,95,178,82,96,64,31,33,477,198,279
WILLIAMSON COUNTY,491,72 Years,4481,2015,2466,3658,1652,2006,163,78,85,171,76,95,60,30,30,429,179,250
WILLIAMSON COUNTY,491,73 Years,3556,1643,1913,2884,1350,1534,113,46,67,140,68,72,46,20,26,373,159,214
WILLIAMSON COUNTY,491,74 Years,3182,1472,1710,2575,1211,1364,100,36,64,124,68,56,46,16,30,337,141,196
WILLIAMSON COUNTY,491,75 Years,3117,1424,1693,2566,1178,1388,93,44,49,115,60,55,38,17,21,305,125,180
WILLIAMSON COUNTY,491,76 Years,2998,1360,1638,2481,1138,1343,104,45,59,100,51,49,32,17,15,281,109,172
WILLIAMSON COUNTY,491,77 Years,2710,1234,1476,2266,1043,1223,86,40,46,78,36,42,22,12,10,258,103,155
WILLIAMSON COUNTY,491,78 Years,2405,1053,1352,2027,909,1118,68,28,40,74,29,45,25,11,14,211,76,135
WILLIAMSON COUNTY,491,79 Years,2056,919,1137,1701,776,925,55,22,33,75,34,41,21,10,11,204,77,127
WILLIAMSON COUNTY,491,80 Years,1897,833,1064,1575,709,866,51,22,29,68,30,38,17,9,8,186,63,123
WILLIAMSON COUNTY,491,81 Years,1743,750,993,1454,641,813,49,22,27,53,18,35,14,7,7,173,62,111
WILLIAMSON COUNTY,491,82 Years,1617,681,936,1327,568,759,55,18,37,50,19,31,15,8,7,170,68,102
WILLIAMSON COUNTY,491,83 Years,1409,579,830,1174,490,684,39,11,28,40,16,24,12,6,6,144,56,88
WILLIAMSON COUNTY,491,84 Years,1282,515,767,1072,435,637,30,9,21,39,16,23,8,2,6,133,53,80
WILLIAMSON COUNTY,491,85 Years,1140,453,687,952,378,574,30,9,21,40,15,25,7,3,4,111,48,63
WILLIAMSON COUNTY,491,86 Years,1032,386,646,878,333,545,26,7,19,34,11,23,5,3,2,89,32,57
WILLIAMSON COUNTY,491,87 Years,903,336,567,773,294,479,21,5,16,24,7,17,7,3,4,78,27,51
WILLIAMSON COUNTY,491,88 Years,781,285,496,668,249,419,18,4,14,17,6,11,5,2,3,73,24,49
WILLIAMSON COUNTY,491,89 Years,693,255,438,594,223,371,12,3,9,13,6,7,5,2,3,69,21,48
WILLIAMSON COUNTY,491,90 Years,575,196,379,502,172,330,13,3,10,10,5,5,4,2,2,46,14,32
WILLIAMSON COUNTY,491,91 Years,489,156,333,431,136,295,8,3,5,9,4,5,2,1,1,39,12,27
WILLIAMSON COUNTY,491,92 Years,406,119,287,353,104,249,7,2,5,7,3,4,1,0,1,38,10,28
WILLIAMSON COUNTY,491,93 Years,306,91,215,269,78,191,6,2,4,7,3,4,1,0,1,23,8,15
WILLIAMSON COUNTY,491,94 Years,252,68,184,221,59,162,5,2,3,4,2,2,2,1,1,20,4,16
WILLIAMSON COUNTY,491,95 Years +,611,147,464,531,123,408,12,3,9,13,5,8,3,1,2,52,15,37
WILSON COUNTY,493,All Ages,52127,26496,25631,29615,15024,14591,719,385,334,163,48,115,701,360,341,20929,10679,10250
WILSON COUNTY,493,< 1 Year,590,319,271,270,141,129,10,7,3,4,3,1,30,22,8,276,146,130
WILSON COUNTY,493,1 Years,597,317,280,286,146,140,8,5,3,2,2,0,24,15,9,277,149,128
WILSON COUNTY,493,2 Years,595,311,284,280,143,137,7,4,3,1,1,0,21,13,8,286,150,136
WILSON COUNTY,493,3 Years,625,321,304,306,157,149,7,4,3,2,1,1,16,6,10,294,153,141
WILSON COUNTY,493,4 Years,628,327,301,306,165,141,5,4,1,3,0,3,13,6,7,301,152,149
WILSON COUNTY,493,5 Years,632,328,304,312,169,143,7,4,3,4,1,3,14,7,7,295,147,148
WILSON COUNTY,493,6 Years,620,326,294,309,167,142,8,3,5,2,1,1,11,7,4,290,148,142
WILSON COUNTY,493,7 Years,616,322,294,306,165,141,8,2,6,2,1,1,11,8,3,289,146,143
WILSON COUNTY,493,8 Years,587,299,288,281,147,134,6,2,4,1,0,1,10,6,4,289,144,145
WILSON COUNTY,493,9 Years,602,282,320,277,124,153,8,3,5,0,0,0,10,4,6,307,151,156
WILSON COUNTY,493,10 Years,612,306,306,277,130,147,5,3,2,0,0,0,9,4,5,321,169,152
WILSON COUNTY,493,11 Years,623,329,294,307,166,141,4,2,2,1,1,0,8,5,3,303,155,148
WILSON COUNTY,493,12 Years,667,333,334,312,159,153,4,1,3,3,1,2,13,10,3,335,162,173
WILSON COUNTY,493,13 Years,681,355,326,329,172,157,4,2,2,1,1,0,9,5,4,338,175,163
WILSON COUNTY,493,14 Years,710,371,339,339,178,161,4,2,2,0,0,0,14,8,6,353,183,170
WILSON COUNTY,493,15 Years,712,389,323,362,201,161,8,5,3,1,0,1,12,8,4,329,175,154
WILSON COUNTY,493,16 Years,749,386,363,385,193,192,6,4,2,2,1,1,10,5,5,346,183,163
WILSON COUNTY,493,17 Years,763,404,359,404,226,178,5,1,4,2,0,2,8,2,6,344,175,169
WILSON COUNTY,493,18 Years,759,411,348,414,227,187,5,1,4,0,0,0,8,6,2,332,177,155
WILSON COUNTY,493,19 Years,723,396,327,397,212,185,8,4,4,1,1,0,11,7,4,306,172,134
WILSON COUNTY,493,20 Years,683,380,303,363,199,164,6,5,1,0,0,0,7,4,3,307,172,135
WILSON COUNTY,493,21 Years,681,378,303,368,212,156,9,2,7,1,0,1,11,6,5,292,158,134
WILSON COUNTY,493,22 Years,681,357,324,346,184,162,12,5,7,2,0,2,12,7,5,309,161,148
WILSON COUNTY,493,23 Years,729,369,360,384,178,206,11,6,5,2,1,1,12,7,5,320,177,143
WILSON COUNTY,493,24 Years,722,384,338,377,190,187,10,5,5,3,2,1,15,9,6,317,178,139
WILSON COUNTY,493,25 Years,743,399,344,389,215,174,11,6,5,2,1,1,13,6,7,328,171,157
WILSON COUNTY,493,26 Years,779,431,348,400,225,175,14,6,8,2,2,0,13,5,8,350,193,157
WILSON COUNTY,493,27 Years,757,429,328,359,193,166,12,6,6,4,2,2,9,5,4,373,223,150
WILSON COUNTY,493,28 Years,675,369,306,280,155,125,7,4,3,2,1,1,6,3,3,380,206,174
WILSON COUNTY,493,29 Years,625,356,269,253,145,108,8,5,3,0,0,0,12,6,6,352,200,152
WILSON COUNTY,493,30 Years,584,316,268,247,135,112,7,3,4,2,0,2,6,4,2,322,174,148
WILSON COUNTY,493,31 Years,553,289,264,255,135,120,8,4,4,0,0,0,7,3,4,283,147,136
WILSON COUNTY,493,32 Years,537,278,259,260,138,122,7,5,2,0,0,0,5,2,3,265,133,132
WILSON COUNTY,493,33 Years,525,253,272,244,130,114,2,2,0,1,1,0,5,3,2,273,117,156
WILSON COUNTY,493,34 Years,535,250,285,256,128,128,5,3,2,2,0,2,3,1,2,269,118,151
WILSON COUNTY,493,35 Years,591,295,296,292,143,149,7,4,3,3,1,2,5,0,5,284,147,137
WILSON COUNTY,493,36 Years,576,290,286,282,133,149,9,6,3,1,1,0,5,0,5,279,150,129
WILSON COUNTY,493,37 Years,550,285,265,273,128,145,8,5,3,0,0,0,7,3,4,262,149,113
WILSON COUNTY,493,38 Years,580,310,270,300,137,163,4,3,1,0,0,0,6,3,3,270,167,103
WILSON COUNTY,493,39 Years,585,301,284,303,155,148,3,3,0,1,1,0,6,2,4,272,140,132
WILSON COUNTY,493,40 Years,546,273,273,311,156,155,4,3,1,1,1,0,1,0,1,229,113,116
WILSON COUNTY,493,41 Years,538,249,289,305,136,169,5,3,2,1,1,0,6,2,4,221,107,114
WILSON COUNTY,493,42 Years,553,282,271,305,151,154,2,1,1,0,0,0,6,3,3,240,127,113
WILSON COUNTY,493,43 Years,566,262,304,301,149,152,5,3,2,0,0,0,7,4,3,253,106,147
WILSON COUNTY,493,44 Years,627,300,327,355,172,183,4,3,1,0,0,0,4,1,3,264,124,140
WILSON COUNTY,493,45 Years,567,297,270,298,157,141,5,3,2,2,1,1,4,1,3,258,135,123
WILSON COUNTY,493,46 Years,621,312,309,330,164,166,6,2,4,1,0,1,6,2,4,278,144,134
WILSON COUNTY,493,47 Years,693,346,347,402,202,200,7,5,2,3,1,2,1,0,1,280,138,142
WILSON COUNTY,493,48 Years,696,332,364,418,207,211,6,5,1,1,0,1,5,2,3,266,118,148
WILSON COUNTY,493,49 Years,697,332,365,428,216,212,8,3,5,4,0,4,9,6,3,248,107,141
WILSON COUNTY,493,50 Years,692,339,353,409,206,203,6,2,4,4,2,2,7,2,5,266,127,139
WILSON COUNTY,493,51 Years,667,329,338,397,198,199,6,5,1,2,1,1,8,4,4,254,121,133
WILSON COUNTY,493,52 Years,682,351,331,414,211,203,9,6,3,4,1,3,12,6,6,243,127,116
WILSON COUNTY,493,53 Years,722,379,343,435,230,205,12,7,5,2,0,2,9,3,6,264,139,125
WILSON COUNTY,493,54 Years,774,388,386,472,233,239,11,6,5,5,1,4,11,5,6,275,143,132
WILSON COUNTY,493,55 Years,791,386,405,503,244,259,15,8,7,2,0,2,11,6,5,260,128,132
WILSON COUNTY,493,56 Years,797,396,401,509,261,248,14,5,9,5,2,3,4,3,1,265,125,140
WILSON COUNTY,493,57 Years,765,394,371,488,257,231,11,3,8,5,1,4,9,7,2,252,126,126
WILSON COUNTY,493,58 Years,822,409,413,529,259,270,11,5,6,4,2,2,9,4,5,269,139,130
WILSON COUNTY,493,59 Years,797,400,397,544,278,266,16,10,6,2,0,2,11,7,4,224,105,119
WILSON COUNTY,493,60 Years,739,367,372,495,251,244,18,7,11,2,0,2,12,5,7,212,104,108
WILSON COUNTY,493,61 Years,731,355,376,475,232,243,12,7,5,1,0,1,14,5,9,229,111,118
WILSON COUNTY,493,62 Years,701,339,362,482,233,249,12,8,4,2,0,2,9,2,7,196,96,100
WILSON COUNTY,493,63 Years,711,363,348,467,235,232,15,6,9,1,0,1,8,4,4,220,118,102
WILSON COUNTY,493,64 Years,701,343,358,451,223,228,17,6,11,3,1,2,5,2,3,225,111,114
WILSON COUNTY,493,65 Years,680,320,360,451,200,251,12,8,4,1,0,1,5,2,3,211,110,101
WILSON COUNTY,493,66 Years,642,313,329,430,197,233,9,7,2,3,0,3,8,2,6,192,107,85
WILSON COUNTY,493,67 Years,629,284,345,428,194,234,10,6,4,2,0,2,7,3,4,182,81,101
WILSON COUNTY,493,68 Years,595,283,312,401,192,209,13,7,6,3,0,3,7,4,3,171,80,91
WILSON COUNTY,493,69 Years,612,311,301,420,217,203,11,7,4,5,0,5,6,3,3,170,84,86
WILSON COUNTY,493,70 Years,582,286,296,413,199,214,8,5,3,4,0,4,5,2,3,152,80,72
WILSON COUNTY,493,71 Years,539,274,265,396,204,192,12,7,5,4,2,2,3,1,2,124,60,64
WILSON COUNTY,493,72 Years,521,258,263,382,198,184,10,7,3,3,1,2,4,2,2,122,50,72
WILSON COUNTY,493,73 Years,463,231,232,327,163,164,8,2,6,2,0,2,3,2,1,123,64,59
WILSON COUNTY,493,74 Years,412,215,197,281,148,133,7,5,2,2,0,2,1,1,0,121,61,60
WILSON COUNTY,493,75 Years,377,185,192,260,128,132,9,6,3,1,0,1,3,2,1,104,49,55
WILSON COUNTY,493,76 Years,353,175,178,246,128,118,7,5,2,3,0,3,6,4,2,91,38,53
WILSON COUNTY,493,77 Years,317,159,158,218,110,108,7,5,2,4,0,4,5,2,3,83,42,41
WILSON COUNTY,493,78 Years,273,148,125,206,111,95,6,4,2,1,0,1,1,1,0,59,32,27
WILSON COUNTY,493,79 Years,266,133,133,201,98,103,5,3,2,0,0,0,2,1,1,58,31,27
WILSON COUNTY,493,80 Years,250,125,125,191,96,95,7,4,3,3,1,2,2,1,1,47,23,24
WILSON COUNTY,493,81 Years,224,102,122,167,81,86,8,3,5,0,0,0,2,1,1,47,17,30
WILSON COUNTY,493,82 Years,192,94,98,139,71,68,5,3,2,0,0,0,1,1,0,47,19,28
WILSON COUNTY,493,83 Years,163,83,80,115,62,53,4,2,2,1,0,1,0,0,0,43,19,24
WILSON COUNTY,493,84 Years,155,66,89,108,52,56,2,0,2,1,0,1,1,0,1,43,14,29
WILSON COUNTY,493,85 Years,134,55,79,87,38,49,4,2,2,1,0,1,0,0,0,42,15,27
WILSON COUNTY,493,86 Years,126,59,67,89,41,48,5,4,1,0,0,0,1,0,1,31,14,17
WILSON COUNTY,493,87 Years,127,60,67,86,42,44,5,4,1,0,0,0,4,3,1,32,11,21
WILSON COUNTY,493,88 Years,102,48,54,72,36,36,2,1,1,1,1,0,1,1,0,26,9,17
WILSON COUNTY,493,89 Years,85,36,49,61,26,35,3,0,3,0,0,0,2,1,1,19,9,10
WILSON COUNTY,493,90 Years,64,30,34,48,22,26,3,1,2,0,0,0,2,1,1,11,6,5
WILSON COUNTY,493,91 Years,57,22,35,38,14,24,4,1,3,1,0,1,1,0,1,13,7,6
WILSON COUNTY,493,92 Years,49,17,32,32,11,21,2,1,1,0,0,0,1,0,1,14,5,9
WILSON COUNTY,493,93 Years,41,16,25,29,12,17,1,1,0,0,0,0,0,0,0,11,3,8
WILSON COUNTY,493,94 Years,36,10,26,24,8,16,2,0,2,0,0,0,1,0,1,9,2,7
WILSON COUNTY,493,95 Years +,83,24,59,56,18,38,4,1,3,0,0,0,1,0,1,22,5,17
WINKLER COUNTY,495,All Ages,7990,4220,3770,2778,1424,1354,148,66,82,18,8,10,154,87,67,4892,2635,2257
WINKLER COUNTY,495,< 1 Year,124,65,59,38,20,18,0,0,0,0,0,0,9,8,1,77,37,40
WINKLER COUNTY,495,1 Years,121,62,59,37,20,17,0,0,0,0,0,0,6,5,1,78,37,41
WINKLER COUNTY,495,2 Years,117,56,61,37,17,20,5,2,3,0,0,0,6,5,1,69,32,37
WINKLER COUNTY,495,3 Years,120,54,66,38,17,21,5,3,2,0,0,0,5,1,4,72,33,39
WINKLER COUNTY,495,4 Years,133,60,73,41,17,24,5,2,3,2,1,1,7,1,6,78,39,39
WINKLER COUNTY,495,5 Years,145,70,75,43,19,24,4,1,3,2,1,1,6,1,5,90,48,42
WINKLER COUNTY,495,6 Years,150,80,70,45,21,24,5,1,4,0,0,0,4,3,1,96,55,41
WINKLER COUNTY,495,7 Years,145,79,66,42,20,22,5,2,3,0,0,0,0,0,0,98,57,41
WINKLER COUNTY,495,8 Years,137,76,61,42,20,22,4,2,2,0,0,0,4,2,2,87,52,35
WINKLER COUNTY,495,9 Years,163,79,84,58,33,25,5,4,1,0,0,0,3,2,1,97,40,57
WINKLER COUNTY,495,10 Years,165,89,76,51,35,16,2,2,0,0,0,0,3,0,3,109,52,57
WINKLER COUNTY,495,11 Years,160,90,70,56,36,20,2,1,1,0,0,0,4,1,3,98,52,46
WINKLER COUNTY,495,12 Years,138,80,58,42,26,16,1,0,1,0,0,0,2,1,1,93,53,40
WINKLER COUNTY,495,13 Years,137,69,68,31,18,13,1,0,1,0,0,0,4,4,0,101,47,54
WINKLER COUNTY,495,14 Years,115,61,54,31,17,14,1,1,0,0,0,0,4,3,1,79,40,39
WINKLER COUNTY,495,15 Years,122,72,50,30,16,14,2,1,1,0,0,0,2,2,0,88,53,35
WINKLER COUNTY,495,16 Years,131,70,61,39,21,18,2,0,2,0,0,0,2,2,0,88,47,41
WINKLER COUNTY,495,17 Years,109,51,58,27,15,12,2,0,2,1,0,1,2,1,1,77,35,42
WINKLER COUNTY,495,18 Years,124,70,54,29,16,13,4,1,3,1,0,1,2,0,2,88,53,35
WINKLER COUNTY,495,19 Years,88,46,42,24,12,12,2,1,1,0,0,0,2,1,1,60,32,28
WINKLER COUNTY,495,20 Years,93,55,38,19,13,6,0,0,0,0,0,0,3,3,0,71,39,32
WINKLER COUNTY,495,21 Years,115,60,55,30,17,13,0,0,0,0,0,0,2,2,0,83,41,42
WINKLER COUNTY,495,22 Years,127,68,59,30,17,13,1,1,0,0,0,0,2,1,1,94,49,45
WINKLER COUNTY,495,23 Years,127,74,53,38,19,19,1,1,0,0,0,0,4,3,1,84,51,33
WINKLER COUNTY,495,24 Years,126,72,54,46,21,25,2,1,1,0,0,0,1,1,0,77,49,28
WINKLER COUNTY,495,25 Years,151,87,64,45,21,24,3,1,2,0,0,0,4,2,2,99,63,36
WINKLER COUNTY,495,26 Years,157,82,75,46,18,28,1,1,0,0,0,0,2,1,1,108,62,46
WINKLER COUNTY,495,27 Years,131,77,54,42,25,17,0,0,0,0,0,0,2,1,1,87,51,36
WINKLER COUNTY,495,28 Years,129,81,48,42,25,17,0,0,0,0,0,0,2,2,0,85,54,31
WINKLER COUNTY,495,29 Years,124,64,60,34,17,17,2,1,1,0,0,0,2,0,2,86,46,40
WINKLER COUNTY,495,30 Years,103,57,46,33,16,17,3,1,2,0,0,0,0,0,0,67,40,27
WINKLER COUNTY,495,31 Years,90,54,36,38,14,24,1,1,0,0,0,0,1,1,0,50,38,12
WINKLER COUNTY,495,32 Years,95,57,38,46,25,21,0,0,0,0,0,0,2,0,2,47,32,15
WINKLER COUNTY,495,33 Years,108,56,52,30,15,15,0,0,0,0,0,0,2,0,2,76,41,35
WINKLER COUNTY,495,34 Years,104,47,57,31,15,16,2,0,2,0,0,0,1,0,1,70,32,38
WINKLER COUNTY,495,35 Years,110,58,52,30,15,15,1,0,1,1,0,1,0,0,0,78,43,35
WINKLER COUNTY,495,36 Years,116,68,48,31,16,15,3,3,0,1,0,1,1,1,0,80,48,32
WINKLER COUNTY,495,37 Years,109,59,50,27,13,14,3,1,2,0,0,0,1,1,0,78,44,34
WINKLER COUNTY,495,38 Years,95,52,43,28,16,12,2,1,1,0,0,0,2,2,0,63,33,30
WINKLER COUNTY,495,39 Years,96,51,45,27,13,14,2,1,1,1,1,0,1,0,1,65,36,29
WINKLER COUNTY,495,40 Years,82,37,45,25,12,13,0,0,0,0,0,0,2,1,1,55,24,31
WINKLER COUNTY,495,41 Years,94,49,45,27,11,16,0,0,0,0,0,0,1,1,0,66,37,29
WINKLER COUNTY,495,42 Years,83,41,42,27,15,12,1,1,0,1,1,0,0,0,0,54,24,30
WINKLER COUNTY,495,43 Years,105,63,42,30,19,11,1,1,0,1,1,0,2,2,0,71,40,31
WINKLER COUNTY,495,44 Years,88,45,43,24,12,12,1,1,0,0,0,0,2,2,0,61,30,31
WINKLER COUNTY,495,45 Years,77,39,38,28,12,16,0,0,0,2,1,1,0,0,0,47,26,21
WINKLER COUNTY,495,46 Years,81,41,40,34,12,22,1,1,0,1,1,0,1,0,1,44,27,17
WINKLER COUNTY,495,47 Years,83,51,32,31,18,13,1,1,0,0,0,0,2,1,1,49,31,18
WINKLER COUNTY,495,48 Years,84,46,38,30,15,15,3,1,2,0,0,0,1,1,0,50,29,21
WINKLER COUNTY,495,49 Years,77,40,37,27,12,15,2,1,1,0,0,0,0,0,0,48,27,21
WINKLER COUNTY,495,50 Years,78,42,36,24,10,14,0,0,0,0,0,0,1,0,1,53,32,21
WINKLER COUNTY,495,51 Years,70,36,34,25,10,15,1,0,1,0,0,0,1,0,1,43,26,17
WINKLER COUNTY,495,52 Years,69,34,35,27,12,15,1,0,1,0,0,0,0,0,0,41,22,19
WINKLER COUNTY,495,53 Years,79,41,38,29,15,14,2,1,1,0,0,0,0,0,0,48,25,23
WINKLER COUNTY,495,54 Years,84,41,43,35,17,18,1,1,0,0,0,0,1,0,1,47,23,24
WINKLER COUNTY,495,55 Years,97,53,44,43,25,18,3,2,1,0,0,0,2,1,1,49,25,24
WINKLER COUNTY,495,56 Years,91,47,44,43,21,22,1,1,0,0,0,0,4,3,1,43,22,21
WINKLER COUNTY,495,57 Years,96,49,47,49,25,24,2,2,0,0,0,0,2,1,1,43,21,22
WINKLER COUNTY,495,58 Years,83,45,38,42,25,17,1,1,0,0,0,0,0,0,0,40,19,21
WINKLER COUNTY,495,59 Years,80,41,39,37,19,18,3,2,1,0,0,0,0,0,0,40,20,20
WINKLER COUNTY,495,60 Years,80,40,40,37,19,18,2,1,1,0,0,0,0,0,0,41,20,21
WINKLER COUNTY,495,61 Years,80,45,35,40,24,16,1,0,1,1,0,1,1,1,0,37,20,17
WINKLER COUNTY,495,62 Years,82,43,39,40,23,17,2,1,1,0,0,0,1,0,1,39,19,20
WINKLER COUNTY,495,63 Years,81,38,43,37,19,18,4,1,3,0,0,0,2,1,1,38,17,21
WINKLER COUNTY,495,64 Years,69,37,32,38,20,18,2,0,2,0,0,0,1,1,0,28,16,12
WINKLER COUNTY,495,65 Years,66,35,31,33,17,16,2,0,2,0,0,0,0,0,0,31,18,13
WINKLER COUNTY,495,66 Years,67,37,30,32,18,14,2,1,1,1,0,1,1,1,0,31,17,14
WINKLER COUNTY,495,67 Years,68,33,35,31,17,14,2,1,1,0,0,0,1,0,1,34,15,19
WINKLER COUNTY,495,68 Years,66,33,33,33,18,15,1,0,1,0,0,0,1,0,1,31,15,16
WINKLER COUNTY,495,69 Years,56,30,26,29,16,13,1,0,1,0,0,0,2,2,0,24,12,12
WINKLER COUNTY,495,70 Years,55,32,23,26,14,12,0,0,0,0,0,0,2,1,1,27,17,10
WINKLER COUNTY,495,71 Years,53,27,26,24,13,11,0,0,0,0,0,0,1,0,1,28,14,14
WINKLER COUNTY,495,72 Years,59,26,33,33,13,20,2,1,1,0,0,0,0,0,0,24,12,12
WINKLER COUNTY,495,73 Years,48,26,22,27,14,13,1,0,1,0,0,0,0,0,0,20,12,8
WINKLER COUNTY,495,74 Years,42,19,23,20,9,11,0,0,0,1,0,1,0,0,0,21,10,11
WINKLER COUNTY,495,75 Years,35,18,17,19,9,10,1,0,1,0,0,0,1,1,0,14,8,6
WINKLER COUNTY,495,76 Years,32,15,17,17,8,9,0,0,0,1,1,0,1,0,1,13,6,7
WINKLER COUNTY,495,77 Years,29,16,13,16,8,8,1,1,0,0,0,0,1,1,0,11,6,5
WINKLER COUNTY,495,78 Years,26,14,12,14,7,7,1,1,0,0,0,0,0,0,0,11,6,5
WINKLER COUNTY,495,79 Years,22,13,9,12,7,5,1,1,0,0,0,0,0,0,0,9,5,4
WINKLER COUNTY,495,80 Years,19,9,10,9,4,5,0,0,0,0,0,0,0,0,0,10,5,5
WINKLER COUNTY,495,81 Years,23,10,13,13,6,7,0,0,0,0,0,0,0,0,0,10,4,6
WINKLER COUNTY,495,82 Years,19,10,9,11,6,5,0,0,0,0,0,0,0,0,0,8,4,4
WINKLER COUNTY,495,83 Years,20,7,13,9,4,5,2,0,2,0,0,0,0,0,0,9,3,6
WINKLER COUNTY,495,84 Years,18,7,11,8,3,5,1,0,1,0,0,0,1,0,1,8,4,4
WINKLER COUNTY,495,85 Years,14,9,5,7,4,3,0,0,0,0,0,0,1,0,1,6,5,1
WINKLER COUNTY,495,86 Years,14,7,7,6,2,4,0,0,0,0,0,0,1,1,0,7,4,3
WINKLER COUNTY,495,87 Years,13,5,8,5,2,3,0,0,0,0,0,0,0,0,0,8,3,5
WINKLER COUNTY,495,88 Years,19,7,12,10,3,7,0,0,0,0,0,0,0,0,0,9,4,5
WINKLER COUNTY,495,89 Years,16,5,11,6,2,4,1,0,1,0,0,0,0,0,0,9,3,6
WINKLER COUNTY,495,90 Years,15,6,9,6,2,4,2,1,1,0,0,0,0,0,0,7,3,4
WINKLER COUNTY,495,91 Years,12,5,7,5,2,3,1,0,1,0,0,0,0,0,0,6,3,3
WINKLER COUNTY,495,92 Years,9,4,5,4,2,2,0,0,0,0,0,0,0,0,0,5,2,3
WINKLER COUNTY,495,93 Years,9,3,6,4,2,2,2,0,2,0,0,0,0,0,0,3,1,2
WINKLER COUNTY,495,94 Years,6,2,4,2,1,1,1,0,1,0,0,0,0,0,0,3,1,2
WINKLER COUNTY,495,95 Years +,17,8,9,4,2,2,3,1,2,0,0,0,1,0,1,9,5,4
WISE COUNTY,497,All Ages,69609,34805,34804,53296,26373,26923,679,452,227,288,122,166,1478,715,763,13868,7143,6725
WISE COUNTY,497,< 1 Year,799,417,382,506,261,245,8,5,3,0,0,0,29,16,13,256,135,121
WISE COUNTY,497,1 Years,802,408,394,511,263,248,8,5,3,3,2,1,29,15,14,251,123,128
WISE COUNTY,497,2 Years,799,398,401,501,256,245,6,4,2,4,1,3,35,13,22,253,124,129
WISE COUNTY,497,3 Years,834,409,425,529,263,266,6,4,2,5,2,3,45,20,25,249,120,129
WISE COUNTY,497,4 Years,848,429,419,544,271,273,6,3,3,5,2,3,44,24,20,249,129,120
WISE COUNTY,497,5 Years,875,439,436,574,278,296,6,2,4,4,2,2,39,23,16,252,134,118
WISE COUNTY,497,6 Years,860,421,439,562,270,292,6,2,4,4,1,3,31,16,15,257,132,125
WISE COUNTY,497,7 Years,854,416,438,557,264,293,6,3,3,5,2,3,27,9,18,259,138,121
WISE COUNTY,497,8 Years,864,435,429,558,274,284,6,3,3,6,3,3,29,12,17,265,143,122
WISE COUNTY,497,9 Years,855,458,397,549,301,248,7,1,6,6,0,6,28,15,13,265,141,124
WISE COUNTY,497,10 Years,946,465,481,633,312,321,8,4,4,3,1,2,21,12,9,281,136,145
WISE COUNTY,497,11 Years,977,508,469,647,345,302,5,4,1,5,3,2,16,9,7,304,147,157
WISE COUNTY,497,12 Years,957,516,441,627,341,286,8,4,4,4,3,1,22,13,9,296,155,141
WISE COUNTY,497,13 Years,946,510,436,633,350,283,6,3,3,7,4,3,17,12,5,283,141,142
WISE COUNTY,497,14 Years,910,489,421,596,325,271,4,2,2,3,1,2,25,18,7,282,143,139
WISE COUNTY,497,15 Years,913,467,446,605,330,275,3,2,1,4,0,4,24,10,14,277,125,152
WISE COUNTY,497,16 Years,892,455,437,610,324,286,4,2,2,1,0,1,27,12,15,250,117,133
WISE COUNTY,497,17 Years,869,456,413,587,320,267,10,5,5,1,0,1,24,13,11,247,118,129
WISE COUNTY,497,18 Years,854,450,404,575,303,272,9,4,5,1,0,1,19,8,11,250,135,115
WISE COUNTY,497,19 Years,773,398,375,502,268,234,11,6,5,5,4,1,22,5,17,233,115,118
WISE COUNTY,497,20 Years,730,405,325,480,267,213,5,3,2,4,3,1,22,11,11,219,121,98
WISE COUNTY,497,21 Years,745,390,355,507,269,238,4,1,3,7,4,3,19,9,10,208,107,101
WISE COUNTY,497,22 Years,764,382,382,520,265,255,3,1,2,2,1,1,20,12,8,219,103,116
WISE COUNTY,497,23 Years,790,400,390,530,260,270,15,12,3,1,0,1,21,14,7,223,114,109
WISE COUNTY,497,24 Years,825,423,402,571,288,283,18,15,3,5,2,3,27,16,11,204,102,102
WISE COUNTY,497,25 Years,875,447,428,626,316,310,11,10,1,6,5,1,40,17,23,192,99,93
WISE COUNTY,497,26 Years,950,490,460,685,357,328,15,10,5,5,2,3,38,13,25,207,108,99
WISE COUNTY,497,27 Years,969,494,475,703,362,341,17,10,7,4,3,1,28,13,15,217,106,111
WISE COUNTY,497,28 Years,983,483,500,710,355,355,15,9,6,4,3,1,27,14,13,227,102,125
WISE COUNTY,497,29 Years,982,474,508,716,333,383,19,15,4,7,3,4,18,11,7,222,112,110
WISE COUNTY,497,30 Years,952,466,486,700,328,372,18,11,7,2,1,1,18,8,10,214,118,96
WISE COUNTY,497,31 Years,916,451,465,665,318,347,20,13,7,0,0,0,18,7,11,213,113,100
WISE COUNTY,497,32 Years,944,474,470,681,334,347,14,12,2,1,0,1,15,8,7,233,120,113
WISE COUNTY,497,33 Years,959,523,436,699,375,324,21,17,4,2,1,1,17,9,8,220,121,99
WISE COUNTY,497,34 Years,921,488,433,683,348,335,16,14,2,4,2,2,12,8,4,206,116,90
WISE COUNTY,497,35 Years,881,444,437,654,312,342,11,8,3,5,2,3,10,4,6,201,118,83
WISE COUNTY,497,36 Years,834,426,408,597,301,296,11,8,3,4,1,3,9,4,5,213,112,101
WISE COUNTY,497,37 Years,889,433,456,650,302,348,14,9,5,2,0,2,12,5,7,211,117,94
WISE COUNTY,497,38 Years,849,423,426,630,308,322,18,14,4,4,1,3,9,3,6,188,97,91
WISE COUNTY,497,39 Years,833,414,419,621,307,314,15,11,4,2,0,2,11,4,7,184,92,92
WISE COUNTY,497,40 Years,808,406,402,609,302,307,11,6,5,5,2,3,10,4,6,173,92,81
WISE COUNTY,497,41 Years,802,402,400,604,294,310,12,11,1,5,2,3,7,3,4,174,92,82
WISE COUNTY,497,42 Years,761,370,391,547,251,296,16,13,3,3,1,2,8,6,2,187,99,88
WISE COUNTY,497,43 Years,777,414,363,576,295,281,8,5,3,2,0,2,11,7,4,180,107,73
WISE COUNTY,497,44 Years,779,421,358,596,306,290,16,14,2,4,1,3,7,3,4,156,97,59
WISE COUNTY,497,45 Years,803,426,377,574,299,275,14,11,3,7,3,4,15,7,8,193,106,87
WISE COUNTY,497,46 Years,805,401,404,591,289,302,8,5,3,9,3,6,12,7,5,185,97,88
WISE COUNTY,497,47 Years,869,412,457,660,311,349,10,8,2,6,3,3,13,5,8,180,85,95
WISE COUNTY,497,48 Years,929,465,464,721,358,363,16,15,1,1,1,0,19,7,12,172,84,88
WISE COUNTY,497,49 Years,940,471,469,741,371,370,9,5,4,6,3,3,19,10,9,165,82,83
WISE COUNTY,497,50 Years,866,419,447,684,326,358,12,8,4,3,2,1,8,4,4,159,79,80
WISE COUNTY,497,51 Years,881,434,447,694,329,365,12,10,2,7,3,4,10,7,3,158,85,73
WISE COUNTY,497,52 Years,907,452,455,707,346,361,9,8,1,7,2,5,14,8,6,170,88,82
WISE COUNTY,497,53 Years,960,499,461,780,402,378,8,5,3,4,3,1,12,7,5,156,82,74
WISE COUNTY,497,54 Years,980,506,474,802,406,396,12,10,2,3,2,1,14,7,7,149,81,68
WISE COUNTY,497,55 Years,1027,508,519,868,424,444,9,6,3,6,1,5,15,7,8,129,70,59
WISE COUNTY,497,56 Years,1095,546,549,917,449,468,8,6,2,5,3,2,27,9,18,138,79,59
WISE COUNTY,497,57 Years,1028,504,524,884,430,454,3,2,1,3,1,2,22,7,15,116,64,52
WISE COUNTY,497,58 Years,1023,524,499,884,453,431,2,1,1,4,1,3,17,6,11,116,63,53
WISE COUNTY,497,59 Years,1036,508,528,895,447,448,4,1,3,3,1,2,18,5,13,116,54,62
WISE COUNTY,497,60 Years,1006,507,499,881,448,433,2,1,1,2,1,1,17,7,10,104,50,54
WISE COUNTY,497,61 Years,991,507,484,876,443,433,2,1,1,2,2,0,17,7,10,94,54,40
WISE COUNTY,497,62 Years,956,502,454,849,438,411,3,1,2,2,2,0,13,7,6,89,54,35
WISE COUNTY,497,63 Years,884,438,446,788,388,400,2,1,1,4,2,2,15,8,7,75,39,36
WISE COUNTY,497,64 Years,848,438,410,740,374,366,2,1,1,5,3,2,16,8,8,85,52,33
WISE COUNTY,497,65 Years,795,387,408,682,325,357,2,1,1,2,0,2,23,13,10,86,48,38
WISE COUNTY,497,66 Years,786,373,413,694,329,365,5,2,3,3,2,1,15,10,5,69,30,39
WISE COUNTY,497,67 Years,725,350,375,654,319,335,2,1,1,4,2,2,9,4,5,56,24,32
WISE COUNTY,497,68 Years,695,329,366,620,295,325,4,2,2,1,0,1,10,4,6,60,28,32
WISE COUNTY,497,69 Years,710,335,375,633,299,334,3,2,1,5,1,4,6,3,3,63,30,33
WISE COUNTY,497,70 Years,647,285,362,594,260,334,4,3,1,2,1,1,10,5,5,37,16,21
WISE COUNTY,497,71 Years,687,339,348,640,314,326,6,3,3,0,0,0,7,4,3,34,18,16
WISE COUNTY,497,72 Years,664,324,340,613,302,311,3,1,2,1,1,0,15,7,8,32,13,19
WISE COUNTY,497,73 Years,604,299,305,549,274,275,5,2,3,2,0,2,12,7,5,36,16,20
WISE COUNTY,497,74 Years,546,247,299,506,228,278,2,1,1,1,0,1,6,2,4,31,16,15
WISE COUNTY,497,75 Years,556,269,287,523,255,268,0,0,0,1,0,1,4,2,2,28,12,16
WISE COUNTY,497,76 Years,525,248,277,491,234,257,1,1,0,0,0,0,6,2,4,27,11,16
WISE COUNTY,497,77 Years,470,215,255,438,202,236,2,2,0,0,0,0,8,3,5,22,8,14
WISE COUNTY,497,78 Years,434,202,232,393,185,208,2,1,1,2,0,2,8,3,5,29,13,16
WISE COUNTY,497,79 Years,375,177,198,347,160,187,2,1,1,1,1,0,2,1,1,23,14,9
WISE COUNTY,497,80 Years,331,149,182,307,136,171,2,1,1,0,0,0,3,1,2,19,11,8
WISE COUNTY,497,81 Years,295,145,150,272,135,137,0,0,0,2,0,2,5,2,3,16,8,8
WISE COUNTY,497,82 Years,278,123,155,259,114,145,0,0,0,1,0,1,7,4,3,11,5,6
WISE COUNTY,497,83 Years,245,95,150,230,89,141,0,0,0,0,0,0,4,2,2,11,4,7
WISE COUNTY,497,84 Years,220,90,130,207,84,123,0,0,0,0,0,0,2,1,1,11,5,6
WISE COUNTY,497,85 Years,223,95,128,206,88,118,1,0,1,1,0,1,3,1,2,12,6,6
WISE COUNTY,497,86 Years,187,85,102,173,78,95,2,1,1,0,0,0,3,1,2,9,5,4
WISE COUNTY,497,87 Years,144,65,79,135,61,74,1,1,0,0,0,0,1,0,1,7,3,4
WISE COUNTY,497,88 Years,136,52,84,125,47,78,2,0,2,0,0,0,2,2,0,7,3,4
WISE COUNTY,497,89 Years,122,41,81,110,36,74,1,0,1,1,0,1,2,2,0,8,3,5
WISE COUNTY,497,90 Years,99,33,66,92,30,62,0,0,0,0,0,0,1,0,1,6,3,3
WISE COUNTY,497,91 Years,82,31,51,73,28,45,0,0,0,1,0,1,2,1,1,6,2,4
WISE COUNTY,497,92 Years,69,24,45,60,22,38,2,0,2,1,0,1,1,0,1,5,2,3
WISE COUNTY,497,93 Years,45,14,31,43,14,29,1,0,1,0,0,0,0,0,0,1,0,1
WISE COUNTY,497,94 Years,41,8,33,39,8,31,0,0,0,0,0,0,0,0,0,2,0,2
WISE COUNTY,497,95 Years +,94,22,72,86,19,67,1,0,1,1,1,0,1,0,1,5,2,3
WOOD COUNTY,499,All Ages,45084,22573,22511,36874,18239,18635,2315,1233,1082,193,94,99,937,471,466,4765,2536,2229
WOOD COUNTY,499,< 1 Year,451,237,214,337,179,158,21,11,10,0,0,0,19,10,9,74,37,37
WOOD COUNTY,499,1 Years,461,240,221,335,178,157,22,9,13,2,1,1,26,13,13,76,39,37
WOOD COUNTY,499,2 Years,468,237,231,330,173,157,24,10,14,3,1,2,27,11,16,84,42,42
WOOD COUNTY,499,3 Years,485,250,235,325,172,153,31,11,20,5,2,3,32,16,16,92,49,43
WOOD COUNTY,499,4 Years,497,254,243,328,174,154,36,11,25,4,2,2,34,19,15,95,48,47
WOOD COUNTY,499,5 Years,507,264,243,336,178,158,37,10,27,4,4,0,35,23,12,95,49,46
WOOD COUNTY,499,6 Years,512,258,254,342,176,166,32,11,21,6,5,1,38,23,15,94,43,51
WOOD COUNTY,499,7 Years,502,255,247,347,174,173,20,11,9,6,5,1,30,18,12,99,47,52
WOOD COUNTY,499,8 Years,521,262,259,362,180,182,22,10,12,4,3,1,28,17,11,105,52,53
WOOD COUNTY,499,9 Years,517,233,284,375,175,200,22,4,18,4,2,2,23,10,13,93,42,51
WOOD COUNTY,499,10 Years,491,245,246,345,182,163,23,8,15,2,2,0,12,5,7,109,48,61
WOOD COUNTY,499,11 Years,482,245,237,336,175,161,27,15,12,3,2,1,16,9,7,100,44,56
WOOD COUNTY,499,12 Years,509,273,236,364,195,169,24,10,14,0,0,0,19,9,10,102,59,43
WOOD COUNTY,499,13 Years,489,257,232,369,188,181,20,15,5,0,0,0,11,6,5,89,48,41
WOOD COUNTY,499,14 Years,480,261,219,346,187,159,30,18,12,3,1,2,10,7,3,91,48,43
WOOD COUNTY,499,15 Years,507,274,233,359,199,160,40,25,15,2,1,1,10,6,4,96,43,53
WOOD COUNTY,499,16 Years,508,262,246,339,177,162,55,30,25,5,4,1,13,5,8,96,46,50
WOOD COUNTY,499,17 Years,494,252,242,337,174,163,48,17,31,8,6,2,13,8,5,88,47,41
WOOD COUNTY,499,18 Years,583,311,272,322,177,145,135,68,67,7,4,3,12,9,3,107,53,54
WOOD COUNTY,499,19 Years,519,296,223,283,156,127,134,81,53,4,1,3,14,7,7,84,51,33
WOOD COUNTY,499,20 Years,525,279,246,288,160,128,125,59,66,3,0,3,14,6,8,95,54,41
WOOD COUNTY,499,21 Years,485,275,210,276,155,121,108,65,43,2,1,1,14,6,8,85,48,37
WOOD COUNTY,499,22 Years,484,256,228,307,161,146,87,50,37,3,2,1,15,6,9,72,37,35
WOOD COUNTY,499,23 Years,461,252,209,321,166,155,48,34,14,1,1,0,13,8,5,78,43,35
WOOD COUNTY,499,24 Years,480,261,219,353,190,163,41,28,13,3,1,2,11,7,4,72,35,37
WOOD COUNTY,499,25 Years,448,239,209,353,186,167,13,9,4,4,1,3,11,7,4,67,36,31
WOOD COUNTY,499,26 Years,446,242,204,349,186,163,13,9,4,2,1,1,10,7,3,72,39,33
WOOD COUNTY,499,27 Years,465,253,212,363,193,170,9,6,3,1,1,0,11,3,8,81,50,31
WOOD COUNTY,499,28 Years,467,251,216,372,197,175,10,7,3,1,0,1,6,3,3,78,44,34
WOOD COUNTY,499,29 Years,464,248,216,359,183,176,12,7,5,1,0,1,8,6,2,84,52,32
WOOD COUNTY,499,30 Years,456,233,223,359,177,182,12,7,5,0,0,0,9,6,3,76,43,33
WOOD COUNTY,499,31 Years,452,242,210,361,191,170,8,5,3,2,1,1,11,7,4,70,38,32
WOOD COUNTY,499,32 Years,438,239,199,350,186,164,8,6,2,1,1,0,6,2,4,73,44,29
WOOD COUNTY,499,33 Years,437,218,219,353,171,182,7,5,2,0,0,0,5,2,3,72,40,32
WOOD COUNTY,499,34 Years,430,221,209,333,159,174,30,23,7,1,0,1,6,3,3,60,36,24
WOOD COUNTY,499,35 Years,423,209,214,325,154,171,36,26,10,1,0,1,3,1,2,58,28,30
WOOD COUNTY,499,36 Years,443,245,198,352,192,160,25,17,8,0,0,0,4,2,2,62,34,28
WOOD COUNTY,499,37 Years,462,257,205,368,200,168,20,15,5,3,1,2,6,4,2,65,37,28
WOOD COUNTY,499,38 Years,499,272,227,405,213,192,34,29,5,2,0,2,4,2,2,54,28,26
WOOD COUNTY,499,39 Years,438,233,205,338,177,161,26,20,6,2,1,1,6,4,2,66,31,35
WOOD COUNTY,499,40 Years,426,221,205,357,181,176,13,7,6,3,1,2,5,3,2,48,29,19
WOOD COUNTY,499,41 Years,399,205,194,316,156,160,18,12,6,2,1,1,6,3,3,57,33,24
WOOD COUNTY,499,42 Years,398,200,198,317,154,163,16,10,6,3,1,2,4,2,2,58,33,25
WOOD COUNTY,499,43 Years,398,206,192,328,168,160,14,8,6,1,0,1,4,1,3,51,29,22
WOOD COUNTY,499,44 Years,400,211,189,334,175,159,11,7,4,1,0,1,4,2,2,50,27,23
WOOD COUNTY,499,45 Years,378,195,183,322,165,157,11,6,5,1,1,0,5,0,5,39,23,16
WOOD COUNTY,499,46 Years,404,185,219,336,152,184,10,4,6,2,0,2,3,0,3,53,29,24
WOOD COUNTY,499,47 Years,442,215,227,379,185,194,9,5,4,0,0,0,5,3,2,49,22,27
WOOD COUNTY,499,48 Years,449,237,212,388,208,180,10,6,4,5,4,1,5,2,3,41,17,24
WOOD COUNTY,499,49 Years,493,251,242,418,215,203,15,6,9,6,2,4,8,2,6,46,26,20
WOOD COUNTY,499,50 Years,490,261,229,416,221,195,11,5,6,3,0,3,6,2,4,54,33,21
WOOD COUNTY,499,51 Years,496,254,242,417,210,207,17,7,10,2,2,0,5,2,3,55,33,22
WOOD COUNTY,499,52 Years,465,228,237,396,187,209,16,7,9,1,1,0,6,1,5,46,32,14
WOOD COUNTY,499,53 Years,527,265,262,441,211,230,26,17,9,1,1,0,6,3,3,53,33,20
WOOD COUNTY,499,54 Years,571,288,283,492,236,256,25,17,8,3,1,2,6,2,4,45,32,13
WOOD COUNTY,499,55 Years,622,293,329,558,256,302,23,13,10,1,0,1,5,2,3,35,22,13
WOOD COUNTY,499,56 Years,589,288,301,518,251,267,19,8,11,2,1,1,7,3,4,43,25,18
WOOD COUNTY,499,57 Years,620,281,339,545,244,301,19,8,11,5,4,1,8,5,3,43,20,23
WOOD COUNTY,499,58 Years,665,332,333,595,302,293,18,11,7,7,5,2,12,3,9,33,11,22
WOOD COUNTY,499,59 Years,707,354,353,628,311,317,23,15,8,4,2,2,10,4,6,42,22,20
WOOD COUNTY,499,60 Years,681,345,336,618,315,303,24,11,13,1,0,1,5,3,2,33,16,17
WOOD COUNTY,499,61 Years,653,337,316,592,304,288,21,8,13,2,0,2,8,4,4,30,21,9
WOOD COUNTY,499,62 Years,728,349,379,659,316,343,28,12,16,3,1,2,6,5,1,32,15,17
WOOD COUNTY,499,63 Years,687,334,353,610,296,314,35,21,14,2,1,1,8,3,5,32,13,19
WOOD COUNTY,499,64 Years,699,325,374,636,296,340,23,12,11,2,0,2,10,2,8,28,15,13
WOOD COUNTY,499,65 Years,726,330,396,659,299,360,24,11,13,3,2,1,9,3,6,31,15,16
WOOD COUNTY,499,66 Years,670,302,368,604,273,331,23,11,12,3,0,3,8,4,4,32,14,18
WOOD COUNTY,499,67 Years,685,327,358,628,298,330,22,11,11,1,0,1,8,4,4,26,14,12
WOOD COUNTY,499,68 Years,681,337,344,620,302,318,19,8,11,1,1,0,14,8,6,27,18,9
WOOD COUNTY,499,69 Years,681,322,359,627,294,333,18,8,10,1,1,0,12,5,7,23,14,9
WOOD COUNTY,499,70 Years,692,338,354,639,310,329,19,9,10,2,0,2,15,8,7,17,11,6
WOOD COUNTY,499,71 Years,712,337,375,663,310,353,21,13,8,3,0,3,11,6,5,14,8,6
WOOD COUNTY,499,72 Years,735,359,376,689,338,351,22,9,13,3,0,3,6,2,4,15,10,5
WOOD COUNTY,499,73 Years,574,273,301,533,256,277,16,5,11,2,0,2,10,6,4,13,6,7
WOOD COUNTY,499,74 Years,565,268,297,532,249,283,9,4,5,0,0,0,10,7,3,14,8,6
WOOD COUNTY,499,75 Years,600,295,305,563,277,286,19,7,12,1,1,0,7,4,3,10,6,4
WOOD COUNTY,499,76 Years,566,273,293,531,256,275,17,7,10,2,1,1,5,2,3,11,7,4
WOOD COUNTY,499,77 Years,532,249,283,498,234,264,15,5,10,0,0,0,7,3,4,12,7,5
WOOD COUNTY,499,78 Years,482,218,264,450,208,242,13,4,9,0,0,0,7,2,5,12,4,8
WOOD COUNTY,499,79 Years,445,199,246,414,185,229,11,6,5,0,0,0,7,3,4,13,5,8
WOOD COUNTY,499,80 Years,407,192,215,378,177,201,13,6,7,1,0,1,6,5,1,9,4,5
WOOD COUNTY,499,81 Years,361,176,185,334,162,172,11,6,5,0,0,0,6,2,4,10,6,4
WOOD COUNTY,499,82 Years,322,161,161,300,148,152,9,7,2,0,0,0,4,2,2,9,4,5
WOOD COUNTY,499,83 Years,294,140,154,276,129,147,9,6,3,0,0,0,3,2,1,6,3,3
WOOD COUNTY,499,84 Years,297,139,158,274,128,146,9,5,4,0,0,0,6,2,4,8,4,4
WOOD COUNTY,499,85 Years,247,107,140,227,98,129,8,5,3,0,0,0,3,2,1,9,2,7
WOOD COUNTY,499,86 Years,212,95,117,197,87,110,5,2,3,0,0,0,3,2,1,7,4,3
WOOD COUNTY,499,87 Years,188,80,108,176,76,100,5,2,3,0,0,0,4,1,3,3,1,2
WOOD COUNTY,499,88 Years,163,66,97,149,61,88,6,3,3,1,0,1,3,0,3,4,2,2
WOOD COUNTY,499,89 Years,153,62,91,141,56,85,6,3,3,0,0,0,1,0,1,5,3,2
WOOD COUNTY,499,90 Years,120,49,71,108,43,65,6,3,3,0,0,0,1,0,1,5,3,2
WOOD COUNTY,499,91 Years,94,37,57,81,31,50,6,3,3,0,0,0,3,0,3,4,3,1
WOOD COUNTY,499,92 Years,84,29,55,74,25,49,4,1,3,0,0,0,2,0,2,4,3,1
WOOD COUNTY,499,93 Years,59,17,42,52,14,38,3,1,2,0,0,0,1,0,1,3,2,1
WOOD COUNTY,499,94 Years,46,13,33,41,11,30,5,2,3,0,0,0,0,0,0,0,0,0
WOOD COUNTY,499,95 Years +,118,32,86,98,23,75,12,5,7,1,1,0,3,1,2,4,2,2
YOAKUM COUNTY,501,All Ages,8829,4426,4403,2625,1280,1345,62,30,32,24,13,11,102,53,49,6016,3050,2966
YOAKUM COUNTY,501,< 1 Year,149,76,73,23,11,12,0,0,0,0,0,0,0,0,0,126,65,61
YOAKUM COUNTY,501,1 Years,143,72,71,22,12,10,1,1,0,0,0,0,2,1,1,118,58,60
YOAKUM COUNTY,501,2 Years,158,81,77,27,14,13,1,0,1,0,0,0,2,2,0,128,65,63
YOAKUM COUNTY,501,3 Years,161,84,77,26,14,12,0,0,0,0,0,0,5,4,1,130,66,64
YOAKUM COUNTY,501,4 Years,166,94,72,24,14,10,1,0,1,0,0,0,0,0,0,141,80,61
YOAKUM COUNTY,501,5 Years,173,96,77,24,15,9,2,1,1,0,0,0,2,1,1,145,79,66
YOAKUM COUNTY,501,6 Years,161,87,74,23,14,9,2,1,1,0,0,0,2,1,1,134,71,63
YOAKUM COUNTY,501,7 Years,158,81,77,26,14,12,2,1,1,0,0,0,2,1,1,128,65,63
YOAKUM COUNTY,501,8 Years,138,68,70,24,12,12,0,0,0,0,0,0,3,2,1,111,54,57
YOAKUM COUNTY,501,9 Years,152,79,73,24,15,9,1,1,0,0,0,0,1,0,1,126,63,63
YOAKUM COUNTY,501,10 Years,167,72,95,33,17,16,1,0,1,0,0,0,3,0,3,130,55,75
YOAKUM COUNTY,501,11 Years,159,70,89,33,15,18,0,0,0,1,0,1,1,0,1,124,55,69
YOAKUM COUNTY,501,12 Years,145,66,79,40,18,22,1,0,1,1,0,1,2,1,1,101,47,54
YOAKUM COUNTY,501,13 Years,151,67,84,40,19,21,0,0,0,0,0,0,1,0,1,110,48,62
YOAKUM COUNTY,501,14 Years,155,75,80,36,18,18,1,1,0,0,0,0,1,0,1,117,56,61
YOAKUM COUNTY,501,15 Years,157,77,80,40,19,21,1,0,1,0,0,0,2,2,0,114,56,58
YOAKUM COUNTY,501,16 Years,139,64,75,37,18,19,1,0,1,0,0,0,2,1,1,99,45,54
YOAKUM COUNTY,501,17 Years,139,67,72,40,16,24,0,0,0,1,1,0,2,2,0,96,48,48
YOAKUM COUNTY,501,18 Years,138,70,68,33,13,20,0,0,0,0,0,0,1,0,1,104,57,47
YOAKUM COUNTY,501,19 Years,133,68,65,34,16,18,0,0,0,0,0,0,1,0,1,98,52,46
YOAKUM COUNTY,501,20 Years,132,75,57,31,14,17,0,0,0,0,0,0,1,0,1,100,61,39
YOAKUM COUNTY,501,21 Years,107,50,57,28,12,16,0,0,0,0,0,0,1,0,1,78,38,40
YOAKUM COUNTY,501,22 Years,111,50,61,25,11,14,1,1,0,0,0,0,2,1,1,83,37,46
YOAKUM COUNTY,501,23 Years,127,64,63,31,11,20,1,1,0,1,0,1,2,2,0,92,50,42
YOAKUM COUNTY,501,24 Years,118,57,61,30,13,17,1,1,0,1,0,1,0,0,0,86,43,43
YOAKUM COUNTY,501,25 Years,128,61,67,33,12,21,1,1,0,0,0,0,3,2,1,91,46,45
YOAKUM COUNTY,501,26 Years,161,86,75,43,21,22,0,0,0,0,0,0,2,0,2,116,65,51
YOAKUM COUNTY,501,27 Years,135,72,63,44,23,21,2,0,2,1,0,1,2,1,1,86,48,38
YOAKUM COUNTY,501,28 Years,120,63,57,28,16,12,1,0,1,0,0,0,1,1,0,90,46,44
YOAKUM COUNTY,501,29 Years,94,47,47,17,7,10,0,0,0,1,0,1,0,0,0,76,40,36
YOAKUM COUNTY,501,30 Years,96,41,55,16,5,11,0,0,0,0,0,0,1,1,0,79,35,44
YOAKUM COUNTY,501,31 Years,122,49,73,26,10,16,2,1,1,1,1,0,3,3,0,90,34,56
YOAKUM COUNTY,501,32 Years,128,62,66,21,11,10,2,1,1,1,1,0,1,1,0,103,48,55
YOAKUM COUNTY,501,33 Years,107,52,55,21,11,10,1,1,0,0,0,0,0,0,0,85,40,45
YOAKUM COUNTY,501,34 Years,99,52,47,16,7,9,0,0,0,0,0,0,1,0,1,82,45,37
YOAKUM COUNTY,501,35 Years,103,58,45,21,12,9,0,0,0,0,0,0,1,0,1,81,46,35
YOAKUM COUNTY,501,36 Years,108,60,48,31,15,16,1,1,0,0,0,0,0,0,0,76,44,32
YOAKUM COUNTY,501,37 Years,116,64,52,28,15,13,2,1,1,0,0,0,0,0,0,86,48,38
YOAKUM COUNTY,501,38 Years,113,49,64,38,18,20,1,0,1,1,1,0,2,1,1,71,29,42
YOAKUM COUNTY,501,39 Years,90,29,61,25,9,16,1,0,1,0,0,0,1,0,1,63,20,43
YOAKUM COUNTY,501,40 Years,83,40,43,23,13,10,0,0,0,0,0,0,1,0,1,59,27,32
YOAKUM COUNTY,501,41 Years,84,50,34,25,16,9,0,0,0,1,0,1,1,0,1,57,34,23
YOAKUM COUNTY,501,42 Years,95,56,39,28,19,9,0,0,0,2,1,1,0,0,0,65,36,29
YOAKUM COUNTY,501,43 Years,99,58,41,32,18,14,0,0,0,0,0,0,2,2,0,65,38,27
YOAKUM COUNTY,501,44 Years,90,51,39,34,18,16,2,0,2,0,0,0,1,1,0,53,32,21
YOAKUM COUNTY,501,45 Years,80,41,39,27,14,13,0,0,0,0,0,0,0,0,0,53,27,26
YOAKUM COUNTY,501,46 Years,76,41,35,23,14,9,0,0,0,0,0,0,0,0,0,53,27,26
YOAKUM COUNTY,501,47 Years,85,39,46,27,14,13,0,0,0,0,0,0,0,0,0,58,25,33
YOAKUM COUNTY,501,48 Years,82,41,41,25,14,11,1,1,0,0,0,0,1,0,1,55,26,29
YOAKUM COUNTY,501,49 Years,89,45,44,32,18,14,0,0,0,0,0,0,1,0,1,56,27,29
YOAKUM COUNTY,501,50 Years,102,48,54,37,17,20,0,0,0,2,1,1,1,1,0,62,29,33
YOAKUM COUNTY,501,51 Years,84,39,45,27,12,15,0,0,0,0,0,0,1,0,1,56,27,29
YOAKUM COUNTY,501,52 Years,98,50,48,29,14,15,0,0,0,0,0,0,3,2,1,66,34,32
YOAKUM COUNTY,501,53 Years,94,49,45,26,11,15,1,0,1,0,0,0,1,1,0,66,37,29
YOAKUM COUNTY,501,54 Years,105,56,49,31,15,16,1,0,1,0,0,0,1,1,0,72,40,32
YOAKUM COUNTY,501,55 Years,99,55,44,34,18,16,0,0,0,0,0,0,1,1,0,64,36,28
YOAKUM COUNTY,501,56 Years,101,54,47,40,19,21,0,0,0,0,0,0,1,1,0,60,34,26
YOAKUM COUNTY,501,57 Years,105,53,52,40,18,22,2,1,1,0,0,0,1,0,1,62,34,28
YOAKUM COUNTY,501,58 Years,93,52,41,44,19,25,0,0,0,2,2,0,3,1,2,44,30,14
YOAKUM COUNTY,501,59 Years,106,63,43,45,26,19,1,1,0,1,1,0,2,2,0,57,33,24
YOAKUM COUNTY,501,60 Years,98,46,52,38,20,18,3,2,1,0,0,0,1,1,0,56,23,33
YOAKUM COUNTY,501,61 Years,93,45,48,38,20,18,1,0,1,0,0,0,0,0,0,54,25,29
YOAKUM COUNTY,501,62 Years,91,53,38,45,28,17,0,0,0,0,0,0,0,0,0,46,25,21
YOAKUM COUNTY,501,63 Years,85,42,43,42,18,24,3,2,1,0,0,0,0,0,0,40,22,18
YOAKUM COUNTY,501,64 Years,81,39,42,33,15,18,3,1,2,0,0,0,1,0,1,44,23,21
YOAKUM COUNTY,501,65 Years,75,39,36,32,14,18,1,1,0,0,0,0,1,1,0,41,23,18
YOAKUM COUNTY,501,66 Years,61,32,29,29,13,16,0,0,0,0,0,0,2,1,1,30,18,12
YOAKUM COUNTY,501,67 Years,65,32,33,30,13,17,2,1,1,0,0,0,0,0,0,33,18,15
YOAKUM COUNTY,501,68 Years,73,38,35,37,20,17,1,0,1,0,0,0,0,0,0,35,18,17
YOAKUM COUNTY,501,69 Years,64,29,35,30,15,15,1,0,1,1,0,1,1,0,1,31,14,17
YOAKUM COUNTY,501,70 Years,63,30,33,33,14,19,0,0,0,0,0,0,1,0,1,29,16,13
YOAKUM COUNTY,501,71 Years,62,34,28,34,18,16,0,0,0,3,3,0,1,1,0,24,12,12
YOAKUM COUNTY,501,72 Years,61,34,27,37,20,17,0,0,0,1,1,0,1,1,0,22,12,10
YOAKUM COUNTY,501,73 Years,58,27,31,30,14,16,1,1,0,1,0,1,1,1,0,25,11,14
YOAKUM COUNTY,501,74 Years,48,23,25,26,12,14,1,1,0,0,0,0,0,0,0,21,10,11
YOAKUM COUNTY,501,75 Years,50,29,21,31,19,12,0,0,0,0,0,0,1,0,1,18,10,8
YOAKUM COUNTY,501,76 Years,50,26,24,30,17,13,0,0,0,0,0,0,2,0,2,18,9,9
YOAKUM COUNTY,501,77 Years,43,21,22,24,11,13,0,0,0,0,0,0,3,0,3,16,10,6
YOAKUM COUNTY,501,78 Years,42,19,23,22,11,11,1,1,0,0,0,0,1,1,0,18,6,12
YOAKUM COUNTY,501,79 Years,43,23,20,26,13,13,1,1,0,0,0,0,1,1,0,15,8,7
YOAKUM COUNTY,501,80 Years,40,17,23,22,10,12,0,0,0,0,0,0,0,0,0,18,7,11
YOAKUM COUNTY,501,81 Years,32,13,19,18,7,11,0,0,0,0,0,0,1,1,0,13,5,8
YOAKUM COUNTY,501,82 Years,29,9,20,22,7,15,0,0,0,0,0,0,0,0,0,7,2,5
YOAKUM COUNTY,501,83 Years,27,11,16,14,6,8,0,0,0,0,0,0,0,0,0,13,5,8
YOAKUM COUNTY,501,84 Years,31,13,18,19,8,11,1,0,1,0,0,0,0,0,0,11,5,6
YOAKUM COUNTY,501,85 Years,25,10,15,19,7,12,0,0,0,0,0,0,0,0,0,6,3,3
YOAKUM COUNTY,501,86 Years,27,11,16,15,4,11,0,0,0,0,0,0,0,0,0,12,7,5
YOAKUM COUNTY,501,87 Years,18,8,10,9,3,6,0,0,0,0,0,0,0,0,0,9,5,4
YOAKUM COUNTY,501,88 Years,11,5,6,6,3,3,0,0,0,0,0,0,0,0,0,5,2,3
YOAKUM COUNTY,501,89 Years,17,6,11,11,4,7,0,0,0,0,0,0,1,0,1,5,2,3
YOAKUM COUNTY,501,90 Years,12,4,8,6,2,4,0,0,0,0,0,0,1,0,1,5,2,3
YOAKUM COUNTY,501,91 Years,11,6,5,7,2,5,1,1,0,0,0,0,0,0,0,3,3,0
YOAKUM COUNTY,501,92 Years,10,4,6,6,2,4,0,0,0,0,0,0,0,0,0,4,2,2
YOAKUM COUNTY,501,93 Years,7,3,4,4,2,2,0,0,0,0,0,0,0,0,0,3,1,2
YOAKUM COUNTY,501,94 Years,5,4,1,3,2,1,0,0,0,0,0,0,0,0,0,2,2,0
YOAKUM COUNTY,501,95 Years +,14,5,9,6,2,4,1,0,1,0,0,0,0,0,0,7,3,4
YOUNG COUNTY,503,All Ages,19029,9381,9648,14495,7047,7448,236,124,112,65,22,43,362,176,186,3871,2012,1859
YOUNG COUNTY,503,< 1 Year,233,122,111,146,80,66,0,0,0,1,0,1,11,7,4,75,35,40
YOUNG COUNTY,503,1 Years,240,124,116,153,81,72,0,0,0,1,0,1,11,6,5,75,37,38
YOUNG COUNTY,503,2 Years,246,130,116,151,77,74,0,0,0,0,0,0,9,6,3,86,47,39
YOUNG COUNTY,503,3 Years,260,133,127,157,78,79,0,0,0,2,0,2,10,6,4,91,49,42
YOUNG COUNTY,503,4 Years,272,139,133,160,81,79,0,0,0,3,2,1,10,6,4,99,50,49
YOUNG COUNTY,503,5 Years,272,136,136,163,83,80,0,0,0,3,1,2,11,5,6,95,47,48
YOUNG COUNTY,503,6 Years,279,147,132,170,90,80,2,1,1,1,0,1,9,5,4,97,51,46
YOUNG COUNTY,503,7 Years,270,137,133,166,87,79,2,0,2,0,0,0,9,3,6,93,47,46
YOUNG COUNTY,503,8 Years,268,134,134,162,87,75,2,0,2,0,0,0,8,2,6,96,45,51
YOUNG COUNTY,503,9 Years,274,160,114,160,91,69,4,2,2,0,0,0,10,8,2,100,59,41
YOUNG COUNTY,503,10 Years,249,130,119,141,73,68,3,1,2,0,0,0,8,3,5,97,53,44
YOUNG COUNTY,503,11 Years,230,116,114,138,65,73,3,2,1,0,0,0,11,6,5,78,43,35
YOUNG COUNTY,503,12 Years,231,129,102,138,74,64,6,2,4,1,0,1,8,5,3,78,48,30
YOUNG COUNTY,503,13 Years,228,114,114,134,66,68,3,1,2,2,1,1,10,5,5,79,41,38
YOUNG COUNTY,503,14 Years,219,104,115,129,61,68,2,2,0,0,0,0,7,3,4,81,38,43
YOUNG COUNTY,503,15 Years,230,114,116,151,76,75,2,1,1,0,0,0,4,2,2,73,35,38
YOUNG COUNTY,503,16 Years,231,118,113,151,76,75,4,2,2,0,0,0,7,5,2,69,35,34
YOUNG COUNTY,503,17 Years,233,115,118,166,76,90,1,1,0,1,0,1,6,3,3,59,35,24
YOUNG COUNTY,503,18 Years,229,116,113,158,73,85,5,4,1,0,0,0,3,1,2,63,38,25
YOUNG COUNTY,503,19 Years,210,113,97,138,72,66,4,3,1,0,0,0,3,1,2,65,37,28
YOUNG COUNTY,503,20 Years,196,108,88,135,71,64,4,3,1,0,0,0,4,1,3,53,33,20
YOUNG COUNTY,503,21 Years,194,112,82,129,67,62,4,4,0,1,0,1,5,2,3,55,39,16
YOUNG COUNTY,503,22 Years,176,96,80,125,63,62,1,1,0,1,0,1,3,2,1,46,30,16
YOUNG COUNTY,503,23 Years,205,102,103,149,68,81,2,2,0,1,0,1,4,2,2,49,30,19
YOUNG COUNTY,503,24 Years,196,99,97,151,74,77,2,2,0,0,0,0,4,1,3,39,22,17
YOUNG COUNTY,503,25 Years,209,114,95,164,85,79,2,2,0,2,1,1,3,2,1,38,24,14
YOUNG COUNTY,503,26 Years,231,110,121,183,91,92,3,0,3,1,0,1,5,1,4,39,18,21
YOUNG COUNTY,503,27 Years,240,122,118,186,99,87,2,1,1,0,0,0,9,3,6,43,19,24
YOUNG COUNTY,503,28 Years,216,92,124,158,69,89,4,2,2,1,0,1,4,3,1,49,18,31
YOUNG COUNTY,503,29 Years,225,100,125,167,74,93,3,2,1,0,0,0,3,2,1,52,22,30
YOUNG COUNTY,503,30 Years,219,102,117,162,75,87,3,3,0,1,0,1,6,4,2,47,20,27
YOUNG COUNTY,503,31 Years,215,102,113,145,69,76,5,4,1,2,1,1,4,2,2,59,26,33
YOUNG COUNTY,503,32 Years,215,97,118,151,69,82,2,1,1,2,0,2,2,1,1,58,26,32
YOUNG COUNTY,503,33 Years,246,122,124,168,81,87,2,1,1,1,0,1,5,2,3,70,38,32
YOUNG COUNTY,503,34 Years,240,117,123,171,75,96,6,4,2,1,1,0,6,3,3,56,34,22
YOUNG COUNTY,503,35 Years,217,109,108,160,82,78,4,2,2,0,0,0,3,1,2,50,24,26
YOUNG COUNTY,503,36 Years,246,123,123,174,88,86,2,1,1,1,0,1,2,2,0,67,32,35
YOUNG COUNTY,503,37 Years,227,121,106,153,82,71,4,2,2,1,0,1,3,2,1,66,35,31
YOUNG COUNTY,503,38 Years,226,115,111,169,80,89,2,1,1,1,0,1,4,3,1,50,31,19
YOUNG COUNTY,503,39 Years,190,96,94,143,73,70,1,1,0,0,0,0,2,1,1,44,21,23
YOUNG COUNTY,503,40 Years,192,90,102,147,66,81,0,0,0,1,0,1,1,0,1,43,24,19
YOUNG COUNTY,503,41 Years,206,99,107,162,74,88,2,1,1,0,0,0,3,0,3,39,24,15
YOUNG COUNTY,503,42 Years,185,89,96,132,65,67,5,2,3,0,0,0,2,0,2,46,22,24
YOUNG COUNTY,503,43 Years,176,84,92,133,64,69,2,0,2,0,0,0,1,0,1,40,20,20
YOUNG COUNTY,503,44 Years,193,83,110,145,62,83,3,3,0,0,0,0,2,1,1,43,17,26
YOUNG COUNTY,503,45 Years,221,105,116,166,82,84,2,2,0,2,1,1,2,1,1,49,19,30
YOUNG COUNTY,503,46 Years,209,106,103,168,86,82,2,2,0,0,0,0,3,1,2,36,17,19
YOUNG COUNTY,503,47 Years,203,102,101,163,81,82,2,1,1,0,0,0,1,1,0,37,19,18
YOUNG COUNTY,503,48 Years,199,95,104,166,77,89,1,1,0,0,0,0,1,0,1,31,17,14
YOUNG COUNTY,503,49 Years,198,99,99,158,75,83,4,3,1,1,0,1,1,1,0,34,20,14
YOUNG COUNTY,503,50 Years,201,106,95,156,80,76,3,2,1,4,2,2,2,1,1,36,21,15
YOUNG COUNTY,503,51 Years,206,101,105,155,80,75,1,0,1,2,1,1,5,3,2,43,17,26
YOUNG COUNTY,503,52 Years,190,95,95,148,73,75,3,2,1,1,1,0,3,1,2,35,18,17
YOUNG COUNTY,503,53 Years,195,100,95,148,71,77,3,1,2,0,0,0,1,0,1,43,28,15
YOUNG COUNTY,503,54 Years,235,113,122,190,90,100,3,1,2,0,0,0,3,1,2,39,21,18
YOUNG COUNTY,503,55 Years,233,120,113,196,101,95,5,4,1,0,0,0,2,1,1,30,14,16
YOUNG COUNTY,503,56 Years,237,121,116,185,94,91,4,1,3,2,2,0,2,0,2,44,24,20
YOUNG COUNTY,503,57 Years,254,120,134,206,98,108,5,2,3,0,0,0,4,1,3,39,19,20
YOUNG COUNTY,503,58 Years,257,132,125,220,114,106,2,2,0,0,0,0,1,0,1,34,16,18
YOUNG COUNTY,503,59 Years,280,138,142,233,114,119,5,3,2,4,2,2,0,0,0,38,19,19
YOUNG COUNTY,503,60 Years,276,137,139,225,112,113,5,4,1,1,1,0,4,1,3,41,19,22
YOUNG COUNTY,503,61 Years,269,137,132,225,113,112,2,1,1,1,0,1,3,1,2,38,22,16
YOUNG COUNTY,503,62 Years,272,127,145,235,110,125,3,0,3,1,0,1,3,1,2,30,16,14
YOUNG COUNTY,503,63 Years,279,141,138,240,124,116,5,1,4,0,0,0,3,2,1,31,14,17
YOUNG COUNTY,503,64 Years,247,118,129,219,104,115,4,2,2,0,0,0,3,1,2,21,11,10
YOUNG COUNTY,503,65 Years,230,112,118,199,100,99,3,0,3,2,1,1,3,2,1,23,9,14
YOUNG COUNTY,503,66 Years,260,122,138,230,112,118,2,0,2,1,1,0,3,2,1,24,7,17
YOUNG COUNTY,503,67 Years,285,131,154,249,118,131,2,1,1,1,0,1,4,1,3,29,11,18
YOUNG COUNTY,503,68 Years,239,127,112,215,115,100,0,0,0,1,0,1,5,4,1,18,8,10
YOUNG COUNTY,503,69 Years,227,123,104,207,113,94,2,1,1,1,0,1,3,2,1,14,7,7
YOUNG COUNTY,503,70 Years,200,96,104,186,89,97,1,0,1,1,0,1,0,0,0,12,7,5
YOUNG COUNTY,503,71 Years,222,104,118,205,95,110,3,1,2,1,0,1,3,0,3,10,8,2
YOUNG COUNTY,503,72 Years,232,119,113,214,110,104,3,1,2,0,0,0,3,1,2,12,7,5
YOUNG COUNTY,503,73 Years,183,89,94,164,80,84,4,1,3,0,0,0,4,2,2,11,6,5
YOUNG COUNTY,503,74 Years,185,93,92,168,83,85,3,2,1,0,0,0,4,1,3,10,7,3
YOUNG COUNTY,503,75 Years,191,90,101,178,82,96,2,0,2,1,1,0,2,2,0,8,5,3
YOUNG COUNTY,503,76 Years,164,75,89,152,68,84,2,1,1,0,0,0,4,3,1,6,3,3
YOUNG COUNTY,503,77 Years,165,81,84,156,74,82,0,0,0,0,0,0,2,2,0,7,5,2
YOUNG COUNTY,503,78 Years,158,78,80,145,70,75,0,0,0,0,0,0,3,2,1,10,6,4
YOUNG COUNTY,503,79 Years,127,56,71,120,53,67,1,0,1,0,0,0,2,1,1,4,2,2
YOUNG COUNTY,503,80 Years,120,54,66,111,48,63,2,0,2,0,0,0,2,2,0,5,4,1
YOUNG COUNTY,503,81 Years,100,43,57,93,40,53,5,2,3,0,0,0,0,0,0,2,1,1
YOUNG COUNTY,503,82 Years,109,53,56,103,49,54,4,3,1,0,0,0,1,0,1,1,1,0
YOUNG COUNTY,503,83 Years,103,44,59,93,40,53,1,1,0,0,0,0,3,0,3,6,3,3
YOUNG COUNTY,503,84 Years,100,45,55,87,38,49,3,3,0,0,0,0,3,1,2,7,3,4
YOUNG COUNTY,503,85 Years,89,34,55,78,32,46,2,0,2,1,0,1,1,0,1,7,2,5
YOUNG COUNTY,503,86 Years,79,27,52,68,22,46,3,2,1,0,0,0,1,1,0,7,2,5
YOUNG COUNTY,503,87 Years,71,26,45,64,23,41,1,1,0,1,1,0,0,0,0,5,1,4
YOUNG COUNTY,503,88 Years,61,25,36,58,24,34,0,0,0,0,0,0,1,0,1,2,1,1
YOUNG COUNTY,503,89 Years,50,17,33,48,15,33,0,0,0,1,1,0,0,0,0,1,1,0
YOUNG COUNTY,503,90 Years,52,15,37,47,14,33,2,0,2,1,0,1,0,0,0,2,1,1
YOUNG COUNTY,503,91 Years,41,14,27,38,13,25,1,0,1,0,0,0,1,0,1,1,1,0
YOUNG COUNTY,503,92 Years,33,10,23,32,10,22,0,0,0,0,0,0,0,0,0,1,0,1
YOUNG COUNTY,503,93 Years,27,8,19,24,7,17,1,0,1,0,0,0,0,0,0,2,1,1
YOUNG COUNTY,503,94 Years,26,9,17,21,7,14,2,1,1,0,0,0,1,0,1,2,1,1
YOUNG COUNTY,503,95 Years +,54,13,41,46,11,35,4,1,3,0,0,0,1,0,1,3,1,2
ZAPATA COUNTY,505,All Ages,14196,6991,7205,758,388,370,11,6,5,29,12,17,27,10,17,13371,6575,6796
ZAPATA COUNTY,505,< 1 Year,209,107,102,10,4,6,0,0,0,0,0,0,0,0,0,199,103,96
ZAPATA COUNTY,505,1 Years,217,108,109,8,3,5,0,0,0,0,0,0,0,0,0,209,105,104
ZAPATA COUNTY,505,2 Years,232,115,117,9,3,6,0,0,0,0,0,0,0,0,0,223,112,111
ZAPATA COUNTY,505,3 Years,253,127,126,6,2,4,0,0,0,0,0,0,0,0,0,247,125,122
ZAPATA COUNTY,505,4 Years,273,144,129,0,0,0,0,0,0,0,0,0,0,0,0,273,144,129
ZAPATA COUNTY,505,5 Years,276,150,126,3,2,1,0,0,0,0,0,0,0,0,0,273,148,125
ZAPATA COUNTY,505,6 Years,277,145,132,4,2,2,0,0,0,0,0,0,0,0,0,273,143,130
ZAPATA COUNTY,505,7 Years,268,136,132,6,2,4,0,0,0,0,0,0,0,0,0,262,134,128
ZAPATA COUNTY,505,8 Years,283,142,141,8,2,6,0,0,0,0,0,0,0,0,0,275,140,135
ZAPATA COUNTY,505,9 Years,285,155,130,7,3,4,0,0,0,0,0,0,0,0,0,278,152,126
ZAPATA COUNTY,505,10 Years,277,151,126,5,3,2,0,0,0,0,0,0,1,1,0,271,147,124
ZAPATA COUNTY,505,11 Years,273,149,124,4,1,3,0,0,0,0,0,0,1,1,0,268,147,121
ZAPATA COUNTY,505,12 Years,262,146,116,7,4,3,0,0,0,0,0,0,0,0,0,255,142,113
ZAPATA COUNTY,505,13 Years,232,134,98,8,5,3,1,0,1,0,0,0,0,0,0,223,129,94
ZAPATA COUNTY,505,14 Years,252,141,111,7,4,3,1,0,1,0,0,0,0,0,0,244,137,107
ZAPATA COUNTY,505,15 Years,239,130,109,9,7,2,0,0,0,0,0,0,2,1,1,228,122,106
ZAPATA COUNTY,505,16 Years,223,117,106,6,3,3,0,0,0,1,0,1,1,1,0,215,113,102
ZAPATA COUNTY,505,17 Years,237,123,114,7,4,3,0,0,0,1,0,1,0,0,0,229,119,110
ZAPATA COUNTY,505,18 Years,210,108,102,3,1,2,0,0,0,1,0,1,0,0,0,206,107,99
ZAPATA COUNTY,505,19 Years,194,95,99,4,2,2,1,1,0,0,0,0,0,0,0,189,92,97
ZAPATA COUNTY,505,20 Years,208,101,107,6,3,3,1,1,0,0,0,0,0,0,0,201,97,104
ZAPATA COUNTY,505,21 Years,197,97,100,6,4,2,0,0,0,1,1,0,0,0,0,190,92,98
ZAPATA COUNTY,505,22 Years,187,99,88,7,6,1,0,0,0,0,0,0,0,0,0,180,93,87
ZAPATA COUNTY,505,23 Years,193,98,95,7,4,3,0,0,0,1,1,0,2,1,1,183,92,91
ZAPATA COUNTY,505,24 Years,181,89,92,5,3,2,0,0,0,2,2,0,0,0,0,174,84,90
ZAPATA COUNTY,505,25 Years,194,103,91,6,3,3,0,0,0,1,0,1,0,0,0,187,100,87
ZAPATA COUNTY,505,26 Years,197,94,103,5,2,3,0,0,0,0,0,0,0,0,0,192,92,100
ZAPATA COUNTY,505,27 Years,197,99,98,4,2,2,0,0,0,1,0,1,1,0,1,191,97,94
ZAPATA COUNTY,505,28 Years,196,96,100,8,5,3,0,0,0,0,0,0,1,0,1,187,91,96
ZAPATA COUNTY,505,29 Years,189,91,98,8,3,5,0,0,0,0,0,0,0,0,0,181,88,93
ZAPATA COUNTY,505,30 Years,178,83,95,7,4,3,0,0,0,0,0,0,0,0,0,171,79,92
ZAPATA COUNTY,505,31 Years,167,87,80,5,2,3,0,0,0,0,0,0,0,0,0,162,85,77
ZAPATA COUNTY,505,32 Years,180,83,97,3,1,2,0,0,0,0,0,0,0,0,0,177,82,95
ZAPATA COUNTY,505,33 Years,202,97,105,5,3,2,0,0,0,0,0,0,0,0,0,197,94,103
ZAPATA COUNTY,505,34 Years,188,79,109,5,2,3,0,0,0,0,0,0,0,0,0,183,77,106
ZAPATA COUNTY,505,35 Years,165,84,81,6,4,2,0,0,0,0,0,0,0,0,0,159,80,79
ZAPATA COUNTY,505,36 Years,183,88,95,6,3,3,0,0,0,0,0,0,0,0,0,177,85,92
ZAPATA COUNTY,505,37 Years,184,81,103,8,5,3,0,0,0,0,0,0,0,0,0,176,76,100
ZAPATA COUNTY,505,38 Years,179,85,94,6,3,3,0,0,0,0,0,0,0,0,0,173,82,91
ZAPATA COUNTY,505,39 Years,178,86,92,2,2,0,0,0,0,0,0,0,0,0,0,176,84,92
ZAPATA COUNTY,505,40 Years,151,77,74,2,1,1,1,0,1,0,0,0,0,0,0,148,76,72
ZAPATA COUNTY,505,41 Years,161,79,82,8,3,5,0,0,0,0,0,0,0,0,0,153,76,77
ZAPATA COUNTY,505,42 Years,173,94,79,6,4,2,0,0,0,0,0,0,0,0,0,167,90,77
ZAPATA COUNTY,505,43 Years,177,87,90,8,3,5,0,0,0,0,0,0,1,0,1,168,84,84
ZAPATA COUNTY,505,44 Years,182,85,97,10,6,4,0,0,0,0,0,0,0,0,0,172,79,93
ZAPATA COUNTY,505,45 Years,161,72,89,9,3,6,0,0,0,0,0,0,0,0,0,152,69,83
ZAPATA COUNTY,505,46 Years,145,71,74,4,1,3,0,0,0,0,0,0,0,0,0,141,70,71
ZAPATA COUNTY,505,47 Years,148,66,82,6,3,3,0,0,0,1,0,1,0,0,0,141,63,78
ZAPATA COUNTY,505,48 Years,146,66,80,2,1,1,0,0,0,2,1,1,0,0,0,142,64,78
ZAPATA COUNTY,505,49 Years,146,73,73,3,3,0,0,0,0,2,2,0,0,0,0,141,68,73
ZAPATA COUNTY,505,50 Years,141,68,73,6,6,0,0,0,0,3,1,2,1,1,0,131,60,71
ZAPATA COUNTY,505,51 Years,135,65,70,5,5,0,0,0,0,2,1,1,0,0,0,128,59,69
ZAPATA COUNTY,505,52 Years,142,64,78,5,3,2,0,0,0,1,1,0,0,0,0,136,60,76
ZAPATA COUNTY,505,53 Years,146,58,88,6,2,4,0,0,0,0,0,0,3,1,2,137,55,82
ZAPATA COUNTY,505,54 Years,137,61,76,8,5,3,0,0,0,0,0,0,1,0,1,128,56,72
ZAPATA COUNTY,505,55 Years,143,63,80,8,5,3,0,0,0,0,0,0,0,0,0,135,58,77
ZAPATA COUNTY,505,56 Years,143,65,78,11,7,4,0,0,0,1,0,1,0,0,0,131,58,73
ZAPATA COUNTY,505,57 Years,139,70,69,8,3,5,0,0,0,1,0,1,0,0,0,130,67,63
ZAPATA COUNTY,505,58 Years,146,70,76,7,2,5,0,0,0,0,0,0,0,0,0,139,68,71
ZAPATA COUNTY,505,59 Years,136,66,70,10,6,4,0,0,0,0,0,0,0,0,0,126,60,66
ZAPATA COUNTY,505,60 Years,129,66,63,6,5,1,0,0,0,0,0,0,0,0,0,123,61,62
ZAPATA COUNTY,505,61 Years,122,59,63,9,7,2,0,0,0,0,0,0,0,0,0,113,52,61
ZAPATA COUNTY,505,62 Years,125,65,60,9,7,2,0,0,0,0,0,0,2,1,1,114,57,57
ZAPATA COUNTY,505,63 Years,110,53,57,6,4,2,1,1,0,0,0,0,1,1,0,102,47,55
ZAPATA COUNTY,505,64 Years,127,62,65,10,6,4,1,1,0,0,0,0,0,0,0,116,55,61
ZAPATA COUNTY,505,65 Years,119,61,58,13,6,7,0,0,0,2,0,2,1,1,0,103,54,49
ZAPATA COUNTY,505,66 Years,116,54,62,12,6,6,1,0,1,0,0,0,1,0,1,102,48,54
ZAPATA COUNTY,505,67 Years,104,41,63,9,4,5,0,0,0,0,0,0,2,0,2,93,37,56
ZAPATA COUNTY,505,68 Years,109,50,59,15,9,6,0,0,0,0,0,0,0,0,0,94,41,53
ZAPATA COUNTY,505,69 Years,107,46,61,12,6,6,0,0,0,0,0,0,1,0,1,94,40,54
ZAPATA COUNTY,505,70 Years,115,46,69,17,7,10,0,0,0,1,0,1,0,0,0,97,39,58
ZAPATA COUNTY,505,71 Years,111,44,67,20,8,12,0,0,0,1,0,1,0,0,0,90,36,54
ZAPATA COUNTY,505,72 Years,106,47,59,18,8,10,1,1,0,1,1,0,1,0,1,85,37,48
ZAPATA COUNTY,505,73 Years,98,44,54,19,8,11,0,0,0,1,1,0,0,0,0,78,35,43
ZAPATA COUNTY,505,74 Years,87,34,53,13,7,6,0,0,0,0,0,0,1,0,1,73,27,46
ZAPATA COUNTY,505,75 Years,79,27,52,17,9,8,0,0,0,0,0,0,0,0,0,62,18,44
ZAPATA COUNTY,505,76 Years,84,36,48,18,9,9,0,0,0,0,0,0,0,0,0,66,27,39
ZAPATA COUNTY,505,77 Years,80,37,43,15,8,7,0,0,0,0,0,0,0,0,0,65,29,36
ZAPATA COUNTY,505,78 Years,73,37,36,16,8,8,0,0,0,0,0,0,0,0,0,57,29,28
ZAPATA COUNTY,505,79 Years,61,32,29,15,7,8,0,0,0,0,0,0,1,0,1,45,25,20
ZAPATA COUNTY,505,80 Years,51,25,26,13,6,7,0,0,0,0,0,0,0,0,0,38,19,19
ZAPATA COUNTY,505,81 Years,48,28,20,12,6,6,0,0,0,0,0,0,0,0,0,36,22,14
ZAPATA COUNTY,505,82 Years,41,24,17,12,6,6,0,0,0,0,0,0,0,0,0,29,18,11
ZAPATA COUNTY,505,83 Years,41,15,26,11,5,6,0,0,0,0,0,0,0,0,0,30,10,20
ZAPATA COUNTY,505,84 Years,38,12,26,9,4,5,2,1,1,0,0,0,0,0,0,27,7,20
ZAPATA COUNTY,505,85 Years,34,14,20,8,4,4,0,0,0,0,0,0,0,0,0,26,10,16
ZAPATA COUNTY,505,86 Years,23,11,12,9,4,5,0,0,0,0,0,0,0,0,0,14,7,7
ZAPATA COUNTY,505,87 Years,17,7,10,7,3,4,0,0,0,0,0,0,0,0,0,10,4,6
ZAPATA COUNTY,505,88 Years,19,7,12,7,3,4,0,0,0,0,0,0,0,0,0,12,4,8
ZAPATA COUNTY,505,89 Years,19,6,13,5,3,2,0,0,0,0,0,0,1,0,1,13,3,10
ZAPATA COUNTY,505,90 Years,15,7,8,5,2,3,0,0,0,0,0,0,0,0,0,10,5,5
ZAPATA COUNTY,505,91 Years,17,8,9,5,3,2,0,0,0,0,0,0,0,0,0,12,5,7
ZAPATA COUNTY,505,92 Years,18,7,11,4,2,2,0,0,0,1,0,1,0,0,0,13,5,8
ZAPATA COUNTY,505,93 Years,11,5,6,4,2,2,0,0,0,0,0,0,0,0,0,7,3,4
ZAPATA COUNTY,505,94 Years,9,3,6,3,1,2,0,0,0,0,0,0,0,0,0,6,2,4
ZAPATA COUNTY,505,95 Years +,20,8,12,7,2,5,0,0,0,0,0,0,0,0,0,13,6,7
ZAVALA COUNTY,507,All Ages,12116,6152,5964,652,326,326,34,18,16,4,0,4,28,15,13,11398,5793,5605
ZAVALA COUNTY,507,< 1 Year,192,99,93,7,5,2,0,0,0,0,0,0,2,1,1,183,93,90
ZAVALA COUNTY,507,1 Years,186,95,91,4,3,1,0,0,0,0,0,0,1,1,0,181,91,90
ZAVALA COUNTY,507,2 Years,193,102,91,4,2,2,0,0,0,0,0,0,1,1,0,188,99,89
ZAVALA COUNTY,507,3 Years,205,108,97,4,2,2,2,2,0,0,0,0,0,0,0,199,104,95
ZAVALA COUNTY,507,4 Years,223,116,107,6,2,4,0,0,0,0,0,0,0,0,0,217,114,103
ZAVALA COUNTY,507,5 Years,228,115,113,7,3,4,0,0,0,0,0,0,0,0,0,221,112,109
ZAVALA COUNTY,507,6 Years,235,125,110,7,3,4,0,0,0,0,0,0,0,0,0,228,122,106
ZAVALA COUNTY,507,7 Years,234,120,114,7,3,4,0,0,0,0,0,0,0,0,0,227,117,110
ZAVALA COUNTY,507,8 Years,234,118,116,7,3,4,0,0,0,0,0,0,0,0,0,227,115,112
ZAVALA COUNTY,507,9 Years,230,119,111,6,4,2,0,0,0,0,0,0,0,0,0,224,115,109
ZAVALA COUNTY,507,10 Years,194,103,91,12,3,9,0,0,0,0,0,0,0,0,0,182,100,82
ZAVALA COUNTY,507,11 Years,190,107,83,9,4,5,2,0,2,0,0,0,0,0,0,179,103,76
ZAVALA COUNTY,507,12 Years,187,101,86,9,6,3,0,0,0,0,0,0,0,0,0,178,95,83
ZAVALA COUNTY,507,13 Years,212,121,91,7,4,3,0,0,0,0,0,0,0,0,0,205,117,88
ZAVALA COUNTY,507,14 Years,215,111,104,5,1,4,0,0,0,0,0,0,0,0,0,210,110,100
ZAVALA COUNTY,507,15 Years,190,94,96,6,1,5,1,0,1,0,0,0,0,0,0,183,93,90
ZAVALA COUNTY,507,16 Years,187,98,89,7,3,4,0,0,0,0,0,0,0,0,0,180,95,85
ZAVALA COUNTY,507,17 Years,179,87,92,5,1,4,1,0,1,0,0,0,0,0,0,173,86,87
ZAVALA COUNTY,507,18 Years,177,92,85,4,2,2,2,0,2,0,0,0,1,0,1,170,90,80
ZAVALA COUNTY,507,19 Years,180,103,77,6,5,1,1,1,0,0,0,0,1,1,0,172,96,76
ZAVALA COUNTY,507,20 Years,201,113,88,9,4,5,1,1,0,0,0,0,1,0,1,190,108,82
ZAVALA COUNTY,507,21 Years,191,110,81,8,4,4,2,2,0,0,0,0,1,0,1,180,104,76
ZAVALA COUNTY,507,22 Years,181,104,77,7,5,2,0,0,0,0,0,0,2,0,2,172,99,73
ZAVALA COUNTY,507,23 Years,195,118,77,9,6,3,2,0,2,0,0,0,1,1,0,183,111,72
ZAVALA COUNTY,507,24 Years,201,120,81,5,2,3,0,0,0,0,0,0,0,0,0,196,118,78
ZAVALA COUNTY,507,25 Years,199,103,96,6,5,1,1,0,1,0,0,0,0,0,0,192,98,94
ZAVALA COUNTY,507,26 Years,221,123,98,7,5,2,1,0,1,0,0,0,0,0,0,213,118,95
ZAVALA COUNTY,507,27 Years,213,105,108,9,3,6,0,0,0,0,0,0,1,0,1,203,102,101
ZAVALA COUNTY,507,28 Years,208,120,88,9,6,3,2,1,1,0,0,0,0,0,0,197,113,84
ZAVALA COUNTY,507,29 Years,191,101,90,5,3,2,0,0,0,0,0,0,0,0,0,186,98,88
ZAVALA COUNTY,507,30 Years,149,75,74,2,1,1,0,0,0,0,0,0,1,1,0,146,73,73
ZAVALA COUNTY,507,31 Years,145,73,72,4,2,2,0,0,0,0,0,0,1,1,0,140,70,70
ZAVALA COUNTY,507,32 Years,163,85,78,5,3,2,1,1,0,0,0,0,0,0,0,157,81,76
ZAVALA COUNTY,507,33 Years,145,75,70,6,2,4,1,1,0,0,0,0,0,0,0,138,72,66
ZAVALA COUNTY,507,34 Years,135,68,67,6,3,3,0,0,0,0,0,0,0,0,0,129,65,64
ZAVALA COUNTY,507,35 Years,117,62,55,5,2,3,1,1,0,0,0,0,0,0,0,111,59,52
ZAVALA COUNTY,507,36 Years,131,66,65,7,3,4,1,1,0,0,0,0,0,0,0,123,62,61
ZAVALA COUNTY,507,37 Years,129,63,66,6,3,3,0,0,0,1,0,1,0,0,0,122,60,62
ZAVALA COUNTY,507,38 Years,136,63,73,8,3,5,0,0,0,1,0,1,0,0,0,127,60,67
ZAVALA COUNTY,507,39 Years,143,68,75,10,3,7,1,0,1,0,0,0,0,0,0,132,65,67
ZAVALA COUNTY,507,40 Years,126,58,68,7,3,4,1,0,1,0,0,0,0,0,0,118,55,63
ZAVALA COUNTY,507,41 Years,115,57,58,4,2,2,1,1,0,0,0,0,0,0,0,110,54,56
ZAVALA COUNTY,507,42 Years,114,57,57,7,5,2,0,0,0,0,0,0,0,0,0,107,52,55
ZAVALA COUNTY,507,43 Years,133,61,72,5,3,2,0,0,0,0,0,0,0,0,0,128,58,70
ZAVALA COUNTY,507,44 Years,142,75,67,5,3,2,0,0,0,0,0,0,0,0,0,137,72,65
ZAVALA COUNTY,507,45 Years,119,64,55,5,2,3,0,0,0,0,0,0,0,0,0,114,62,52
ZAVALA COUNTY,507,46 Years,148,71,77,7,4,3,0,0,0,0,0,0,0,0,0,141,67,74
ZAVALA COUNTY,507,47 Years,130,68,62,7,3,4,0,0,0,0,0,0,0,0,0,123,65,58
ZAVALA COUNTY,507,48 Years,121,53,68,6,2,4,0,0,0,0,0,0,0,0,0,115,51,64
ZAVALA COUNTY,507,49 Years,121,61,60,9,4,5,0,0,0,0,0,0,1,0,1,111,57,54
ZAVALA COUNTY,507,50 Years,118,59,59,8,3,5,1,1,0,0,0,0,0,0,0,109,55,54
ZAVALA COUNTY,507,51 Years,121,53,68,6,4,2,1,1,0,0,0,0,0,0,0,114,48,66
ZAVALA COUNTY,507,52 Years,129,66,63,7,5,2,0,0,0,0,0,0,1,1,0,121,60,61
ZAVALA COUNTY,507,53 Years,122,60,62,5,2,3,1,0,1,0,0,0,1,0,1,115,58,57
ZAVALA COUNTY,507,54 Years,110,52,58,8,5,3,0,0,0,0,0,0,0,0,0,102,47,55
ZAVALA COUNTY,507,55 Years,109,49,60,3,2,1,0,0,0,0,0,0,1,1,0,105,46,59
ZAVALA COUNTY,507,56 Years,106,55,51,5,2,3,1,1,0,0,0,0,2,1,1,98,51,47
ZAVALA COUNTY,507,57 Years,109,59,50,12,7,5,1,1,0,0,0,0,1,1,0,95,50,45
ZAVALA COUNTY,507,58 Years,118,60,58,7,3,4,0,0,0,1,0,1,0,0,0,110,57,53
ZAVALA COUNTY,507,59 Years,125,65,60,10,6,4,0,0,0,1,0,1,0,0,0,114,59,55
ZAVALA COUNTY,507,60 Years,111,50,61,5,1,4,0,0,0,0,0,0,0,0,0,106,49,57
ZAVALA COUNTY,507,61 Years,98,47,51,7,2,5,0,0,0,0,0,0,0,0,0,91,45,46
ZAVALA COUNTY,507,62 Years,112,58,54,8,5,3,0,0,0,0,0,0,0,0,0,104,53,51
ZAVALA COUNTY,507,63 Years,109,55,54,9,6,3,0,0,0,0,0,0,0,0,0,100,49,51
ZAVALA COUNTY,507,64 Years,110,54,56,6,3,3,0,0,0,0,0,0,1,0,1,103,51,52
ZAVALA COUNTY,507,65 Years,103,53,50,5,3,2,1,1,0,0,0,0,1,1,0,96,48,48
ZAVALA COUNTY,507,66 Years,109,51,58,8,3,5,0,0,0,0,0,0,0,0,0,101,48,53
ZAVALA COUNTY,507,67 Years,104,52,52,15,7,8,0,0,0,0,0,0,0,0,0,89,45,44
ZAVALA COUNTY,507,68 Years,104,49,55,14,8,6,0,0,0,0,0,0,1,1,0,89,40,49
ZAVALA COUNTY,507,69 Years,106,45,61,12,6,6,1,0,1,0,0,0,0,0,0,93,39,54
ZAVALA COUNTY,507,70 Years,102,38,64,11,5,6,0,0,0,0,0,0,0,0,0,91,33,58
ZAVALA COUNTY,507,71 Years,96,42,54,10,5,5,0,0,0,0,0,0,0,0,0,86,37,49
ZAVALA COUNTY,507,72 Years,80,35,45,11,7,4,0,0,0,0,0,0,0,0,0,69,28,41
ZAVALA COUNTY,507,73 Years,79,32,47,8,5,3,0,0,0,0,0,0,0,0,0,71,27,44
ZAVALA COUNTY,507,74 Years,65,30,35,10,5,5,0,0,0,0,0,0,0,0,0,55,25,30
ZAVALA COUNTY,507,75 Years,76,30,46,10,6,4,0,0,0,0,0,0,1,0,1,65,24,41
ZAVALA COUNTY,507,76 Years,74,33,41,8,4,4,0,0,0,0,0,0,1,1,0,65,28,37
ZAVALA COUNTY,507,77 Years,53,19,34,8,4,4,0,0,0,0,0,0,0,0,0,45,15,30
ZAVALA COUNTY,507,78 Years,49,21,28,6,2,4,0,0,0,0,0,0,0,0,0,43,19,24
ZAVALA COUNTY,507,79 Years,49,25,24,5,3,2,1,0,1,0,0,0,0,0,0,43,22,21
ZAVALA COUNTY,507,80 Years,46,23,23,2,2,0,0,0,0,0,0,0,0,0,0,44,21,23
ZAVALA COUNTY,507,81 Years,39,15,24,5,4,1,0,0,0,0,0,0,0,0,0,34,11,23
ZAVALA COUNTY,507,82 Years,45,18,27,11,3,8,0,0,0,0,0,0,0,0,0,34,15,19
ZAVALA COUNTY,507,83 Years,39,17,22,7,3,4,0,0,0,0,0,0,0,0,0,32,14,18
ZAVALA COUNTY,507,84 Years,31,13,18,3,2,1,0,0,0,0,0,0,1,1,0,27,10,17
ZAVALA COUNTY,507,85 Years,31,15,16,5,3,2,0,0,0,0,0,0,0,0,0,26,12,14
ZAVALA COUNTY,507,86 Years,25,9,16,4,1,3,0,0,0,0,0,0,0,0,0,21,8,13
ZAVALA COUNTY,507,87 Years,23,9,14,4,3,1,0,0,0,0,0,0,0,0,0,19,6,13
ZAVALA COUNTY,507,88 Years,25,8,17,5,3,2,0,0,0,0,0,0,0,0,0,20,5,15
ZAVALA COUNTY,507,89 Years,25,10,15,7,3,4,0,0,0,0,0,0,0,0,0,18,7,11
ZAVALA COUNTY,507,90 Years,20,9,11,5,1,4,0,0,0,0,0,0,0,0,0,15,8,7
ZAVALA COUNTY,507,91 Years,17,8,9,4,2,2,0,0,0,0,0,0,0,0,0,13,6,7
ZAVALA COUNTY,507,92 Years,15,7,8,6,3,3,0,0,0,0,0,0,0,0,0,9,4,5
ZAVALA COUNTY,507,93 Years,10,6,4,2,1,1,0,0,0,0,0,0,0,0,0,8,5,3
ZAVALA COUNTY,507,94 Years,8,5,3,3,2,1,0,0,0,0,0,0,0,0,0,5,3,2
ZAVALA COUNTY,507,95 Years +,27,9,18,8,2,6,1,1,0,0,0,0,1,0,1,17,6,11
